0.004184 0.004184 0.991632 
0.002865 0.014327 0.982808 
0.006834 0.006834 0.986333 
0.004847 0.001616 0.993538 
0.003021 0.000432 0.996547 
0.001540 0.000220 0.998240 
0.000921 0.000184 0.998895 
0.001378 0.000153 0.998469 
0.000151 0.000454 0.999394 
0.000445 0.000148 0.999406 
0.000108 0.000108 0.999784 
0.000106 0.001805 0.998089 
0.001761 0.000104 0.998136 
0.029220 0.000641 0.970138 
0.219256 0.000067 0.780678 
0.390092 0.000054 0.609854 
0.398550 0.000054 0.601397 
0.403917 0.000053 0.596030 
0.410603 0.000157 0.589240 
0.546241 0.000040 0.453719 
0.573580 0.000039 0.426381 
0.574531 0.000114 0.425355 
0.641084 0.000033 0.358883 
0.647396 0.000033 0.352572 
0.660218 0.000401 0.339381 
0.673924 0.000030 0.326046 
0.706934 0.000185 0.292881 
0.707498 0.000026 0.292476 
0.714518 0.000025 0.285456 
0.711240 0.000127 0.288633 
0.725178 0.000025 0.274797 
0.695171 0.031498 0.273331 
0.677199 0.064032 0.258769 
0.684783 0.062516 0.252702 
0.680572 0.060870 0.258558 
0.665242 0.078143 0.256615 
0.667447 0.089581 0.242972 
0.661255 0.091787 0.246958 
0.630501 0.127504 0.241996 
0.584380 0.184319 0.231300 
0.583618 0.190067 0.226315 
0.581613 0.193169 0.225219 
0.575180 0.207879 0.216942 
0.541000 0.251195 0.207806 
0.540284 0.252380 0.207336 
0.522974 0.269882 0.207145 
0.503840 0.301055 0.195105 
0.493097 0.318331 0.188572 
