0.000707 0.000707 0.532155 0.000707 0.000707 0.000707 0.003534 0.000707 0.000707 0.454417 0.002120 0.000707 0.000707 0.000707 0.000707 
0.001137 0.000379 0.511936 0.001895 0.001895 0.000379 0.000379 0.002653 0.000379 0.475559 0.000379 0.000379 0.000379 0.000379 0.001895 
0.000211 0.000211 0.444281 0.074363 0.000211 0.000211 0.001475 0.000211 0.015378 0.398357 0.000211 0.001475 0.000211 0.062987 0.000211 
0.000149 0.000744 0.399137 0.089474 0.000149 0.000149 0.003424 0.000447 0.069227 0.319339 0.000149 0.000149 0.001340 0.113592 0.002531 
0.002532 0.001211 0.300672 0.126280 0.015744 0.000550 0.056259 0.006055 0.131344 0.210833 0.000110 0.000110 0.000771 0.142574 0.004954 
0.000256 0.000937 0.232984 0.134168 0.064145 0.009796 0.080331 0.055115 0.135020 0.165687 0.000085 0.000085 0.000426 0.120879 0.000085 
0.001810 0.006735 0.174017 0.131002 0.082338 0.020784 0.115504 0.093635 0.113766 0.147657 0.000072 0.000072 0.000362 0.100007 0.012238 
0.015381 0.018021 0.162981 0.110040 0.088257 0.048254 0.103835 0.081392 0.098554 0.125883 0.001914 0.000330 0.000990 0.089709 0.054459 
0.040054 0.024351 0.139054 0.110961 0.077102 0.059805 0.090597 0.083482 0.086303 0.110225 0.013065 0.000920 0.017481 0.076734 0.069864 
0.067821 0.049665 0.107405 0.089038 0.060115 0.053993 0.072043 0.070565 0.069721 0.085449 0.043648 0.055259 0.049770 0.071621 0.053887 
0.061004 0.067100 0.098776 0.076992 0.055808 0.060305 0.077692 0.061004 0.062503 0.080490 0.054109 0.070297 0.052311 0.060605 0.061004 
0.064901 0.064801 0.096977 0.083288 0.060904 0.057707 0.072695 0.058506 0.051911 0.089883 0.049513 0.066900 0.055608 0.065601 0.060804 
0.068299 0.059705 0.088284 0.068898 0.051511 0.057907 0.068299 0.066900 0.065601 0.086885 0.056508 0.070997 0.065501 0.065901 0.058806 
0.065001 0.068299 0.091781 0.068199 0.055508 0.052311 0.074894 0.060205 0.068299 0.091981 0.052311 0.066500 0.053610 0.069998 0.061104 
0.066800 0.059405 0.087684 0.079191 0.055608 0.060005 0.071596 0.073395 0.066000 0.087384 0.053410 0.066900 0.053510 0.060105 0.059006 
0.066400 0.059006 0.095378 0.081589 0.060605 0.050812 0.066400 0.055109 0.063702 0.085986 0.058706 0.068599 0.057307 0.072795 0.057607 
0.059306 0.058406 0.096977 0.080689 0.060205 0.055408 0.067100 0.066000 0.063303 0.074494 0.056907 0.081989 0.052810 0.065301 0.061104 
0.054009 0.061404 0.092381 0.073295 0.061404 0.058806 0.073095 0.062403 0.062003 0.089583 0.055608 0.067499 0.059505 0.065801 0.063203 
0.065301 0.065801 0.093680 0.070497 0.051711 0.054109 0.073795 0.072895 0.065201 0.085686 0.053210 0.065401 0.056608 0.067799 0.058306 
0.063402 0.064901 0.103273 0.076593 0.049613 0.057007 0.067599 0.061304 0.054209 0.090682 0.060505 0.077692 0.050612 0.066500 0.056108 
0.060405 0.063702 0.091381 0.073895 0.051411 0.062803 0.068998 0.062503 0.064202 0.083487 0.060205 0.068898 0.054009 0.069298 0.064801 
0.067799 0.062403 0.093380 0.073495 0.049313 0.060205 0.066100 0.065101 0.061604 0.081389 0.057907 0.066500 0.057907 0.074194 0.062703 
0.063203 0.064002 0.102873 0.075393 0.061104 0.059405 0.069998 0.056608 0.059805 0.076493 0.054509 0.074994 0.057007 0.067699 0.056907 
0.060305 0.061504 0.097377 0.085986 0.050612 0.059705 0.068099 0.058406 0.057107 0.088783 0.055309 0.068798 0.058206 0.065101 0.064701 
0.061004 0.072895 0.097277 0.081589 0.055209 0.058206 0.066200 0.055109 0.065501 0.082588 0.047115 0.071796 0.053410 0.073495 0.058606 
0.056208 0.053710 0.095478 0.075793 0.059905 0.054209 0.059805 0.068099 0.067599 0.087884 0.061104 0.076293 0.055508 0.064402 0.064002 
0.063402 0.062203 0.090382 0.082388 0.055908 0.057807 0.070997 0.075993 0.054209 0.085786 0.051911 0.068499 0.049413 0.070797 0.060305 
0.067899 0.061204 0.099675 0.067599 0.050612 0.055908 0.072596 0.066400 0.052611 0.093080 0.059705 0.073295 0.055309 0.069698 0.054409 
0.062003 0.062103 0.095378 0.076892 0.051911 0.049013 0.072695 0.070897 0.060005 0.077692 0.054909 0.072196 0.056408 0.074094 0.063802 
0.047814 0.068898 0.090882 0.069098 0.056208 0.056508 0.067499 0.072995 0.063402 0.095778 0.054109 0.077692 0.056108 0.067599 0.055408 
0.057607 0.066000 0.097177 0.069098 0.057307 0.059306 0.068698 0.067899 0.059206 0.084187 0.052810 0.075493 0.056108 0.069098 0.060005 
0.057507 0.068599 0.089783 0.078491 0.052810 0.063203 0.064901 0.070097 0.059006 0.082188 0.050112 0.072396 0.062103 0.067000 0.061804 
0.062003 0.063502 0.094379 0.073895 0.056807 0.063003 0.064901 0.066700 0.059206 0.087684 0.059206 0.071496 0.048713 0.063103 0.065401 
0.059505 0.054109 0.095478 0.068698 0.056508 0.058606 0.070397 0.066300 0.063802 0.087984 0.054909 0.076792 0.053210 0.068399 0.065301 
0.064602 0.061804 0.096278 0.071996 0.061304 0.063003 0.071297 0.060405 0.061804 0.086685 0.054109 0.066500 0.053010 0.063502 0.063702 
0.064602 0.057207 0.094879 0.076293 0.062003 0.058206 0.063902 0.063602 0.063702 0.087884 0.057007 0.078791 0.054909 0.063402 0.053610 
0.064102 0.056608 0.085486 0.075593 0.057807 0.060704 0.067999 0.059505 0.060904 0.091981 0.056208 0.071197 0.051711 0.072995 0.067200 
0.055408 0.062303 0.095678 0.073495 0.062903 0.058606 0.069498 0.066400 0.056807 0.086185 0.054509 0.075094 0.055009 0.063802 0.064302 
0.065201 0.056408 0.096378 0.071596 0.056707 0.058606 0.058706 0.064801 0.057207 0.094379 0.056807 0.072795 0.056208 0.074094 0.060105 
0.069298 0.060804 0.095179 0.081189 0.059505 0.058606 0.074494 0.068599 0.057407 0.082388 0.053010 0.068499 0.055408 0.063602 0.052011 
0.071696 0.065701 0.086185 0.074794 0.053310 0.059805 0.060205 0.059605 0.065101 0.083687 0.051112 0.077192 0.057007 0.071696 0.062903 
0.064202 0.057607 0.089583 0.074394 0.061004 0.063602 0.073695 0.059206 0.062103 0.091681 0.052710 0.067499 0.055908 0.068299 0.058506 
0.062403 0.063203 0.093480 0.081589 0.055009 0.056208 0.068599 0.067599 0.053410 0.081689 0.056807 0.073395 0.056408 0.070697 0.059505 
0.067399 0.063502 0.093980 0.078491 0.050312 0.053610 0.069998 0.064402 0.067799 0.082988 0.047514 0.075793 0.055109 0.067799 0.061304 
0.060605 0.060005 0.088484 0.077392 0.058906 0.052411 0.069998 0.069798 0.062103 0.089883 0.049513 0.073395 0.056707 0.064602 0.066200 
0.057207 0.064901 0.090682 0.071996 0.057007 0.054209 0.073095 0.069598 0.059306 0.079690 0.061004 0.065801 0.060105 0.066700 0.068698 
0.065801 0.062203 0.091082 0.077192 0.059106 0.061104 0.072496 0.058206 0.053610 0.080490 0.057607 0.073295 0.058406 0.066500 0.062903 
0.061004 0.061904 0.089583 0.082788 0.054509 0.056707 0.069098 0.060804 0.063902 0.083088 0.056308 0.071796 0.064002 0.065301 0.059206 
0.067399 0.063902 0.096078 0.074294 0.059405 0.054409 0.062803 0.060804 0.063303 0.085186 0.057307 0.070297 0.050512 0.076393 0.057907 
0.058406 0.065801 0.095279 0.080490 0.055408 0.064602 0.072795 0.063402 0.056707 0.086785 0.047814 0.069598 0.057007 0.064202 0.061704 
0.059705 0.056008 0.104871 0.067000 0.060005 0.064302 0.062603 0.064402 0.055408 0.083887 0.058506 0.071396 0.061804 0.067200 0.062903 
0.059405 0.054909 0.101574 0.076493 0.054109 0.063502 0.065601 0.069998 0.062303 0.085186 0.058006 0.069698 0.053710 0.067499 0.058006 
0.053910 0.067300 0.092880 0.074494 0.063802 0.052411 0.068199 0.070897 0.059605 0.084886 0.053110 0.070397 0.055009 0.072695 0.060405 
0.055109 0.064402 0.097677 0.073995 0.060105 0.049913 0.078091 0.063103 0.058706 0.089283 0.060405 0.072096 0.054709 0.068499 0.053910 
0.065801 0.069198 0.095478 0.077092 0.052011 0.049113 0.076792 0.065001 0.054709 0.081389 0.053810 0.065101 0.059106 0.068798 0.066600 
0.069798 0.057707 0.103772 0.075493 0.062303 0.050812 0.075793 0.062803 0.060205 0.083787 0.053910 0.066900 0.054109 0.066700 0.055908 
0.059805 0.061004 0.087384 0.077292 0.055908 0.050512 0.076992 0.057007 0.058206 0.088783 0.059106 0.067999 0.064901 0.073095 0.062003 
0.065601 0.063402 0.086885 0.076593 0.060605 0.052011 0.066500 0.068798 0.056508 0.090982 0.049013 0.073695 0.057907 0.070797 0.060704 
0.057107 0.059505 0.093780 0.071696 0.060305 0.058306 0.076093 0.059805 0.060904 0.086885 0.055908 0.069898 0.049213 0.079291 0.061304 
0.058406 0.058206 0.090382 0.080190 0.060005 0.055508 0.066500 0.065501 0.056008 0.092181 0.054109 0.072596 0.053510 0.071796 0.065101 
0.061004 0.066800 0.098776 0.078691 0.065701 0.055808 0.077092 0.059405 0.059006 0.078891 0.051012 0.068499 0.054609 0.070397 0.054309 
0.055908 0.067399 0.084686 0.077192 0.044517 0.052710 0.071896 0.065901 0.067499 0.095778 0.055908 0.074194 0.062203 0.065101 0.059106 
0.063103 0.056907 0.098276 0.082688 0.055708 0.054909 0.070497 0.063902 0.058506 0.088883 0.052611 0.071796 0.057907 0.067300 0.057007 
0.053810 0.061804 0.100674 0.076093 0.055109 0.062103 0.080190 0.059705 0.067499 0.084587 0.048713 0.071496 0.054909 0.065401 0.057907 
0.064801 0.064102 0.094179 0.076792 0.052011 0.065301 0.072196 0.055309 0.061404 0.084686 0.057507 0.067399 0.056108 0.065201 0.063003 
0.064402 0.060405 0.098876 0.074794 0.060804 0.056008 0.077192 0.052111 0.067699 0.082588 0.046015 0.071197 0.059006 0.068599 0.060305 
0.059306 0.061104 0.090282 0.078691 0.060704 0.062703 0.058906 0.060605 0.058706 0.093780 0.052611 0.071996 0.062003 0.072096 0.056508 
0.057807 0.062403 0.094879 0.084886 0.059505 0.048913 0.066200 0.062503 0.057607 0.088084 0.054809 0.072496 0.054009 0.075793 0.060105 
0.063003 0.060904 0.097477 0.066100 0.060605 0.061704 0.067599 0.071896 0.060904 0.089683 0.049513 0.066900 0.049813 0.068998 0.064901 
0.063402 0.064402 0.090582 0.083088 0.060405 0.061604 0.070097 0.055109 0.058506 0.087185 0.058506 0.068599 0.053510 0.070997 0.054009 
0.063203 0.060005 0.094579 0.083587 0.049913 0.048614 0.066100 0.067999 0.055408 0.090482 0.050612 0.077592 0.062603 0.066300 0.063003 
0.067799 0.061404 0.091781 0.081089 0.056707 0.061804 0.069698 0.064202 0.064302 0.085786 0.048414 0.071396 0.049813 0.064202 0.061604 
0.052111 0.061504 0.089083 0.076992 0.056408 0.060205 0.069098 0.067699 0.063602 0.092980 0.048214 0.082588 0.055608 0.067599 0.056308 
0.057507 0.063203 0.096478 0.066100 0.055408 0.066700 0.069298 0.058206 0.060904 0.083987 0.056907 0.072695 0.053010 0.072695 0.066900 
0.066100 0.052710 0.093180 0.074694 0.049413 0.062303 0.073095 0.066600 0.060305 0.087085 0.059106 0.068399 0.055508 0.068399 0.063103 
0.066300 0.061604 0.088783 0.074994 0.057407 0.059505 0.063502 0.066500 0.052910 0.087285 0.052211 0.074294 0.052511 0.068499 0.073695 
0.061204 0.057607 0.102073 0.073195 0.052311 0.052710 0.069998 0.067100 0.067399 0.087784 0.050612 0.068599 0.053610 0.067599 0.068199 
0.068199 0.064602 0.092081 0.074794 0.051212 0.053710 0.070697 0.062503 0.058306 0.086185 0.057807 0.072196 0.056308 0.063003 0.068399 
0.067699 0.063802 0.097077 0.074094 0.054609 0.067699 0.064502 0.064002 0.061904 0.090482 0.052910 0.067399 0.051511 0.063402 0.058906 
0.056308 0.061504 0.102073 0.069298 0.052011 0.064002 0.064901 0.066000 0.061904 0.088484 0.047714 0.073895 0.056608 0.072795 0.062503 
0.061704 0.068199 0.095578 0.089683 0.050812 0.045516 0.061504 0.066400 0.060804 0.089583 0.058106 0.075793 0.055508 0.060704 0.060105 
0.054209 0.058206 0.099875 0.074894 0.052111 0.060005 0.076093 0.061404 0.064202 0.079990 0.060105 0.075294 0.047315 0.071996 0.064302 
0.057107 0.065301 0.090682 0.074694 0.059705 0.052411 0.072496 0.061204 0.062703 0.082788 0.061904 0.071896 0.052111 0.075194 0.059805 
0.065301 0.059306 0.091781 0.069698 0.054709 0.056008 0.075094 0.064402 0.058506 0.090782 0.052611 0.072396 0.054209 0.071796 0.063402 
0.063802 0.065101 0.093180 0.075493 0.055708 0.063802 0.075094 0.059405 0.051112 0.084387 0.056608 0.070497 0.060005 0.064502 0.061304 
0.066000 0.062003 0.094179 0.069598 0.056707 0.054709 0.070197 0.068199 0.059006 0.086185 0.057807 0.072596 0.054809 0.069098 0.058906 
0.065501 0.057107 0.094579 0.078491 0.061504 0.054609 0.070597 0.073195 0.059206 0.081689 0.058706 0.069198 0.049813 0.067499 0.058306 
0.059605 0.063502 0.096078 0.070897 0.059505 0.059805 0.070097 0.063003 0.064701 0.086585 0.054209 0.067300 0.054909 0.068599 0.061204 
0.063003 0.059805 0.094079 0.077292 0.058506 0.058606 0.063003 0.063902 0.057607 0.083188 0.062603 0.068698 0.053610 0.068698 0.067399 
0.062503 0.062803 0.093880 0.078691 0.052111 0.060105 0.066000 0.067699 0.074094 0.082388 0.049613 0.064402 0.057107 0.065401 0.063203 
0.064002 0.068299 0.093080 0.070097 0.051811 0.061804 0.070497 0.061804 0.061904 0.091182 0.052411 0.076093 0.053010 0.070397 0.053610 
0.062603 0.060205 0.092081 0.071197 0.060804 0.060305 0.074594 0.064602 0.058206 0.083987 0.063103 0.063602 0.057307 0.062903 0.064502 
0.055708 0.058306 0.092680 0.076892 0.057607 0.055908 0.073495 0.072096 0.064602 0.087884 0.057507 0.065601 0.054809 0.067799 0.059106 
0.060405 0.067200 0.094279 0.087584 0.057507 0.053310 0.067699 0.062303 0.055309 0.081989 0.057607 0.074494 0.055708 0.068599 0.056008 
0.060405 0.062203 0.094179 0.072096 0.053310 0.056108 0.074594 0.069098 0.075693 0.085586 0.052211 0.070997 0.048114 0.064202 0.061204 
0.061404 0.061004 0.094779 0.073395 0.054809 0.058306 0.075294 0.073895 0.058906 0.085986 0.055908 0.074794 0.048514 0.069398 0.053610 
0.058006 0.063003 0.088683 0.081289 0.053210 0.058306 0.076892 0.061504 0.058806 0.087584 0.055808 0.072096 0.054509 0.067300 0.063003 
0.060605 0.073595 0.091981 0.070197 0.053910 0.067499 0.069998 0.059006 0.058806 0.084786 0.045916 0.075693 0.049913 0.076493 0.061604 
0.056508 0.063402 0.090482 0.081789 0.058606 0.062903 0.069198 0.063203 0.058706 0.089083 0.050812 0.070697 0.056108 0.070297 0.058206 
0.065001 0.061604 0.098376 0.077192 0.056807 0.055009 0.068998 0.056308 0.060505 0.083587 0.057707 0.069498 0.056508 0.067599 0.065301 
0.059106 0.059905 0.096378 0.073395 0.068099 0.055209 0.065201 0.060205 0.062903 0.080090 0.059106 0.071396 0.059306 0.069998 0.059705 
0.066600 0.068499 0.097977 0.079590 0.055908 0.054109 0.069198 0.066500 0.063303 0.082388 0.047414 0.069398 0.054509 0.065401 0.059206 
0.058906 0.070197 0.091082 0.071596 0.054809 0.054109 0.073595 0.069198 0.058106 0.092181 0.056807 0.073495 0.047514 0.067799 0.060605 
0.058006 0.066300 0.094779 0.069898 0.059605 0.057807 0.075094 0.065401 0.061004 0.088584 0.055009 0.078091 0.050012 0.070897 0.049513 
0.064402 0.076293 0.095478 0.075593 0.051711 0.055708 0.069398 0.066100 0.059405 0.084886 0.051811 0.070897 0.057207 0.069498 0.051611 
0.064002 0.059106 0.098876 0.075294 0.051511 0.060605 0.068998 0.070197 0.059605 0.096578 0.055408 0.069598 0.051112 0.061404 0.057707 
0.057907 0.064502 0.088883 0.079191 0.057007 0.059405 0.071197 0.059605 0.056508 0.085386 0.062603 0.064901 0.051312 0.074994 0.066600 
0.062203 0.052611 0.094579 0.079590 0.053910 0.058806 0.072396 0.070697 0.065201 0.084786 0.050712 0.073995 0.054609 0.065401 0.060505 
0.059605 0.069498 0.095179 0.072596 0.061304 0.059206 0.073595 0.063502 0.056907 0.094379 0.051112 0.065601 0.051112 0.065501 0.060904 
0.073095 0.061704 0.095179 0.065301 0.053710 0.061404 0.070997 0.052011 0.059006 0.085486 0.055708 0.075194 0.058106 0.070297 0.062803 
0.062503 0.056608 0.098076 0.075294 0.058606 0.061804 0.067899 0.059505 0.054009 0.090582 0.061804 0.071896 0.056508 0.065501 0.059405 
0.064701 0.060105 0.089783 0.071996 0.062103 0.052111 0.072695 0.066500 0.056907 0.085186 0.056008 0.078391 0.052411 0.067599 0.063502 
0.064102 0.056308 0.090282 0.083687 0.056707 0.055009 0.072795 0.063003 0.065501 0.088683 0.051212 0.073395 0.058006 0.069098 0.052211 
0.065001 0.060005 0.102073 0.073495 0.055109 0.056907 0.068099 0.063702 0.064102 0.089483 0.056608 0.064302 0.055908 0.063902 0.061304 
0.074894 0.069198 0.097077 0.072995 0.056907 0.056208 0.075094 0.068299 0.054409 0.089783 0.048514 0.072396 0.051911 0.062103 0.050212 
0.068199 0.062503 0.095478 0.076692 0.051711 0.054409 0.063502 0.063902 0.060205 0.091282 0.052810 0.076692 0.056008 0.068998 0.057607 
0.068998 0.056208 0.101974 0.074194 0.054309 0.052910 0.060904 0.063702 0.061404 0.090082 0.055009 0.070397 0.055309 0.065301 0.069298 
0.058206 0.066300 0.091381 0.072596 0.061004 0.056508 0.066900 0.064302 0.058606 0.090982 0.051511 0.074894 0.063502 0.065301 0.058006 
0.054509 0.069498 0.089383 0.079490 0.064602 0.056108 0.063003 0.064801 0.061904 0.085086 0.057007 0.076193 0.055408 0.070697 0.052311 
0.061204 0.061404 0.098676 0.082288 0.059206 0.059405 0.081689 0.060505 0.054609 0.082688 0.048913 0.070697 0.049613 0.071297 0.057807 
0.059805 0.063802 0.095578 0.069798 0.056608 0.057007 0.065201 0.059905 0.063103 0.091282 0.058206 0.072296 0.056108 0.072296 0.059006 
0.067000 0.059905 0.093080 0.082088 0.059405 0.059505 0.067000 0.057807 0.061504 0.084287 0.046715 0.075793 0.053410 0.067799 0.064701 
0.068399 0.063802 0.096078 0.071197 0.049213 0.070897 0.068199 0.059106 0.061204 0.087984 0.052411 0.074594 0.050412 0.067399 0.059106 
0.056408 0.065601 0.096178 0.081389 0.059805 0.052710 0.070197 0.060105 0.058906 0.089083 0.051911 0.077392 0.058406 0.066300 0.055608 
0.055908 0.066100 0.091082 0.077192 0.055908 0.062803 0.069298 0.065201 0.053910 0.092680 0.055408 0.071097 0.054209 0.069798 0.059405 
0.059705 0.062803 0.096178 0.082788 0.061804 0.059605 0.068599 0.054409 0.058906 0.087684 0.055209 0.070197 0.053410 0.064701 0.064002 
0.064901 0.069898 0.096578 0.079590 0.047414 0.060704 0.064002 0.063902 0.056008 0.089783 0.048813 0.077492 0.053910 0.074994 0.052011 
0.061404 0.055908 0.102173 0.078091 0.054709 0.064701 0.070897 0.068599 0.064502 0.082788 0.048913 0.076593 0.048514 0.061704 0.060505 
0.067499 0.059106 0.099076 0.080490 0.057307 0.062003 0.066900 0.055009 0.056707 0.090882 0.054609 0.069898 0.055508 0.068299 0.056707 
0.063402 0.057107 0.100475 0.079590 0.061404 0.052810 0.071796 0.056208 0.061104 0.094079 0.059006 0.068698 0.044916 0.068299 0.061104 
0.060904 0.064901 0.101774 0.074794 0.060205 0.057107 0.068898 0.062403 0.063402 0.090282 0.050412 0.072496 0.051112 0.063702 0.057607 
0.055608 0.064801 0.085786 0.080190 0.051611 0.056108 0.069098 0.071496 0.062903 0.089083 0.051811 0.074794 0.052810 0.071596 0.062303 
0.061504 0.062503 0.086485 0.075993 0.054609 0.056208 0.066000 0.069898 0.064701 0.083088 0.055309 0.073595 0.059605 0.067999 0.062503 
0.058006 0.062703 0.093080 0.077692 0.055508 0.064002 0.070397 0.065701 0.064002 0.082888 0.046115 0.070597 0.052611 0.078991 0.057707 
0.060105 0.059106 0.092880 0.078491 0.059605 0.056807 0.070597 0.067699 0.059705 0.089183 0.054609 0.071796 0.048813 0.071197 0.059405 
0.061204 0.061004 0.093680 0.077492 0.057207 0.054509 0.070497 0.065301 0.061004 0.091381 0.055508 0.071996 0.054209 0.069498 0.055508 
0.058006 0.059605 0.095079 0.079690 0.060205 0.057107 0.069698 0.061504 0.060105 0.087684 0.053510 0.072496 0.057607 0.072995 0.054709 
0.057007 0.065801 0.095778 0.077192 0.054909 0.063802 0.060105 0.067200 0.060305 0.082388 0.059705 0.070197 0.054409 0.065201 0.066000 
0.062803 0.059705 0.089783 0.074894 0.055408 0.055908 0.076792 0.063902 0.067399 0.088484 0.054209 0.068599 0.057007 0.067899 0.057207 
0.067899 0.063203 0.083288 0.077092 0.056308 0.064701 0.067799 0.062403 0.064801 0.087285 0.047414 0.071696 0.051212 0.071197 0.063702 
0.063003 0.068199 0.092780 0.069598 0.056108 0.060605 0.073995 0.060305 0.058506 0.086785 0.056707 0.065901 0.053310 0.074994 0.059206 
0.056008 0.065701 0.090482 0.076493 0.053910 0.062703 0.066200 0.071297 0.064901 0.084786 0.051711 0.071097 0.055109 0.065301 0.064302 
0.066900 0.063003 0.090682 0.073195 0.049713 0.059106 0.061004 0.064602 0.065201 0.081789 0.051012 0.072895 0.065301 0.074894 0.060704 
0.055808 0.064202 0.095878 0.078291 0.058406 0.054609 0.074094 0.065601 0.058106 0.088783 0.056008 0.076593 0.042418 0.068299 0.062903 
0.063502 0.058206 0.097277 0.078491 0.055408 0.058406 0.077392 0.061204 0.061104 0.089083 0.052411 0.073195 0.052211 0.064202 0.057907 
0.055209 0.052910 0.105771 0.082688 0.059505 0.061004 0.073695 0.060704 0.068399 0.081189 0.051312 0.077992 0.047115 0.063702 0.058806 
0.065501 0.063902 0.087684 0.080390 0.054209 0.050312 0.070397 0.062803 0.064002 0.082088 0.057207 0.073495 0.054509 0.076393 0.057107 
0.061104 0.060904 0.096677 0.072196 0.053110 0.061204 0.068399 0.062303 0.066700 0.094879 0.049213 0.073795 0.052611 0.065101 0.061804 
0.065001 0.061004 0.093180 0.080590 0.050412 0.053510 0.058706 0.061404 0.063802 0.087584 0.060704 0.077692 0.056508 0.069498 0.060405 
0.063802 0.061204 0.086885 0.072695 0.061004 0.066200 0.071297 0.062503 0.066000 0.090382 0.047215 0.073495 0.056408 0.061804 0.059106 
0.066500 0.063502 0.097377 0.077492 0.052311 0.059306 0.067999 0.056807 0.061004 0.087684 0.053410 0.075793 0.054909 0.065701 0.060205 
0.065001 0.059106 0.093880 0.075294 0.052810 0.050212 0.066300 0.064602 0.062203 0.086285 0.058506 0.070897 0.062203 0.069398 0.063303 
0.051112 0.066500 0.087185 0.069498 0.056508 0.058806 0.068199 0.061104 0.060804 0.092481 0.052211 0.083587 0.057107 0.071197 0.063702 
0.053610 0.071197 0.096278 0.070697 0.050412 0.059306 0.068599 0.061204 0.066100 0.085486 0.051511 0.076792 0.058806 0.076493 0.053510 
0.060405 0.064002 0.090482 0.077892 0.054309 0.061304 0.072496 0.059206 0.059805 0.082988 0.058506 0.073795 0.054709 0.065101 0.065001 
0.062703 0.064002 0.094779 0.080090 0.050812 0.058406 0.066800 0.067799 0.049413 0.087884 0.048514 0.075893 0.056907 0.075393 0.060605 
0.054909 0.062203 0.090282 0.077592 0.055109 0.056208 0.078491 0.054809 0.063203 0.081789 0.058106 0.071796 0.063502 0.065201 0.066800 
0.066500 0.054409 0.093080 0.072795 0.058906 0.057907 0.071996 0.062903 0.057607 0.082188 0.054609 0.071197 0.056907 0.071596 0.067399 
0.064801 0.057707 0.090782 0.079191 0.065001 0.054709 0.072795 0.061004 0.054709 0.084287 0.052511 0.074394 0.050212 0.073295 0.064602 
0.059905 0.063702 0.095578 0.080290 0.052710 0.054809 0.071796 0.058106 0.063702 0.086785 0.050412 0.070997 0.063203 0.067399 0.060605 
0.061704 0.065901 0.083987 0.071297 0.053810 0.054609 0.075593 0.063502 0.067799 0.080889 0.052111 0.075893 0.056707 0.072496 0.063702 
0.063602 0.064202 0.091282 0.082088 0.051611 0.053910 0.068199 0.058406 0.066000 0.086385 0.054609 0.073695 0.059405 0.066600 0.060005 
0.056707 0.056707 0.095778 0.078091 0.055109 0.055209 0.069198 0.063702 0.060804 0.093180 0.053610 0.076992 0.051212 0.072296 0.061404 
0.064302 0.062603 0.100674 0.070897 0.057707 0.052910 0.064502 0.067999 0.069698 0.083587 0.059405 0.067000 0.061704 0.064302 0.052710 
0.063103 0.061604 0.093480 0.075194 0.051911 0.060605 0.069598 0.064202 0.065201 0.089383 0.057607 0.070197 0.050012 0.065901 0.062003 
0.063402 0.068499 0.096078 0.075593 0.053310 0.058406 0.067699 0.061804 0.048913 0.092780 0.050312 0.074494 0.053610 0.072296 0.062803 
0.064302 0.059505 0.091881 0.081689 0.059605 0.056707 0.070897 0.058006 0.063303 0.084487 0.051911 0.073995 0.053010 0.061404 0.069298 
0.053010 0.061204 0.093180 0.076792 0.056208 0.059905 0.079191 0.060804 0.060605 0.085386 0.055309 0.074494 0.054409 0.066900 0.062603 
0.060005 0.058506 0.094779 0.089283 0.058106 0.059505 0.071696 0.065601 0.056108 0.085386 0.051711 0.070097 0.056408 0.059605 0.063203 
0.059405 0.057807 0.086485 0.071396 0.064602 0.066200 0.065101 0.067100 0.054809 0.090882 0.063502 0.068199 0.057007 0.065901 0.061604 
0.065901 0.058106 0.093380 0.080290 0.059006 0.054709 0.068998 0.058106 0.066400 0.086885 0.054909 0.072695 0.059605 0.064701 0.056308 
0.061904 0.068898 0.097377 0.076493 0.054309 0.058006 0.076692 0.062503 0.065901 0.091981 0.040620 0.072296 0.049613 0.071197 0.052211 
0.071197 0.058806 0.093280 0.081389 0.060405 0.054109 0.069398 0.059705 0.057007 0.084886 0.051911 0.071596 0.053510 0.074794 0.058006 
0.059805 0.051511 0.093780 0.073395 0.063702 0.058206 0.072296 0.066300 0.062403 0.085886 0.056208 0.073695 0.051312 0.070797 0.060704 
0.067300 0.066400 0.098676 0.071696 0.057907 0.050012 0.077792 0.059705 0.065601 0.089283 0.055309 0.065801 0.047914 0.065801 0.060804 
0.057607 0.058406 0.098276 0.074694 0.055109 0.061004 0.063103 0.059505 0.065401 0.095978 0.051511 0.071496 0.063303 0.067499 0.057107 
0.065101 0.065801 0.094679 0.072596 0.053110 0.049313 0.061804 0.065001 0.060505 0.087085 0.061604 0.078391 0.051112 0.075793 0.058106 
0.062203 0.058106 0.097277 0.078691 0.060305 0.056707 0.068898 0.062503 0.062303 0.079990 0.066400 0.075393 0.042818 0.071097 0.057307 
0.059905 0.060005 0.095978 0.078791 0.062103 0.053410 0.073195 0.058006 0.047315 0.093680 0.055309 0.071496 0.052511 0.076093 0.062203 
0.059705 0.064502 0.086985 0.076892 0.054009 0.053710 0.066300 0.065201 0.065501 0.095079 0.060205 0.074594 0.055508 0.058706 0.063103 
0.058006 0.055309 0.095778 0.082488 0.060605 0.058506 0.072995 0.063003 0.060005 0.083587 0.050112 0.074594 0.052910 0.068499 0.063602 
0.065201 0.063303 0.100075 0.075893 0.055309 0.059206 0.069998 0.063402 0.062103 0.083088 0.054009 0.068898 0.062903 0.062403 0.054209 
0.059905 0.065401 0.099276 0.076093 0.058906 0.057407 0.078891 0.065101 0.063502 0.082688 0.051711 0.069198 0.049713 0.065401 0.056807 
0.059306 0.063103 0.086085 0.074494 0.065101 0.054909 0.069298 0.071097 0.060704 0.089583 0.054409 0.069098 0.052810 0.070797 0.059206 
0.056608 0.066700 0.091981 0.073795 0.065401 0.056707 0.059905 0.066500 0.058106 0.089083 0.057807 0.065801 0.052710 0.073595 0.065301 
0.069498 0.062603 0.093080 0.072995 0.049813 0.059006 0.062303 0.070997 0.066500 0.088584 0.053510 0.065401 0.055508 0.073795 0.056408 
0.069698 0.056408 0.089083 0.072695 0.051811 0.057407 0.068798 0.061104 0.062503 0.090582 0.054509 0.072096 0.058006 0.073095 0.062203 
0.062403 0.063502 0.087484 0.084487 0.059006 0.057907 0.067699 0.070197 0.060005 0.085986 0.051711 0.075493 0.050812 0.062003 0.061304 
0.061404 0.057607 0.082988 0.083088 0.059805 0.061504 0.067399 0.071996 0.059905 0.088084 0.054309 0.070797 0.052611 0.067799 0.060704 
0.063902 0.057707 0.087784 0.076093 0.055508 0.059705 0.075593 0.059206 0.054709 0.093380 0.055508 0.066600 0.058606 0.066900 0.068798 
0.061104 0.065001 0.096777 0.072296 0.055408 0.056208 0.069998 0.067100 0.068199 0.086985 0.049613 0.067100 0.052611 0.072096 0.059505 
0.070197 0.059306 0.099475 0.083587 0.057507 0.064202 0.071097 0.061604 0.054609 0.073795 0.058906 0.066400 0.051012 0.067999 0.060305 
0.062203 0.053610 0.085986 0.079091 0.059206 0.058006 0.062203 0.062903 0.065701 0.093580 0.052611 0.074394 0.060305 0.070397 0.059805 
0.067100 0.054309 0.102773 0.071197 0.061404 0.061204 0.066700 0.060804 0.056508 0.087285 0.054009 0.071396 0.057107 0.065101 0.063103 
0.067200 0.064002 0.097477 0.073195 0.055309 0.054109 0.066800 0.058706 0.063902 0.084686 0.055209 0.076093 0.059006 0.071496 0.052810 
0.064202 0.057907 0.091381 0.076992 0.055908 0.059206 0.072596 0.062103 0.059905 0.087285 0.061804 0.060704 0.064801 0.066400 0.058806 
0.059106 0.057907 0.098276 0.075893 0.061804 0.059405 0.067499 0.069198 0.058606 0.085886 0.044816 0.074094 0.056707 0.067999 0.062803 
0.061004 0.069498 0.089383 0.088584 0.059106 0.057007 0.059006 0.065601 0.054209 0.087085 0.052710 0.071896 0.053810 0.066700 0.064402 
0.065001 0.062303 0.097377 0.072096 0.058606 0.052611 0.060804 0.062003 0.059805 0.089283 0.058606 0.079990 0.054109 0.067899 0.059505 
0.062903 0.057807 0.092481 0.076992 0.063702 0.066900 0.075993 0.068798 0.058106 0.081089 0.050212 0.069098 0.049613 0.067300 0.059006 
0.051611 0.063802 0.099975 0.077092 0.053010 0.062003 0.062903 0.068798 0.056308 0.091282 0.051012 0.070297 0.051611 0.070297 0.069998 
0.062603 0.056907 0.095279 0.071896 0.049613 0.061404 0.063303 0.061904 0.062603 0.085286 0.058306 0.072096 0.053510 0.077392 0.067899 
0.064502 0.056608 0.094979 0.085086 0.054809 0.056008 0.068599 0.060704 0.060904 0.090882 0.047814 0.071396 0.052810 0.070397 0.064502 
0.062403 0.061304 0.102273 0.077892 0.058606 0.048414 0.057507 0.063702 0.067100 0.088284 0.058606 0.076593 0.056408 0.064801 0.056108 
0.057807 0.062903 0.097477 0.074794 0.061304 0.050112 0.067799 0.072795 0.061804 0.084587 0.048414 0.075094 0.057207 0.069798 0.058106 
0.060205 0.061104 0.091581 0.076193 0.053410 0.059306 0.063303 0.060005 0.070197 0.090682 0.054309 0.076393 0.055908 0.068798 0.058606 
0.063303 0.066300 0.094579 0.072396 0.054009 0.054909 0.072096 0.057407 0.067899 0.087884 0.053810 0.070597 0.054809 0.073695 0.056308 
0.056807 0.054409 0.096378 0.074294 0.055508 0.064302 0.074394 0.060605 0.060305 0.091082 0.052710 0.067899 0.053510 0.069698 0.068099 
0.061804 0.061204 0.100575 0.082888 0.052211 0.061404 0.074094 0.061704 0.063702 0.080989 0.050012 0.066000 0.057107 0.068599 0.057707 
0.072096 0.065901 0.094779 0.076892 0.053210 0.051611 0.069198 0.060605 0.061004 0.082888 0.056608 0.072096 0.063502 0.064402 0.055209 
0.057307 0.059206 0.095978 0.079291 0.068099 0.062803 0.072296 0.062203 0.054409 0.085186 0.059405 0.075893 0.050312 0.054009 0.063602 
0.061904 0.060005 0.098376 0.066000 0.060205 0.065201 0.074394 0.060804 0.064701 0.084686 0.055009 0.068399 0.056907 0.061404 0.062003 
0.063802 0.063702 0.087784 0.067499 0.061004 0.054409 0.069598 0.064801 0.064701 0.092680 0.051511 0.070397 0.053610 0.072096 0.062403 
0.059106 0.058806 0.087784 0.081189 0.060605 0.058706 0.069298 0.066900 0.061404 0.089383 0.046115 0.066300 0.059206 0.071396 0.063802 
0.060105 0.066300 0.087684 0.078591 0.062003 0.055808 0.071596 0.064002 0.058806 0.089283 0.050812 0.068599 0.059705 0.071596 0.055109 
0.060605 0.065301 0.094879 0.072196 0.058406 0.055508 0.070297 0.061404 0.057507 0.087584 0.053910 0.068499 0.061404 0.074094 0.058406 
0.067499 0.060305 0.098776 0.066600 0.058006 0.061804 0.071496 0.064801 0.064202 0.083387 0.052311 0.071197 0.054209 0.068199 0.057207 
0.060505 0.059006 0.092581 0.076093 0.063602 0.058506 0.078791 0.061404 0.062903 0.081689 0.052011 0.071297 0.052211 0.070497 0.058906 
0.063402 0.054709 0.089483 0.083188 0.054309 0.064801 0.065901 0.068499 0.068599 0.082488 0.046415 0.075393 0.057707 0.064202 0.060904 
0.061004 0.067699 0.103972 0.071896 0.054109 0.057907 0.068099 0.063103 0.062203 0.088084 0.055908 0.071097 0.053610 0.070297 0.051012 
0.060605 0.061304 0.088184 0.071696 0.070397 0.054809 0.067200 0.064202 0.060605 0.090882 0.053310 0.070297 0.057907 0.065701 0.062903 
0.064302 0.059505 0.088883 0.070897 0.054909 0.057307 0.070697 0.066700 0.066300 0.087384 0.053210 0.076293 0.058206 0.064901 0.060505 
0.060904 0.055808 0.092481 0.073395 0.062703 0.056008 0.068798 0.060505 0.059206 0.086585 0.056707 0.070297 0.070597 0.062003 0.064002 
0.061404 0.064901 0.094879 0.075893 0.054009 0.063902 0.066600 0.058606 0.060405 0.088584 0.053810 0.073895 0.052710 0.066900 0.063502 
0.064701 0.063902 0.105471 0.077792 0.061004 0.062103 0.069298 0.057007 0.055508 0.085886 0.048614 0.066100 0.052511 0.074394 0.055708 
0.074294 0.063702 0.095279 0.080689 0.047614 0.052611 0.068499 0.068898 0.057607 0.085186 0.053310 0.073495 0.057507 0.062803 0.058506 
0.064602 0.058706 0.092581 0.073195 0.061304 0.060105 0.069998 0.057607 0.065301 0.084686 0.048913 0.072396 0.056508 0.068898 0.065201 
0.065201 0.058306 0.096178 0.073095 0.055608 0.051212 0.073295 0.064701 0.063103 0.081589 0.057007 0.074894 0.057607 0.067699 0.060505 
0.067899 0.064901 0.106170 0.069998 0.057307 0.052111 0.067799 0.065201 0.060105 0.084786 0.042118 0.076093 0.057707 0.071596 0.056208 
0.061404 0.060605 0.091681 0.078391 0.057807 0.060405 0.066000 0.065101 0.052311 0.088384 0.047315 0.081389 0.057307 0.069398 0.062503 
0.066600 0.068499 0.098776 0.077792 0.066000 0.050212 0.062203 0.067100 0.054909 0.082288 0.053510 0.068998 0.052211 0.071596 0.059306 
0.067799 0.057407 0.087984 0.071496 0.056508 0.058806 0.073495 0.066800 0.057307 0.090982 0.055908 0.074694 0.049313 0.072096 0.059405 
0.055408 0.065301 0.097377 0.076892 0.059206 0.051711 0.074694 0.061904 0.059106 0.083587 0.056807 0.067000 0.057607 0.068599 0.064801 
0.066300 0.055309 0.099675 0.077892 0.055009 0.056807 0.065801 0.062803 0.061504 0.093080 0.049313 0.075693 0.053110 0.069098 0.058606 
0.061504 0.070697 0.094979 0.080390 0.052710 0.055608 0.066200 0.062503 0.059805 0.088284 0.052111 0.073795 0.049313 0.070297 0.061804 
0.057607 0.066400 0.096278 0.073495 0.056008 0.055808 0.066700 0.060305 0.063502 0.089583 0.052710 0.077192 0.056008 0.067399 0.061004 
0.055109 0.059905 0.096977 0.071496 0.054309 0.057407 0.071197 0.066600 0.060205 0.096278 0.058406 0.071496 0.052011 0.071297 0.057307 
0.063003 0.066100 0.091981 0.077292 0.051911 0.056508 0.068998 0.067300 0.061304 0.086685 0.053610 0.068798 0.057007 0.076593 0.052910 
0.061504 0.057907 0.092181 0.072196 0.058806 0.058906 0.068898 0.072895 0.064701 0.088484 0.052011 0.072596 0.052511 0.066100 0.060305 
0.061904 0.061904 0.091481 0.081489 0.053810 0.058106 0.070897 0.061504 0.059505 0.086385 0.055908 0.068399 0.059306 0.066600 0.062803 
0.057107 0.052710 0.095678 0.077492 0.052311 0.056907 0.070097 0.063902 0.057507 0.087684 0.060904 0.071596 0.061604 0.072596 0.061904 
0.054409 0.055808 0.093480 0.079490 0.054809 0.062103 0.070097 0.064502 0.063203 0.091981 0.057807 0.065101 0.056707 0.070097 0.060405 
0.061804 0.054909 0.090582 0.083088 0.050712 0.056308 0.072795 0.064602 0.062603 0.087684 0.051411 0.069798 0.060205 0.069998 0.063502 
0.058906 0.067999 0.097177 0.073095 0.061604 0.049913 0.067799 0.063702 0.063103 0.093380 0.054009 0.067999 0.054609 0.067399 0.059306 
0.065001 0.068798 0.089083 0.073295 0.054709 0.056008 0.063502 0.054609 0.063902 0.092081 0.055109 0.067699 0.054609 0.074394 0.067200 
0.059805 0.065101 0.092581 0.078291 0.050812 0.055808 0.070597 0.065001 0.057907 0.095079 0.056907 0.064302 0.053010 0.071496 0.063303 
0.051511 0.070897 0.096677 0.071596 0.067499 0.059206 0.067899 0.065201 0.055608 0.086385 0.054909 0.071097 0.052910 0.064202 0.064402 
0.063702 0.060205 0.097577 0.076193 0.062503 0.058806 0.065401 0.060405 0.059206 0.082588 0.054809 0.074594 0.052910 0.067399 0.063702 
0.054409 0.066200 0.093380 0.078491 0.056108 0.057107 0.074094 0.066600 0.056707 0.089483 0.054709 0.070697 0.057607 0.067100 0.057307 
0.061804 0.063402 0.093380 0.074594 0.053110 0.059206 0.074094 0.060005 0.067300 0.081889 0.055708 0.068499 0.062603 0.062903 0.061504 
0.059505 0.054409 0.090782 0.077492 0.058506 0.059106 0.072795 0.071197 0.052611 0.094079 0.051511 0.072496 0.061104 0.069598 0.054809 
0.057907 0.055209 0.099975 0.079291 0.061904 0.058906 0.064202 0.065901 0.066500 0.083387 0.059106 0.075693 0.049413 0.067300 0.055309 
0.062503 0.059905 0.092481 0.073595 0.060105 0.055508 0.064002 0.064602 0.062703 0.090882 0.053310 0.078891 0.048514 0.064801 0.068199 
0.052710 0.062503 0.096578 0.073595 0.052910 0.058806 0.063802 0.068399 0.062303 0.085086 0.060205 0.078091 0.051012 0.068499 0.065501 
0.063702 0.060605 0.092581 0.075993 0.058806 0.061404 0.075593 0.053710 0.061304 0.088084 0.051511 0.069198 0.057407 0.064402 0.065701 
0.063402 0.060205 0.092581 0.081589 0.061204 0.057207 0.064602 0.062103 0.065401 0.082388 0.052211 0.070897 0.062503 0.072695 0.051012 
0.058506 0.067200 0.098876 0.072995 0.059605 0.055808 0.067499 0.064901 0.059405 0.081989 0.057307 0.071896 0.062303 0.067000 0.054709 
0.069598 0.064302 0.101674 0.069098 0.052211 0.062803 0.069798 0.065801 0.064302 0.083787 0.054009 0.075294 0.043517 0.067899 0.055908 
0.061404 0.060405 0.089583 0.077992 0.058806 0.063003 0.073695 0.062103 0.063402 0.085986 0.049913 0.065101 0.053310 0.068898 0.066400 
0.066600 0.058506 0.097177 0.079291 0.057407 0.058606 0.065601 0.064701 0.060205 0.079390 0.061604 0.073595 0.051012 0.069398 0.056907 
0.062403 0.056608 0.090582 0.075893 0.053810 0.063702 0.075294 0.062603 0.057407 0.092880 0.054109 0.073895 0.054909 0.062503 0.063402 
0.058306 0.064402 0.090682 0.070397 0.052611 0.060505 0.069298 0.063003 0.064701 0.091881 0.054209 0.073895 0.051511 0.067599 0.067000 
0.069998 0.066300 0.097877 0.072396 0.059206 0.063203 0.070797 0.055408 0.060005 0.085886 0.047514 0.073695 0.049313 0.064602 0.063802 
0.057807 0.065801 0.091082 0.074694 0.064602 0.062203 0.068499 0.063802 0.068399 0.079490 0.052511 0.072196 0.051511 0.071197 0.056208 
0.069298 0.064202 0.089283 0.075493 0.056208 0.061404 0.059106 0.061404 0.059605 0.079690 0.063103 0.069198 0.059206 0.070097 0.062703 
0.061904 0.063103 0.091881 0.078491 0.061604 0.062403 0.058406 0.059006 0.058906 0.095878 0.057107 0.066800 0.058106 0.067000 0.059405 
0.060804 0.061204 0.089083 0.079590 0.046815 0.064502 0.070297 0.064602 0.065601 0.089983 0.054809 0.065501 0.054409 0.074494 0.058306 
0.058606 0.066600 0.086185 0.070097 0.060904 0.064302 0.071696 0.060405 0.057507 0.088683 0.053710 0.070197 0.053210 0.077692 0.060205 
0.063702 0.062503 0.087384 0.086385 0.054709 0.055408 0.071996 0.060405 0.062603 0.087784 0.054609 0.076393 0.054709 0.065901 0.055508 
0.057107 0.063902 0.098576 0.075693 0.053910 0.055708 0.068099 0.066300 0.063203 0.088484 0.057807 0.069198 0.058606 0.063702 0.059705 
0.065001 0.057707 0.105171 0.076093 0.056308 0.053810 0.073095 0.064002 0.057607 0.077792 0.061404 0.067599 0.057307 0.068898 0.058206 
0.060005 0.065901 0.095079 0.062803 0.059006 0.051811 0.075793 0.067000 0.067699 0.085786 0.050512 0.070397 0.057807 0.071197 0.059206 
0.064801 0.063702 0.095179 0.069998 0.059206 0.060005 0.072396 0.057207 0.061004 0.088284 0.057907 0.069398 0.055009 0.067300 0.058606 
0.063303 0.070097 0.097077 0.070397 0.054209 0.057107 0.068798 0.065101 0.062003 0.085186 0.059805 0.069298 0.055408 0.067699 0.054509 
0.061704 0.060804 0.092980 0.079390 0.060904 0.057607 0.067300 0.064701 0.063203 0.085486 0.047315 0.069198 0.057107 0.071796 0.060505 
0.062903 0.070697 0.097877 0.079990 0.052611 0.053510 0.065801 0.066600 0.061804 0.080889 0.047614 0.077392 0.060005 0.064801 0.057507 
0.067399 0.057607 0.097177 0.076493 0.056608 0.056907 0.071297 0.060605 0.056408 0.082988 0.054809 0.079091 0.057607 0.067999 0.057007 
0.062603 0.062703 0.094479 0.079790 0.053510 0.049413 0.070197 0.069998 0.064402 0.091881 0.053610 0.066200 0.057307 0.065501 0.058406 
0.064502 0.067799 0.087884 0.078691 0.066100 0.050712 0.062903 0.066800 0.058106 0.085086 0.057707 0.068998 0.054909 0.067000 0.062803 
0.064102 0.066600 0.092181 0.077592 0.063702 0.060305 0.063902 0.059106 0.069898 0.085786 0.051511 0.071896 0.060505 0.058706 0.054209 
0.063802 0.060605 0.095878 0.076493 0.060205 0.060704 0.069798 0.066400 0.066600 0.078291 0.058106 0.066600 0.052311 0.062003 0.062203 
0.060605 0.069798 0.100874 0.074294 0.049013 0.056408 0.072496 0.063203 0.058306 0.085586 0.058006 0.066500 0.049013 0.067599 0.068299 
0.060704 0.062103 0.097277 0.068099 0.056807 0.056408 0.071896 0.066100 0.058706 0.089283 0.053810 0.072196 0.056308 0.065201 0.065101 
0.064602 0.065401 0.085586 0.069398 0.055209 0.058506 0.067799 0.066400 0.060405 0.095978 0.060405 0.066600 0.061904 0.063303 0.058506 
0.067100 0.061804 0.090382 0.081189 0.049613 0.056707 0.066200 0.069398 0.059505 0.089883 0.047514 0.072695 0.057107 0.063502 0.067399 
