0.0223938 0.000772201 0.0239382 0.000772201 0.0023166 0.394595 0.416216 0.000772201 0.0023166 0.0100386 0.000772201 0.0888031 0.000772201 0.0023166 0.0332046 
0.00775194 0.00775194 0.178295 0.0387597 0.00775194 0.00775194 0.395349 0.162791 0.00775194 0.00775194 0.0232558 0.00775194 0.00775194 0.131783 0.00775194 
0.230151 0.00100503 0.19397 0.276382 0.00100503 0.00100503 0.238191 0.00100503 0.0110553 0.00904523 0.00301508 0.00100503 0.00703518 0.0231156 0.00301508 
0.142857 0.010989 0.252747 0.010989 0.010989 0.010989 0.0769231 0.032967 0.010989 0.010989 0.010989 0.010989 0.032967 0.0549451 0.318681 
0.030303 0.030303 0.030303 0.010101 0.010101 0.010101 0.010101 0.0909091 0.0505051 0.252525 0.151515 0.0707071 0.010101 0.0707071 0.171717 
0.0504748 0.00049975 0.00249875 0.00349825 0.00049975 0.483258 0.406297 0.00849575 0.00049975 0.00349825 0.00049975 0.00149925 0.00049975 0.0374813 0.00049975 
0.20066 0.000549753 0.0456295 0.000549753 0.000549753 0.28862 0.290819 0.0335349 0.00274876 0.00934579 0.00274876 0.00164926 0.000549753 0.121495 0.000549753 
0.057701 0.00590641 0.0631531 0.00136302 0.0113585 0.000454339 0.369378 0.00136302 0.000454339 0.000454339 0.00136302 0.000454339 0.000454339 0.478419 0.00772376 
0.0310559 0.00621118 0.0186335 0.00621118 0.217391 0.15528 0.304348 0.0310559 0.00621118 0.0186335 0.00621118 0.00621118 0.00621118 0.0186335 0.167702 
0.0191083 0.0318471 0.503185 0.0318471 0.0573248 0.00636943 0.00636943 0.00636943 0.00636943 0.0191083 0.0700637 0.0191083 0.00636943 0.00636943 0.210191 
0.318328 0.00107181 0.0825295 0.281886 0.00107181 0.00107181 0.185423 0.00107181 0.00107181 0.00107181 0.00107181 0.0203644 0.00107181 0.0718114 0.0310825 
0.0146628 0.0322581 0.354839 0.120235 0.00879765 0.00879765 0.325513 0.0205279 0.00879765 0.0205279 0.00293255 0.0146628 0.0381232 0.00293255 0.026393 
0.0545455 0.0181818 0.0181818 0.0181818 0.309091 0.0181818 0.0545455 0.0181818 0.0181818 0.0181818 0.0545455 0.0181818 0.0181818 0.0545455 0.309091 
0.190337 0.0687214 0.0578925 0.00124948 0.126197 0.1995 0.329446 0.000416493 0.00458142 0.00124948 0.00124948 0.000416493 0.00124948 0.0170762 0.000416493 
0.185629 0.00598802 0.0179641 0.245509 0.0179641 0.0179641 0.00598802 0.0538922 0.00598802 0.00598802 0.00598802 0.0299401 0.00598802 0.185629 0.209581 
0.226252 0.00172712 0.112263 0.519862 0.00518135 0.00518135 0.0846287 0.0224525 0.00172712 0.00172712 0.00172712 0.00172712 0.00172712 0.0120898 0.00172712 
0.185629 0.0139721 0.165669 0.00199601 0.00199601 0.0219561 0.317365 0.00998004 0.00199601 0.133733 0.00598802 0.101796 0.00598802 0.0219561 0.00998004 
0.163303 0.00917431 0.343119 0.2 0.00183486 0.00183486 0.2 0.00183486 0.00550459 0.00550459 0.00183486 0.00550459 0.00183486 0.012844 0.0458716 
0.00578035 0.630058 0.00578035 0.00578035 0.00578035 0.0635838 0.0751445 0.00578035 0.00578035 0.00578035 0.00578035 0.00578035 0.0289017 0.0520231 0.0982659 
0.032967 0.0549451 0.010989 0.362637 0.0549451 0.010989 0.010989 0.010989 0.010989 0.0549451 0.010989 0.010989 0.010989 0.010989 0.340659 
0.017341 0.017341 0.132948 0.00578035 0.202312 0.0867052 0.0520231 0.00578035 0.0289017 0.236994 0.109827 0.0520231 0.00578035 0.017341 0.0289017 
0.00558659 0.00558659 0.106145 0.00558659 0.195531 0.00558659 0.0837989 0.128492 0.0614525 0.26257 0.0167598 0.0502793 0.0167598 0.00558659 0.0502793 
0.124936 0.000509944 0.125956 0.00662927 0.0423253 0.0300867 0.248343 0.0188679 0.0117287 0.355431 0.00968893 0.000509944 0.00662927 0.017848 0.000509944 
0.0147783 0.00492611 0.00492611 0.00492611 0.00492611 0.00492611 0.29064 0.0147783 0.0147783 0.00492611 0.00492611 0.00492611 0.044335 0.507389 0.0738916 
0.615568 0.00238284 0.0484512 0.00555997 0.000794281 0.00555997 0.212073 0.000794281 0.00238284 0.0468626 0.000794281 0.00555997 0.00397141 0.00873709 0.0405083 
0.171548 0.0376569 0.0209205 0.338912 0.0041841 0.0711297 0.0209205 0.0460251 0.0543933 0.0376569 0.0125523 0.0041841 0.0125523 0.0041841 0.16318 
0.00127389 0.307006 0.00127389 0.00127389 0.0089172 0.00636943 0.500637 0.00127389 0.00382166 0.0853503 0.00127389 0.00127389 0.00636943 0.0675159 0.00636943 
0.0117647 0.0117647 0.0117647 0.270588 0.0117647 0.0117647 0.0117647 0.0117647 0.0117647 0.0352941 0.0352941 0.0117647 0.0117647 0.0588235 0.482353 
0.167446 0.00841908 0.317119 0.0121609 0.000935454 0.000935454 0.161833 0.000935454 0.000935454 0.00654818 0.000935454 0.000935454 0.305893 0.0140318 0.000935454 
0.038961 0.004329 0.0649351 0.52381 0.004329 0.004329 0.004329 0.004329 0.004329 0.004329 0.012987 0.021645 0.004329 0.229437 0.0735931 
0.278446 0.00277521 0.000925069 0.00277521 0.0656799 0.00277521 0.0582794 0.0212766 0.00832562 0.00647549 0.396855 0.00832562 0.00277521 0.139685 0.00462535 
0.0521212 0.00121212 0.539394 0.04 0.00121212 0.00121212 0.352727 0.00121212 0.00363636 0.00121212 0.00121212 0.00121212 0.00121212 0.00121212 0.00121212 
0.026178 0.0366492 0.026178 0.0471204 0.0366492 0.0890052 0.078534 0.0471204 0.0366492 0.0366492 0.0157068 0.026178 0.0052356 0.287958 0.204188 
0.0189983 0.00172712 0.0259067 0.495682 0.00172712 0.00172712 0.0984456 0.015544 0.00172712 0.160622 0.00172712 0.00172712 0.00172712 0.153713 0.0189983 
0.284672 0.00729927 0.0948905 0.00729927 0.0656934 0.182482 0.00729927 0.00729927 0.00729927 0.0510949 0.0218978 0.0218978 0.00729927 0.00729927 0.226277 
0.0355537 0.00776461 0.121373 0.118921 0.0110339 0.00612996 0.458929 0.00204332 0.00286065 0.215366 0.00122599 0.000408664 0.0159379 0.00204332 0.000408664 
0.289502 0.00954401 0.0222694 0.00954401 0.00742312 0.21527 0.200424 0.00106045 0.00106045 0.0116649 0.00106045 0.0222694 0.00106045 0.194062 0.0137858 
0.0049051 0.000213265 0.000213265 0.000639795 0.290254 0.00277245 0.587972 0.00277245 0.00149286 0.000639795 0.00106633 0.00191939 0.0198337 0.0850928 0.000213265 
0.0196078 0.137255 0.411765 0.0196078 0.0196078 0.0196078 0.0196078 0.0196078 0.0196078 0.0196078 0.0196078 0.0196078 0.0196078 0.0196078 0.215686 
0.22488 0.0526316 0.138756 0.00478469 0.0143541 0.0334928 0.291866 0.00478469 0.00478469 0.00478469 0.00478469 0.00478469 0.00478469 0.00478469 0.205742 
0.208054 0.00223714 0.324385 0.00223714 0.00223714 0.00223714 0.234899 0.0201342 0.0246085 0.0604027 0.01566 0.0380313 0.00223714 0.0559284 0.00671141 
0.0163934 0.0163934 0.180328 0.213115 0.0163934 0.0163934 0.0491803 0.0163934 0.0163934 0.0163934 0.0163934 0.0491803 0.0163934 0.147541 0.213115 
0.0126582 0.0126582 0.0126582 0.189873 0.0126582 0.113924 0.0126582 0.0126582 0.0126582 0.139241 0.0126582 0.0126582 0.0126582 0.0379747 0.392405 
0.0176322 0.0478589 0.380353 0.00251889 0.0176322 0.0277078 0.309824 0.00251889 0.00251889 0.0680101 0.00251889 0.00755668 0.00755668 0.0125945 0.093199 
0.163636 0.00606061 0.030303 0.490909 0.00606061 0.030303 0.00606061 0.00606061 0.00606061 0.00606061 0.030303 0.00606061 0.00606061 0.00606061 0.2 
0.0252384 0.00616938 0.00280426 0.648906 0.00280426 0.000560852 0.249579 0.00953449 0.000560852 0.000560852 0.00953449 0.00168256 0.00504767 0.0319686 0.00504767 
0.298284 0.00166021 0.542889 0.000553403 0.00719424 0.00830105 0.0736027 0.00166021 0.00166021 0.00276702 0.000553403 0.000553403 0.000553403 0.0592142 0.000553403 
0.0126582 0.0126582 0.367089 0.0126582 0.0632911 0.0126582 0.0886076 0.0126582 0.0126582 0.0886076 0.0379747 0.0379747 0.0126582 0.0126582 0.21519 
0.103385 0.021043 0.357731 0.0137237 0.000914913 0.021043 0.390668 0.0173833 0.000914913 0.0558097 0.000914913 0.00274474 0.000914913 0.00640439 0.00640439 
0.0668066 0.00174886 0.00454704 0.453655 0.000349773 0.0136411 0.438265 0.00314795 0.00104932 0.00244841 0.0038475 0.00104932 0.000349773 0.00174886 0.00734523 
0.0714436 0.000210748 0.0107482 0.0238145 0.027608 0.0107482 0.48156 0.00189673 0.000632244 0.103056 0.000210748 0.21686 0.00105374 0.0486828 0.00147524 
0.154354 0.107508 0.452252 0.000600601 0.003003 0.0042042 0.254054 0.00540541 0.0018018 0.00540541 0.000600601 0.0042042 0.000600601 0.00540541 0.000600601 
0.0149254 0.19403 0.0149254 0.104478 0.0149254 0.0746269 0.0149254 0.0149254 0.0149254 0.0149254 0.0447761 0.0447761 0.0149254 0.0149254 0.402985 
0.227092 0.0119522 0.0199203 0.0119522 0.00398406 0.418327 0.0836653 0.0119522 0.0119522 0.00398406 0.0119522 0.00398406 0.0119522 0.00398406 0.163347 
0.202467 0.0113052 0.00513875 0.00513875 0.00102775 0.553957 0.0894142 0.00308325 0.00102775 0.00719424 0.00102775 0.00924974 0.00513875 0.0955807 0.00924974 
0.432967 0.0021978 0.459341 0.0197802 0.0021978 0.010989 0.00659341 0.0241758 0.0197802 0.00659341 0.0021978 0.0021978 0.0021978 0.0021978 0.00659341 
0.00531802 0.000212721 0.0257392 0.000638162 0.459264 0.000212721 0.501808 0.00276537 0.0010636 0.000212721 0.000212721 0.000638162 0.000212721 0.000638162 0.0010636 
0.0126582 0.0126582 0.443038 0.164557 0.0379747 0.0632911 0.0632911 0.0126582 0.0126582 0.0126582 0.0126582 0.0126582 0.0126582 0.0126582 0.113924 
0.0136986 0.0136986 0.123288 0.0136986 0.0136986 0.0684932 0.0136986 0.0136986 0.0136986 0.0958904 0.150685 0.0136986 0.0410959 0.0410959 0.369863 
0.0169492 0.0169492 0.186441 0.457627 0.0169492 0.0169492 0.0169492 0.0169492 0.0169492 0.0169492 0.0169492 0.0169492 0.0169492 0.0169492 0.152542 
0.2 0.00129032 0.00129032 0.517419 0.00129032 0.00387097 0.112258 0.0296774 0.00387097 0.00129032 0.0116129 0.00129032 0.00129032 0.0580645 0.0554839 
0.00381388 0.001373 0.0602593 0.000152555 0.00869565 0.206407 0.681465 0.00198322 0.000152555 0.00198322 0.000457666 0.0044241 0.0160183 0.00320366 0.00961098 
0.0117647 0.0117647 0.0117647 0.0117647 0.0352941 0.129412 0.0117647 0.0117647 0.0117647 0.0117647 0.0352941 0.0352941 0.0117647 0.270588 0.388235 
0.0406015 0.0255639 0.169925 0.17594 0.00150376 0.00150376 0.449624 0.0135338 0.00150376 0.0526316 0.00451128 0.0345865 0.00150376 0.0225564 0.00451128 
0.313131 0.010101 0.010101 0.212121 0.010101 0.030303 0.010101 0.010101 0.010101 0.010101 0.010101 0.0909091 0.151515 0.010101 0.111111 
0.00395257 0.0197628 0.0671937 0.501976 0.00395257 0.00395257 0.00395257 0.0197628 0.0118577 0.0197628 0.00395257 0.00395257 0.00395257 0.217391 0.114625 
0.0114943 0.0114943 0.0344828 0.356322 0.0344828 0.0344828 0.0574713 0.0114943 0.0574713 0.0344828 0.0114943 0.0114943 0.103448 0.0114943 0.218391 
0.0177134 0.00483092 0.0241546 0.510467 0.00161031 0.00161031 0.365539 0.00483092 0.00161031 0.00483092 0.00483092 0.0112721 0.00483092 0.020934 0.020934 
0.136691 0.0215827 0.467626 0.0647482 0.0215827 0.00719424 0.00719424 0.00719424 0.0215827 0.00719424 0.00719424 0.00719424 0.00719424 0.00719424 0.208633 
0.0102249 0.0102249 0.108384 0.00204499 0.0552147 0.0633947 0.337423 0.00204499 0.00613497 0.0265849 0.00204499 0.0184049 0.00613497 0.169734 0.182004 
0.015873 0.015873 0.142857 0.015873 0.015873 0.142857 0.015873 0.015873 0.015873 0.047619 0.015873 0.015873 0.015873 0.0793651 0.428571 
0.0752688 0.0107527 0.354839 0.0322581 0.0967742 0.0107527 0.0322581 0.0107527 0.0107527 0.0322581 0.0107527 0.0107527 0.0107527 0.0107527 0.290323 
0.15514 0.00934579 0.51028 0.000623053 0.000623053 0.0242991 0.264798 0.0193146 0.000623053 0.000623053 0.00311526 0.00186916 0.00560748 0.000623053 0.00311526 
0.0175439 0.0175439 0.0526316 0.0175439 0.0175439 0.0175439 0.0175439 0.0175439 0.0175439 0.122807 0.0175439 0.0526316 0.0175439 0.122807 0.473684 
0.172695 0.000509424 0.423332 0.0259806 0.0433011 0.00254712 0.309221 0.000509424 0.000509424 0.00967906 0.00152827 0.000509424 0.000509424 0.000509424 0.00866021 
0.00263389 0.0119988 0.00146327 0.00790167 0.0676032 0.00556043 0.58326 0.000292654 0.000292654 0.00380451 0.00146327 0.274802 0.000292654 0.031314 0.00731636 
0.0153846 0.107692 0.107692 0.0769231 0.0769231 0.0153846 0.0153846 0.0153846 0.138462 0.0153846 0.0461538 0.0153846 0.0153846 0.0153846 0.323077 
0.0241546 0.0434783 0.0531401 0.0531401 0.0144928 0.0821256 0.15942 0.00483092 0.101449 0.0144928 0.371981 0.00483092 0.00483092 0.0144928 0.0531401 
0.00578035 0.00578035 0.50289 0.0289017 0.017341 0.017341 0.317919 0.017341 0.00578035 0.00578035 0.00578035 0.00578035 0.00578035 0.00578035 0.0520231 
0.20354 0.0442478 0.0442478 0.00884956 0.00884956 0.079646 0.00884956 0.00884956 0.0265487 0.00884956 0.00884956 0.00884956 0.0442478 0.00884956 0.486726 
0.0315789 0.0105263 0.0526316 0.0526316 0.0315789 0.0526316 0.0105263 0.0105263 0.263158 0.0105263 0.0105263 0.0947368 0.0315789 0.0105263 0.326316 
0.0171429 0.382857 0.0285714 0.00571429 0.0171429 0.00571429 0.0971429 0.00571429 0.0285714 0.0857143 0.0171429 0.00571429 0.00571429 0.177143 0.12 
0.0771993 0.0233393 0.152603 0.0233393 0.005386 0.00179533 0.285458 0.005386 0.037702 0.005386 0.00179533 0.00179533 0.00179533 0.339318 0.037702 
0.0171429 0.00571429 0.0514286 0.165714 0.0971429 0.00571429 0.108571 0.04 0.00571429 0.314286 0.00571429 0.0628571 0.0171429 0.04 0.0628571 
0.371007 0.041769 0.405405 0.002457 0.00737101 0.041769 0.012285 0.00737101 0.017199 0.002457 0.017199 0.002457 0.002457 0.002457 0.0663391 
0.127273 0.0109091 0.578182 0.0109091 0.00363636 0.0254545 0.0981818 0.00363636 0.0254545 0.0690909 0.00363636 0.0181818 0.0109091 0.00363636 0.0109091 
0.151515 0.010101 0.010101 0.010101 0.010101 0.0505051 0.010101 0.131313 0.030303 0.030303 0.030303 0.010101 0.151515 0.131313 0.232323 
0.0630631 0.003003 0.003003 0.567568 0.00900901 0.00900901 0.129129 0.021021 0.015015 0.00900901 0.003003 0.003003 0.003003 0.0630631 0.0990991 
0.0133333 0.04 0.173333 0.12 0.146667 0.12 0.04 0.0133333 0.0133333 0.0133333 0.0133333 0.0133333 0.0133333 0.0933333 0.173333 
0.113012 0.0226023 0.033598 0.368357 0.00183262 0.000610874 0.189982 0.0445938 0.0128283 0.0262676 0.000610874 0.00671961 0.00305437 0.174099 0.00183262 
0.00820859 0.612747 0.00144858 0.00144858 0.00144858 0.000482859 0.358764 0.00241429 0.00434573 0.00241429 0.000482859 0.000482859 0.00338001 0.000482859 0.00144858 
0.012987 0.012987 0.012987 0.454545 0.012987 0.012987 0.012987 0.012987 0.038961 0.012987 0.012987 0.012987 0.038961 0.012987 0.324675 
0.0123457 0.0123457 0.037037 0.358025 0.0123457 0.0123457 0.037037 0.0617284 0.0123457 0.0123457 0.0123457 0.0123457 0.111111 0.185185 0.111111 
0.0194553 0.00389105 0.229572 0.0116732 0.0116732 0.0272374 0.229572 0.00389105 0.00389105 0.0428016 0.00389105 0.0661479 0.00389105 0.159533 0.182879 
0.0169492 0.0169492 0.152542 0.423729 0.0169492 0.0169492 0.0169492 0.0169492 0.0169492 0.0169492 0.0169492 0.0508475 0.0508475 0.0169492 0.152542 
0.188244 0.00209937 0.529741 0.0230931 0.00069979 0.00489853 0.19944 0.0202939 0.00069979 0.00349895 0.00069979 0.00069979 0.00069979 0.0188943 0.00629811 
0.0379747 0.0126582 0.139241 0.21519 0.0126582 0.0126582 0.0632911 0.164557 0.0379747 0.0126582 0.0886076 0.0379747 0.0632911 0.0379747 0.0632911 
0.262136 0.00970874 0.106796 0.00970874 0.00970874 0.106796 0.0291262 0.00970874 0.00970874 0.00970874 0.00970874 0.0291262 0.0291262 0.0485437 0.320388 
0.0169492 0.00338983 0.0169492 0.572881 0.00338983 0.00338983 0.159322 0.0508475 0.0169492 0.105085 0.0101695 0.0101695 0.00338983 0.00338983 0.0237288 
0.0538093 0.000532765 0.0708578 0.482152 0.00372936 0.000532765 0.371337 0.0015983 0.000532765 0.00479489 0.0015983 0.0015983 0.00266383 0.00372936 0.000532765 
0.00421941 0.00421941 0.00421941 0.350211 0.00140647 0.00421941 0.386779 0.00703235 0.00140647 0.0182841 0.00140647 0.00703235 0.00421941 0.178622 0.0267229 
0.558788 0.00848485 0.0278788 0.0206061 0.00121212 0.00606061 0.170909 0.00121212 0.0109091 0.00121212 0.00121212 0.00121212 0.00363636 0.18303 0.00363636 
0.210832 0.00193424 0.0522244 0.597679 0.00580271 0.00193424 0.0676983 0.0212766 0.00193424 0.00193424 0.00580271 0.00193424 0.00193424 0.00193424 0.0251451 
0.047619 0.015873 0.428571 0.015873 0.015873 0.015873 0.015873 0.015873 0.015873 0.015873 0.047619 0.015873 0.015873 0.047619 0.269841 
0.00248139 0.00248139 0.00248139 0.528536 0.00248139 0.00744417 0.280397 0.0669975 0.0272953 0.00248139 0.00248139 0.00248139 0.00744417 0.00248139 0.0620347 
0.00422961 0.00519637 0.00108761 0.00374622 0.296435 0.00205438 0.621752 0.00205438 0.000362538 0.000120846 0.0112387 0.00640483 0.0155891 0.0293656 0.000362538 
0.180952 0.00952381 0.352381 0.047619 0.0285714 0.0285714 0.00952381 0.00952381 0.00952381 0.0285714 0.00952381 0.0285714 0.00952381 0.104762 0.142857 
0.032967 0.00659341 0.178022 0.261538 0.0021978 0.0505495 0.318681 0.00659341 0.010989 0.032967 0.0021978 0.0593407 0.00659341 0.0021978 0.0285714 
0.00160514 0.0144462 0.152488 0.0176565 0.00160514 0.0176565 0.473515 0.00160514 0.00160514 0.0272873 0.00160514 0.00802568 0.00160514 0.271268 0.00802568 
0.0736842 0.0947368 0.0315789 0.0315789 0.2 0.0526316 0.0736842 0.0105263 0.0105263 0.0947368 0.0105263 0.0105263 0.0105263 0.0105263 0.284211 
0.00360144 0.00040016 0.330932 0.00280112 0.0740296 0.00120048 0.495798 0.00840336 0.00840336 0.00680272 0.00040016 0.00280112 0.0204082 0.0412165 0.00280112 
0.118644 0.0169492 0.0169492 0.0508475 0.0169492 0.0169492 0.0169492 0.0508475 0.0169492 0.0508475 0.0169492 0.0169492 0.0169492 0.118644 0.457627 
0.0116493 0.445739 0.0374004 0.0128755 0.00797057 0.0141018 0.0656039 0.325567 0.00183936 0.0116493 0.00183936 0.00551809 0.00183936 0.055794 0.000613121 
0.0958904 0.123288 0.0410959 0.0136986 0.0684932 0.0136986 0.0958904 0.0136986 0.0684932 0.0136986 0.0136986 0.0410959 0.0136986 0.0136986 0.369863 
0.00206186 0.00206186 0.0185567 0.00206186 0.109278 0.0845361 0.435052 0.00206186 0.00618557 0.014433 0.00206186 0.0226804 0.0391753 0.216495 0.043299 
0.340287 0.00130378 0.0273794 0.0899609 0.00130378 0.0273794 0.225554 0.00391134 0.00130378 0.00130378 0.00130378 0.222947 0.00130378 0.011734 0.0430248 
0.147541 0.00546448 0.147541 0.355191 0.0163934 0.00546448 0.00546448 0.15847 0.00546448 0.00546448 0.0601093 0.00546448 0.00546448 0.00546448 0.0710383 
0.00699301 0.00699301 0.00699301 0.00699301 0.0629371 0.0909091 0.440559 0.00699301 0.00699301 0.034965 0.00699301 0.00699301 0.00699301 0.00699301 0.300699 
0.00143885 0.00143885 0.505036 0.00431655 0.00143885 0.00143885 0.346763 0.0532374 0.00143885 0.00143885 0.00143885 0.00143885 0.00143885 0.0647482 0.0129496 
0.0942249 0.00911854 0.343465 0.0516717 0.00303951 0.0151976 0.300912 0.100304 0.00303951 0.00303951 0.00303951 0.00303951 0.00911854 0.0151976 0.0455927 
0.0149254 0.0149254 0.0447761 0.104478 0.0149254 0.0149254 0.0447761 0.164179 0.0149254 0.104478 0.0149254 0.0149254 0.0149254 0.0149254 0.402985 
0.18894 0.0230415 0.456221 0.00460829 0.0875576 0.00460829 0.00460829 0.00460829 0.00460829 0.0322581 0.00460829 0.00460829 0.00460829 0.0875576 0.0875576 
0.0196078 0.111111 0.0326797 0.0457516 0.0196078 0.00653595 0.0196078 0.00653595 0.00653595 0.00653595 0.0196078 0.00653595 0.00653595 0.464052 0.228758 
0.15962 0.000862813 0.4478 0.000862813 0.00603969 0.000862813 0.363244 0.00603969 0.000862813 0.00258844 0.000862813 0.000862813 0.000862813 0.00431406 0.00431406 
0.0243902 0.0894309 0.0243902 0.105691 0.284553 0.0569106 0.00813008 0.0406504 0.0243902 0.0243902 0.00813008 0.00813008 0.0569106 0.0406504 0.203252 
0.001619 0.0357978 0.0149307 0.0361576 0.0203274 0.00593632 0.585537 0.00881453 0.000179888 0.000179888 0.000179888 0.00233855 0.276129 0.011333 0.000539665 
0.0465988 0.000535619 0.0241028 0.0273166 0.0123192 0.468666 0.382967 0.000535619 0.000535619 0.00482057 0.000535619 0.000535619 0.000535619 0.029459 0.000535619 
0.469293 0.00347625 0.244496 0.221321 0.00115875 0.00347625 0.0428737 0.00115875 0.00347625 0.00115875 0.00115875 0.00115875 0.00115875 0.00347625 0.00115875 
0.0292835 0.000623053 0.000623053 0.011838 0.0542056 0.313396 0.419315 0.000623053 0.00311526 0.0666667 0.00436137 0.00436137 0.0255452 0.0616822 0.00436137 
0.268854 0.00287853 0.335636 0.0143926 0.000575705 0.0339666 0.0984456 0.00287853 0.000575705 0.00518135 0.0213011 0.00287853 0.00172712 0.208981 0.00172712 
0.0631907 0.00311703 0.0671578 0.051856 0.0252196 0.0988949 0.492774 0.000283366 0.0025503 0.0025503 0.000850099 0.000283366 0.173137 0.0110513 0.00708416 
0.00571429 0.0514286 0.0171429 0.00571429 0.0628571 0.0171429 0.00571429 0.00571429 0.00571429 0.0171429 0.00571429 0.00571429 0.00571429 0.565714 0.222857 
0.168447 0.000821693 0.000821693 0.495481 0.000821693 0.00246508 0.188168 0.00410846 0.000821693 0.00246508 0.010682 0.00246508 0.00410846 0.112572 0.00575185 
0.002405 0.001443 0.031265 0.433381 0.002405 0.000481 0.455507 0.000481 0.012025 0.00529101 0.000481 0.001443 0.000481 0.0524291 0.000481 
0.121387 0.294798 0.0635838 0.283237 0.00578035 0.00578035 0.00578035 0.00578035 0.00578035 0.00578035 0.0982659 0.017341 0.017341 0.00578035 0.0635838 
0.0317848 0.0220049 0.0366748 0.100244 0.0122249 0.00244499 0.422983 0.0122249 0.00733496 0.212714 0.00733496 0.00733496 0.0171149 0.00244499 0.105134 
0.015546 0.017419 0.268777 0.0110508 0.000187301 0.000561903 0.617531 0.0151714 0.00543173 0.0241618 0.000187301 0.000561903 0.00206031 0.0207904 0.000561903 
0.334643 0.000654879 0.00196464 0.000654879 0.000654879 0.000654879 0.0281598 0.0189915 0.000654879 0.000654879 0.00458415 0.00327439 0.000654879 0.603143 0.000654879 
0.30408 0.000769823 0.013087 0.0238645 0.0592764 0.0146266 0.299461 0.013087 0.000769823 0.000769823 0.00230947 0.000769823 0.00230947 0.000769823 0.264049 
0.0757946 0.00298832 0.00896496 0.221951 0.00190166 0.00516164 0.524586 0.0214616 0.0127683 0.0171149 0.000814996 0.0589514 0.0138549 0.0285249 0.00516164 
0.191551 0.00655499 0.010925 0.002185 0.472688 0.000728332 0.207575 0.002185 0.002185 0.002185 0.000728332 0.000728332 0.00801165 0.0881282 0.00364166 
0.0582011 0.015873 0.00529101 0.439153 0.00529101 0.00529101 0.164021 0.00529101 0.026455 0.0687831 0.00529101 0.015873 0.00529101 0.0582011 0.121693 
0.121339 0.0125523 0.16318 0.0041841 0.0041841 0.0209205 0.288703 0.0041841 0.0041841 0.0125523 0.0041841 0.0041841 0.0041841 0.154812 0.196653 
0.0989011 0.025641 0.018315 0.575092 0.003663 0.040293 0.018315 0.003663 0.003663 0.010989 0.003663 0.003663 0.018315 0.003663 0.172161 
0.0458221 0.00808625 0.0188679 0.326146 0.0134771 0.0458221 0.137466 0.083558 0.105121 0.00808625 0.0781671 0.0727763 0.00808625 0.00269542 0.0458221 
0.15593 0.000602047 0.36183 0.121011 0.025888 0.0090307 0.241421 0.0090307 0.000602047 0.0138471 0.00541842 0.00180614 0.00180614 0.051174 0.000602047 
0.000232937 0.0160727 0.000698812 0.0361053 0.252737 0.00116469 0.579315 0.0179362 0.000232937 0.0356394 0.0174703 0.000232937 0.0416958 0.000232937 0.000232937 
0.000349528 0.000116509 0.000349528 0.000116509 0.000116509 0.000116509 0.489922 0.000116509 0.000116509 0.000349528 0.000116509 0.507398 0.000582547 0.000116509 0.000116509 
0.0491159 0.00982318 0.00589391 0.614931 0.00589391 0.00589391 0.0766208 0.127701 0.00589391 0.00196464 0.00589391 0.0176817 0.0451866 0.00982318 0.0176817 
0.032967 0.010989 0.252747 0.0769231 0.010989 0.010989 0.0549451 0.010989 0.010989 0.032967 0.0549451 0.010989 0.032967 0.0769231 0.318681 
0.038961 0.038961 0.194805 0.116883 0.038961 0.012987 0.012987 0.116883 0.038961 0.012987 0.012987 0.012987 0.038961 0.012987 0.298701 
0.00952381 0.00952381 0.104762 0.047619 0.12381 0.00952381 0.0666667 0.047619 0.0666667 0.047619 0.0285714 0.00952381 0.0285714 0.219048 0.180952 
0.0158853 0.00193723 0.025184 0.00503681 0.0639287 0.000387447 0.522666 0.000387447 0.000387447 0.00658659 0.00426191 0.0104611 0.000387447 0.139093 0.20341 
0.0103382 0.000638162 0.0363752 0.0113593 0.0777281 0.00574346 0.569879 0.00140396 0.000638162 0.244927 0.00114869 0.00727505 0.00114869 0.0302489 0.00114869 
0.406532 0.0132036 0.00347464 0.000694927 0.445448 0.000694927 0.0882557 0.000694927 0.000694927 0.00347464 0.000694927 0.000694927 0.000694927 0.0312717 0.00347464 
0.0116156 0.605069 0.00527983 0.00105597 0.0031679 0.00105597 0.349525 0.0031679 0.00105597 0.00105597 0.00105597 0.00105597 0.00105597 0.00527983 0.0095037 
0.000632778 0.0065387 0.036912 0.0731913 0.0592702 0.000210926 0.602194 0.00105463 0.00232019 0.00105463 0.000210926 0.0065387 0.00232019 0.0904872 0.117064 
0.109827 0.00578035 0.352601 0.017341 0.00578035 0.017341 0.00578035 0.144509 0.00578035 0.132948 0.00578035 0.0635838 0.0289017 0.00578035 0.0982659 
0.217942 0.326182 0.0043881 0.00731351 0.0043881 0.000487567 0.319356 0.00536324 0.0014627 0.0014627 0.0102389 0.000487567 0.00633837 0.0941004 0.000487567 
0.0153846 0.0153846 0.0769231 0.0153846 0.138462 0.0461538 0.0769231 0.0153846 0.0153846 0.0769231 0.0153846 0.0153846 0.0461538 0.107692 0.323077 
0.384615 0.0153846 0.34359 0.00512821 0.0564103 0.0153846 0.025641 0.025641 0.0153846 0.00512821 0.0153846 0.00512821 0.0153846 0.0358974 0.0358974 
0.0918919 0.0378378 0.135135 0.178378 0.00540541 0.0162162 0.00540541 0.027027 0.00540541 0.124324 0.00540541 0.0162162 0.00540541 0.113514 0.232432 
0.0643275 0.0175439 0.134503 0.356725 0.00584795 0.0292398 0.0292398 0.0409357 0.0175439 0.0409357 0.00584795 0.00584795 0.0175439 0.0292398 0.204678 
0.030303 0.030303 0.00606061 0.284848 0.00606061 0.00606061 0.0181818 0.151515 0.0545455 0.0787879 0.030303 0.00606061 0.00606061 0.00606061 0.284848 
0.010101 0.010101 0.151515 0.232323 0.0505051 0.0909091 0.010101 0.030303 0.010101 0.010101 0.030303 0.010101 0.010101 0.030303 0.313131 
0.00215054 0.00215054 0.333333 0.0709677 0.0709677 0.0365591 0.131183 0.00215054 0.0236559 0.0150538 0.00215054 0.00215054 0.00215054 0.255914 0.0494624 
0.00969082 0.000461467 0.0789109 0.0106138 0.00876788 0.176742 0.594832 0.0346101 0.00230734 0.00599908 0.000461467 0.00507614 0.000461467 0.0613752 0.00969082 
0.0445745 0.00135074 0.398469 0.0220621 0.00225124 0.000450248 0.464205 0.000450248 0.000450248 0.00135074 0.000450248 0.000450248 0.00135074 0.0571814 0.00495272 
0.303704 0.000823045 0.00246914 0.000823045 0.000823045 0.369547 0.232922 0.000823045 0.000823045 0.0106996 0.00246914 0.00576132 0.00740741 0.0502058 0.0106996 
0.156627 0.0147256 0.00937082 0.676037 0.00401606 0.00133869 0.0870147 0.0307898 0.00669344 0.00401606 0.00401606 0.00133869 0.00133869 0.00133869 0.00133869 
0.00564061 0.000805802 0.0846092 0.303787 0.000805802 0.000805802 0.555197 0.000805802 0.000805802 0.00402901 0.00241741 0.000805802 0.00564061 0.000805802 0.0330379 
0.10677 0.00136302 0.0404362 0.0358928 0.000454339 0.00227169 0.0786006 0.585643 0.0140845 0.00772376 0.00590641 0.000454339 0.0149932 0.104952 0.000454339 
0.00289855 0.292754 0.0492754 0.257971 0.00289855 0.00289855 0.165217 0.00289855 0.00869565 0.0434783 0.00289855 0.00289855 0.00289855 0.0550725 0.107246 
0.150985 0.02407 0.448578 0.00656455 0.0153173 0.00218818 0.0109409 0.00656455 0.00218818 0.00656455 0.00218818 0.0284464 0.00218818 0.286652 0.00656455 
0.0726817 0.00250627 0.00250627 0.388471 0.0175439 0.0075188 0.318296 0.00250627 0.00250627 0.0175439 0.0225564 0.0225564 0.0125313 0.0877193 0.0225564 
0.17847 0.0179415 0.0273843 0.000944287 0.000944287 0.169027 0.525968 0.00283286 0.0122757 0.0179415 0.00283286 0.00283286 0.00472144 0.0236072 0.0122757 
0.0526316 0.00169779 0.00848896 0.00169779 0.00169779 0.0152801 0.337861 0.0254669 0.453311 0.00169779 0.00509338 0.00169779 0.00169779 0.00169779 0.089983 
0.029122 0.0142325 0.00240858 0.0208014 0.379899 0.000218962 0.519597 0.00328443 0.0098533 0.000218962 0.000218962 0.0186118 0.00109481 0.000218962 0.000218962 
0.0852713 0.302326 0.131783 0.0542636 0.00775194 0.00775194 0.0387597 0.0542636 0.00775194 0.00775194 0.00775194 0.00775194 0.00775194 0.0232558 0.255814 
0.278377 0.00190235 0.0133164 0.00317058 0.0120482 0.000634115 0.0653139 0.00190235 0.00190235 0.00443881 0.000634115 0.000634115 0.000634115 0.614458 0.000634115 
0.0207018 0.000146821 0.000146821 0.0124798 0.30025 0.000734107 0.626193 0.00102775 0.000146821 0.000146821 0.00190868 0.00455146 0.000146821 0.01894 0.0124798 
0.135912 0.162616 0.000342349 0.337213 0.000342349 0.000342349 0.109894 0.103732 0.00102705 0.000342349 0.00376583 0.00102705 0.0469017 0.0961999 0.000342349 
0.150038 0.0053313 0.285605 0.000761615 0.0571211 0.12719 0.329779 0.0114242 0.000761615 0.000761615 0.00380807 0.000761615 0.00228484 0.0236101 0.000761615 
0.00434153 0.00434153 0.00434153 0.221418 0.108538 0.0217077 0.479016 0.00144718 0.00144718 0.00434153 0.00434153 0.00723589 0.00144718 0.105644 0.0303907 
0.300509 0.0118846 0.00509338 0.419355 0.00169779 0.00169779 0.147708 0.00169779 0.00848896 0.00848896 0.00169779 0.00169779 0.00169779 0.0865874 0.00169779 
0.167106 0.000527148 0.00158144 0.248287 0.00158144 0.000527148 0.371639 0.00369004 0.000527148 0.0353189 0.00158144 0.042699 0.000527148 0.0795994 0.0448076 
0.0658683 0.0179641 0.461078 0.0538922 0.00598802 0.0299401 0.00598802 0.0419162 0.00598802 0.0179641 0.00598802 0.0299401 0.00598802 0.173653 0.0778443 
0.00671141 0.033557 0.369128 0.261745 0.00671141 0.00671141 0.0201342 0.0201342 0.0469799 0.0201342 0.00671141 0.0604027 0.00671141 0.0604027 0.0738255 
0.088528 0.0015715 0.000523834 0.000523834 0.00366684 0.0015715 0.502357 0.00471451 0.11472 0.000523834 0.000523834 0.000523834 0.000523834 0.278156 0.0015715 
0.112438 0.000995025 0.00298507 0.00497512 0.00298507 0.00298507 0.21194 0.00298507 0.00497512 0.0567164 0.000995025 0.0109453 0.0109453 0.566169 0.00696517 
0.0118846 0.00169779 0.00169779 0.636672 0.00169779 0.00169779 0.266553 0.00169779 0.00169779 0.049236 0.00509338 0.0118846 0.00169779 0.00509338 0.00169779 
0.0267806 0.000569801 0.00132953 0.00588794 0.468566 0.000189934 0.464387 0.0017094 0.000189934 0.000949668 0.000189934 0.000569801 0.000189934 0.0283001 0.000189934 
0.0797434 0.0302475 0.484876 0.0265811 0.00274977 0.015582 0.23923 0.00458295 0.00091659 0.00641613 0.00458295 0.00274977 0.0119157 0.0815765 0.00824931 
0.100981 0.000577034 0.000577034 0.000577034 0.0259665 0.000577034 0.0432776 0.667628 0.122908 0.00750144 0.000577034 0.00750144 0.0144259 0.00634737 0.000577034 
0.793199 0.00208189 0.0242887 0.000693963 0.000693963 0.000693963 0.0728661 0.00624566 0.00902151 0.0270645 0.056211 0.000693963 0.00208189 0.00208189 0.00208189 
0.0649895 0.0775681 0.0607966 0.0146751 0.0314465 0.00209644 0.463312 0.00628931 0.048218 0.00628931 0.00628931 0.00628931 0.174004 0.0146751 0.0230608 
0.0163934 0.0163934 0.0163934 0.0163934 0.0163934 0.0163934 0.0163934 0.0163934 0.0491803 0.0163934 0.213115 0.0163934 0.245902 0.0163934 0.311475 
0.106001 0.00168256 0.00953449 0.0319686 0.440269 0.0207515 0.273135 0.0476725 0.00168256 0.0218732 0.000560852 0.00392597 0.00504767 0.0274818 0.00841279 
0.175043 0.455806 0.0028885 0.000577701 0.0017331 0.00519931 0.273252 0.0340843 0.000577701 0.000577701 0.000577701 0.0225303 0.0213749 0.00519931 0.000577701 
0.0697674 0.0232558 0.0232558 0.0232558 0.0232558 0.0697674 0.0232558 0.0232558 0.0697674 0.0232558 0.162791 0.0232558 0.0232558 0.0232558 0.395349 
0.0769231 0.0153846 0.0153846 0.0153846 0.0461538 0.0461538 0.0769231 0.107692 0.0153846 0.0153846 0.0461538 0.0153846 0.107692 0.0153846 0.384615 
0.0123457 0.0123457 0.0123457 0.0123457 0.0123457 0.037037 0.0123457 0.037037 0.037037 0.0123457 0.0617284 0.0123457 0.037037 0.0123457 0.679012 
0.00187617 0.741088 0.00187617 0.00187617 0.00562852 0.0206379 0.174484 0.00938086 0.00187617 0.00562852 0.00187617 0.00187617 0.00187617 0.00938086 0.0206379 
0.0651085 0.00166945 0.000556483 0.000556483 0.00500835 0.00946021 0.453534 0.00166945 0.303283 0.00389538 0.00723428 0.0539789 0.0751252 0.0105732 0.00834725 
0.0153846 0.0153846 0.0153846 0.169231 0.507692 0.0153846 0.0153846 0.0461538 0.0153846 0.0153846 0.0153846 0.0153846 0.0153846 0.0153846 0.107692 
0.000427168 0.0012815 0.000427168 0.00897053 0.128578 0.000427168 0.334472 0.160188 0.00213584 0.00384451 0.320803 0.00299018 0.0106792 0.0243486 0.000427168 
0.0337079 0.011236 0.168539 0.011236 0.011236 0.0786517 0.0561798 0.011236 0.0786517 0.0561798 0.0786517 0.011236 0.011236 0.011236 0.370787 
0.0207769 0.00271003 0.000903342 0.0063234 0.120145 0.470641 0.30262 0.00271003 0.000903342 0.00451671 0.0352304 0.00813008 0.00271003 0.0063234 0.0153568 
0.127273 0.2 0.0545455 0.0545455 0.0181818 0.0181818 0.0181818 0.0181818 0.0909091 0.0545455 0.0181818 0.0181818 0.0545455 0.0181818 0.236364 
0.0114943 0.0344828 0.0114943 0.0344828 0.0114943 0.0804598 0.0344828 0.0114943 0.0574713 0.0344828 0.0114943 0.0114943 0.172414 0.0114943 0.471264 
0.21202 0.00166945 0.0317195 0.00166945 0.00166945 0.00166945 0.0417362 0.0383973 0.632721 0.0183639 0.00166945 0.00166945 0.00166945 0.00166945 0.0116861 
0.255696 0.00253165 0.00253165 0.00759494 0.00253165 0.00253165 0.0936709 0.0126582 0.498734 0.0177215 0.00253165 0.00253165 0.0329114 0.00759494 0.0582278 
0.325843 0.0337079 0.0337079 0.011236 0.011236 0.011236 0.011236 0.0561798 0.0786517 0.011236 0.011236 0.011236 0.011236 0.011236 0.370787 
0.381058 0.000316756 0.00221729 0.000316756 0.000316756 0.000316756 0.00158378 0.000316756 0.61039 0.000316756 0.000316756 0.000316756 0.000316756 0.000316756 0.00158378 
0.145299 0.00854701 0.00854701 0.00854701 0.00854701 0.00854701 0.042735 0.0598291 0.179487 0.00854701 0.0769231 0.00854701 0.00854701 0.00854701 0.418803 
0.331307 0.0678825 0.353597 0.00101317 0.00101317 0.00506586 0.00911854 0.00506586 0.104357 0.00101317 0.0921986 0.00101317 0.00101317 0.00911854 0.0172239 
0.0114943 0.0574713 0.0804598 0.0114943 0.0114943 0.0114943 0.0114943 0.0114943 0.149425 0.0114943 0.149425 0.0114943 0.0574713 0.0114943 0.402299 
0.189789 0.0255272 0.00110988 0.0321865 0.00332963 0.00110988 0.0477248 0.00554939 0.662597 0.00110988 0.00110988 0.00110988 0.00110988 0.0255272 0.00110988 
0.216198 0.0102951 0.000686342 0.000686342 0.000686342 0.000686342 0.00480439 0.295813 0.00205903 0.000686342 0.461908 0.000686342 0.00205903 0.00205903 0.000686342 
0.173554 0.0247934 0.00826446 0.00826446 0.0578512 0.0247934 0.0743802 0.0247934 0.00826446 0.00826446 0.00826446 0.00826446 0.0413223 0.00826446 0.520661 
0.147541 0.245902 0.0163934 0.0163934 0.0163934 0.0163934 0.0163934 0.0163934 0.0163934 0.0163934 0.0163934 0.0163934 0.0163934 0.0163934 0.409836 
0.0126582 0.392405 0.0126582 0.0379747 0.0126582 0.0126582 0.0126582 0.0126582 0.0126582 0.0379747 0.0126582 0.0379747 0.0126582 0.0126582 0.367089 
0.191011 0.011236 0.011236 0.191011 0.011236 0.011236 0.011236 0.011236 0.011236 0.011236 0.168539 0.011236 0.011236 0.011236 0.325843 
0.192982 0.0175439 0.0175439 0.0526316 0.0175439 0.0526316 0.0175439 0.0526316 0.0877193 0.0175439 0.0175439 0.0175439 0.0175439 0.0175439 0.403509 
0.0373793 0.00125997 0.00209996 0.000419992 0.000419992 0.000419992 0.420412 0.00125997 0.000419992 0.00461991 0.52121 0.00461991 0.000419992 0.00209996 0.00293994 
0.0697674 0.0232558 0.0232558 0.0232558 0.0697674 0.116279 0.0232558 0.0232558 0.0697674 0.0232558 0.0697674 0.0232558 0.0697674 0.0232558 0.348837 
0.211268 0.0985915 0.0422535 0.0140845 0.126761 0.126761 0.0140845 0.0140845 0.0422535 0.0140845 0.0704225 0.0140845 0.0422535 0.0422535 0.126761 
0.00598802 0.00598802 0.00598802 0.00598802 0.0658683 0.00598802 0.245509 0.00598802 0.00598802 0.00598802 0.0179641 0.0538922 0.0538922 0.00598802 0.508982 
0.223881 0.0746269 0.0149254 0.0149254 0.0447761 0.0149254 0.0149254 0.0149254 0.134328 0.0149254 0.0149254 0.0149254 0.0149254 0.0149254 0.373134 
0.0886076 0.0886076 0.0126582 0.0126582 0.0126582 0.0126582 0.21519 0.0126582 0.0126582 0.0126582 0.0632911 0.0126582 0.0126582 0.0126582 0.417722 
0.000302939 0.00151469 0.000302939 0.00212057 0.00151469 0.000302939 0.482581 0.000302939 0.000302939 0.000302939 0.000302939 0.000302939 0.507422 0.000908816 0.00151469 
0.000501756 0.000501756 0.00351229 0.0918214 0.0245861 0.00250878 0.322629 0.0506774 0.00250878 0.000501756 0.00250878 0.000501756 0.40291 0.0938284 0.000501756 
0.0379747 0.0126582 0.0126582 0.265823 0.0126582 0.0379747 0.0126582 0.0379747 0.0379747 0.0632911 0.0126582 0.0126582 0.0126582 0.0126582 0.417722 
0.185185 0.037037 0.0123457 0.037037 0.0123457 0.0123457 0.0123457 0.0123457 0.037037 0.0123457 0.0123457 0.037037 0.0123457 0.0123457 0.555556 
0.583567 0.038282 0.0252101 0.00280112 0.00280112 0.0214753 0.195145 0.0140056 0.0756303 0.00280112 0.0121382 0.000933707 0.00280112 0.00466853 0.0177404 
0.103558 0.00796601 0.0462029 0.0175252 0.108869 0.000531067 0.459373 0.0111524 0.00371747 0.000531067 0.19915 0.0270844 0.00584174 0.000531067 0.00796601 
0.180812 0.0184502 0.00369004 0.00369004 0.0184502 0.0110701 0.00369004 0.00369004 0.00369004 0.00369004 0.0405904 0.00369004 0.0405904 0.0110701 0.653137 
0.150343 0.00062383 0.00062383 0.00062383 0.00062383 0.00062383 0.427324 0.0318153 0.2801 0.00686213 0.00311915 0.00810979 0.0754835 0.00062383 0.0131004 
0.012987 0.012987 0.012987 0.012987 0.012987 0.012987 0.012987 0.0909091 0.0649351 0.012987 0.168831 0.012987 0.0649351 0.038961 0.454545 
0.0163934 0.0163934 0.0163934 0.0491803 0.0163934 0.0163934 0.147541 0.0163934 0.0163934 0.0163934 0.114754 0.0819672 0.0819672 0.0163934 0.377049 
0.0222222 0.0666667 0.0222222 0.0222222 0.0222222 0.0666667 0.0222222 0.0666667 0.0222222 0.0222222 0.0666667 0.0222222 0.0222222 0.0222222 0.511111 
0.04 0.0133333 0.0133333 0.0133333 0.0133333 0.0133333 0.0666667 0.0133333 0.0133333 0.0933333 0.04 0.0133333 0.04 0.0133333 0.6 
0.204798 0.00577521 0.00133274 0.000444247 0.390493 0.00310973 0.367392 0.00133274 0.00133274 0.00222124 0.00844069 0.00133274 0.0075522 0.00133274 0.00310973 
0.000601323 0.000360794 0.000360794 0.000360794 0.000601323 0.000360794 0.569453 0.00108238 0.000120265 0.000120265 0.417679 0.00132291 0.00156344 0.000841852 0.00517138 
0.00371747 0.0929368 0.00371747 0.00371747 0.00371747 0.0260223 0.0483271 0.174721 0.0185874 0.130112 0.39777 0.0334572 0.0111524 0.0260223 0.0260223 
0.225589 0.0976431 0.131313 0.003367 0.00112233 0.00112233 0.102132 0.277217 0.0190797 0.00112233 0.0819304 0.00785634 0.0325477 0.00785634 0.010101 
0.121923 0.00171723 0.00057241 0.00057241 0.00973097 0.0383515 0.431025 0.00171723 0.00171723 0.00171723 0.00171723 0.00286205 0.381797 0.00286205 0.00171723 
0.244444 0.259259 0.111111 0.00740741 0.00740741 0.00740741 0.0518519 0.00740741 0.0962963 0.00740741 0.00740741 0.00740741 0.0222222 0.037037 0.125926 
0.0221882 0.0130069 0.0849273 0.0374904 0.107881 0.0175976 0.196634 0.0160673 0.000765111 0.000765111 0.00229533 0.00382555 0.338944 0.138485 0.0191278 
0.0173047 0.00471945 0.000524384 0.00681699 0.000524384 0.000524384 0.434714 0.00262192 0.000524384 0.00157315 0.00262192 0.508128 0.0152071 0.00262192 0.00157315 
0.0582677 0.218898 0.00472441 0.108661 0.0015748 0.0015748 0.288189 0.0267717 0.0425197 0.00787402 0.0866142 0.096063 0.0015748 0.00472441 0.0519685 
0.0352941 0.294118 0.0588235 0.0117647 0.0117647 0.0117647 0.0588235 0.0117647 0.0117647 0.0117647 0.0352941 0.0117647 0.0823529 0.0352941 0.317647 
0.00137931 0.00137931 0.0124138 0.00689655 0.00689655 0.00137931 0.188966 0.00137931 0.743448 0.00137931 0.00137931 0.00137931 0.00137931 0.00137931 0.0289655 
0.00043802 0.00569426 0.00306614 0.00043802 0.00043802 0.00306614 0.266754 0.00043802 0.712659 0.00043802 0.00043802 0.00131406 0.00043802 0.00043802 0.00394218 
0.027027 0.00900901 0.027027 0.045045 0.027027 0.00900901 0.00900901 0.00900901 0.369369 0.00900901 0.00900901 0.0990991 0.00900901 0.261261 0.0810811 
0.295775 0.0140845 0.0704225 0.0140845 0.0422535 0.0704225 0.0140845 0.0140845 0.0704225 0.0140845 0.0140845 0.0140845 0.0422535 0.0140845 0.295775 
0.000482393 0.000482393 0.000482393 0.000482393 0.00144718 0.654607 0.335263 0.00144718 0.000482393 0.000482393 0.000482393 0.000482393 0.000482393 0.00241196 0.000482393 
0.233623 0.0737524 0.00014721 0.611659 0.000441631 0.000736052 0.0407773 0.0128073 0.019579 0.000736052 0.000441631 0.00191373 0.000441631 0.00103047 0.00191373 
0.0163934 0.0491803 0.0163934 0.0163934 0.0163934 0.0163934 0.0491803 0.0163934 0.147541 0.0163934 0.0163934 0.0163934 0.180328 0.0163934 0.409836 
0.00243784 0.590444 0.000487567 0.000487567 0.000487567 0.000487567 0.400293 0.000487567 0.0014627 0.000487567 0.000487567 0.000487567 0.000487567 0.000487567 0.000487567 
