0.004065 0.004065 0.004065 0.004065 0.004065 0.004065 0.004065 0.963415 0.004065 0.004065 
0.002809 0.002809 0.002809 0.002809 0.002809 0.008427 0.002809 0.969101 0.002809 0.002809 
0.002242 0.006726 0.002242 0.002242 0.002242 0.002242 0.002242 0.970852 0.006726 0.002242 
0.001597 0.017572 0.001597 0.001597 0.001597 0.001597 0.001597 0.960064 0.007987 0.004792 
0.000430 0.001291 0.000430 0.000430 0.000430 0.516781 0.000430 0.473752 0.005594 0.000430 
0.000220 0.000220 0.000220 0.000220 0.000220 0.708480 0.000220 0.288445 0.001538 0.000220 
0.000552 0.000552 0.000552 0.000184 0.000552 0.729496 0.000184 0.265355 0.000919 0.001655 
0.000153 0.002905 0.000153 0.000459 0.000153 0.764373 0.000153 0.230122 0.000153 0.001376 
0.000151 0.000454 0.000151 0.000454 0.000151 0.764822 0.000151 0.233061 0.000454 0.000151 
0.000741 0.000148 0.000148 0.000148 0.000148 0.766232 0.000148 0.231396 0.000148 0.000741 
0.000108 0.090251 0.000108 0.000540 0.000108 0.732490 0.000108 0.176070 0.000108 0.000108 
0.000743 0.094758 0.000318 0.000106 0.000106 0.727186 0.000106 0.175403 0.001167 0.000106 
0.000310 0.099048 0.000103 0.000103 0.000517 0.715276 0.000103 0.183502 0.000724 0.000310 
0.002838 0.216130 0.001190 0.000458 0.000092 0.618912 0.000092 0.159191 0.000458 0.000641 
0.113603 0.283974 0.000067 0.000067 0.000067 0.499068 0.000067 0.101624 0.001264 0.000200 
0.215285 0.312812 0.000054 0.000271 0.000054 0.388208 0.000054 0.083044 0.000163 0.000054 
0.217001 0.313232 0.000054 0.000054 0.000376 0.382719 0.000054 0.085651 0.000805 0.000054 
0.221967 0.314254 0.000053 0.000053 0.000053 0.378481 0.000053 0.083058 0.001547 0.000480 
0.220290 0.318870 0.000052 0.000470 0.000052 0.377976 0.000365 0.081193 0.000574 0.000157 
0.189134 0.273506 0.000040 0.000121 0.000121 0.304231 0.162431 0.063581 0.006796 0.000040 
0.178394 0.266179 0.000039 0.000116 0.000039 0.298072 0.186832 0.065529 0.004761 0.000039 
0.179486 0.263754 0.000038 0.000114 0.000114 0.290884 0.188125 0.059753 0.015497 0.002236 
0.149785 0.228110 0.000033 0.000033 0.000228 0.240144 0.171773 0.049603 0.039780 0.120511 
0.155510 0.223686 0.000033 0.000033 0.000293 0.242096 0.169952 0.048432 0.037113 0.122853 
0.144157 0.201660 0.000031 0.000339 0.000216 0.230349 0.159150 0.046366 0.080608 0.137124 
0.131815 0.197797 0.000561 0.000679 0.016215 0.215341 0.153671 0.043269 0.100921 0.139731 
0.119666 0.183669 0.000079 0.000291 0.066146 0.186898 0.137401 0.037507 0.131472 0.136871 
0.121202 0.169767 0.000026 0.000132 0.063653 0.188897 0.138852 0.039819 0.138007 0.139645 
0.113506 0.170449 0.000025 0.000025 0.080581 0.184851 0.131724 0.038497 0.148517 0.131825 
0.114405 0.171823 0.000025 0.000025 0.078101 0.182456 0.135975 0.035722 0.150152 0.131316 
0.114150 0.175801 0.000124 0.000025 0.083300 0.183191 0.128236 0.036876 0.147877 0.130419 
0.105840 0.159240 0.000070 0.039068 0.076475 0.171818 0.122533 0.033503 0.163167 0.128285 
0.103225 0.164559 0.000023 0.064744 0.075493 0.161939 0.119846 0.031548 0.159771 0.118852 
0.102973 0.161667 0.000113 0.064716 0.073920 0.161847 0.117455 0.031918 0.164103 0.121289 
0.104619 0.167801 0.000023 0.064872 0.077129 0.155137 0.117868 0.032109 0.160635 0.119806 
0.104875 0.155752 0.000066 0.077068 0.071666 0.157036 0.116565 0.033231 0.169301 0.114439 
0.100766 0.152603 0.000022 0.086461 0.069401 0.152209 0.116164 0.030556 0.166295 0.125525 
0.099725 0.155038 0.000022 0.085132 0.072156 0.159887 0.111871 0.029382 0.168494 0.118293 
0.098459 0.147657 0.022072 0.081503 0.068598 0.147574 0.110905 0.030968 0.176391 0.115875 
0.093396 0.146814 0.069337 0.081614 0.063274 0.132402 0.101518 0.027510 0.182922 0.101212 
0.087736 0.148243 0.072808 0.082937 0.060412 0.133352 0.099490 0.025340 0.186376 0.103307 
0.087433 0.147828 0.080780 0.082665 0.061116 0.134116 0.098337 0.026520 0.180318 0.100887 
0.084387 0.144494 0.085702 0.080039 0.059211 0.130572 0.097431 0.027678 0.184942 0.105543 
0.080179 0.139018 0.124803 0.078838 0.055034 0.126714 0.091779 0.023083 0.182737 0.097814 
0.079756 0.133629 0.126234 0.076911 0.055028 0.127171 0.091333 0.023674 0.188841 0.097423 
0.078119 0.132171 0.139971 0.074479 0.055400 0.120958 0.090015 0.023580 0.190350 0.094956 
0.072422 0.125435 0.170465 0.071522 0.049776 0.114403 0.087025 0.024779 0.194214 0.089958 
0.071547 0.127323 0.183708 0.069387 0.049448 0.111260 0.083373 0.023055 0.189856 0.091044 
