0.000707 0.000707 0.492580 0.003534 0.002120 0.000707 0.000707 0.000707 0.000707 0.493993 0.000707 0.000707 0.000707 0.000707 0.000707 
0.000379 0.000379 0.485411 0.001137 0.000379 0.000379 0.003410 0.001137 0.000379 0.493748 0.000379 0.001137 0.000379 0.005684 0.005684 
0.000211 0.000211 0.448915 0.077733 0.000632 0.000211 0.000211 0.001053 0.003160 0.389088 0.001053 0.000632 0.000632 0.076048 0.000211 
0.000149 0.000447 0.363109 0.142474 0.000447 0.000149 0.000447 0.001340 0.028733 0.304451 0.000149 0.000149 0.000149 0.157362 0.000447 
0.000110 0.000110 0.274469 0.163492 0.002532 0.000110 0.051855 0.002973 0.114390 0.220302 0.000330 0.000110 0.000330 0.167676 0.001211 
0.000426 0.000256 0.211858 0.139279 0.048982 0.000596 0.089871 0.028537 0.140983 0.174717 0.002130 0.000085 0.000256 0.159554 0.002470 
0.000072 0.001521 0.174886 0.132015 0.088131 0.014990 0.092331 0.084945 0.113042 0.152437 0.000072 0.000217 0.000072 0.133464 0.011804 
0.005083 0.016437 0.162981 0.121394 0.080071 0.034260 0.097234 0.085748 0.099611 0.128787 0.000066 0.000462 0.000726 0.116377 0.050762 
0.045697 0.021775 0.135987 0.118444 0.083727 0.053058 0.072686 0.077225 0.093786 0.113783 0.000061 0.001656 0.001043 0.114151 0.066920 
0.058004 0.036153 0.104555 0.098960 0.067821 0.044070 0.070354 0.069932 0.074365 0.091043 0.035520 0.070143 0.035731 0.090938 0.052409 
0.072695 0.044417 0.099575 0.083387 0.070997 0.040819 0.066700 0.060405 0.064801 0.090382 0.044317 0.084187 0.040620 0.081789 0.054909 
0.066400 0.045816 0.109468 0.088983 0.056807 0.043817 0.063402 0.061104 0.070197 0.084287 0.042518 0.086585 0.045216 0.086385 0.049013 
0.064402 0.033225 0.099975 0.086485 0.067499 0.037522 0.059405 0.059206 0.070397 0.092281 0.056508 0.089883 0.048514 0.080590 0.054109 
0.069598 0.047414 0.093980 0.084087 0.063003 0.041819 0.069898 0.066400 0.064901 0.085086 0.049913 0.088883 0.045216 0.082988 0.046815 
0.060704 0.035923 0.095578 0.088783 0.069598 0.037022 0.068299 0.066700 0.063902 0.087484 0.046715 0.100275 0.046215 0.077792 0.055009 
0.061404 0.040220 0.102473 0.098576 0.061704 0.042518 0.066600 0.063602 0.063402 0.081689 0.056108 0.087884 0.042018 0.080090 0.051711 
0.066700 0.042618 0.095179 0.083587 0.067799 0.041619 0.068599 0.060605 0.065501 0.086785 0.059006 0.082888 0.043118 0.082488 0.053510 
0.062503 0.041819 0.103273 0.085886 0.059905 0.043517 0.072795 0.064901 0.064801 0.085186 0.050212 0.087784 0.044816 0.080789 0.051811 
0.065001 0.041019 0.105571 0.082588 0.061004 0.039321 0.066500 0.065401 0.067599 0.096478 0.049313 0.087384 0.050012 0.073195 0.049613 
0.056308 0.048614 0.107070 0.080989 0.062103 0.042918 0.064402 0.065201 0.064701 0.085086 0.052611 0.084886 0.047514 0.081289 0.056308 
0.068698 0.040420 0.098076 0.087185 0.061404 0.043018 0.070797 0.063003 0.063003 0.091881 0.046415 0.087684 0.052411 0.076193 0.049813 
0.059206 0.043218 0.100275 0.092181 0.059905 0.042018 0.064701 0.067899 0.067799 0.093680 0.049013 0.084187 0.040420 0.085686 0.049813 
0.069398 0.038821 0.100575 0.082888 0.060505 0.039520 0.068399 0.070697 0.070897 0.082088 0.048414 0.084287 0.045816 0.083288 0.054409 
0.063402 0.045116 0.096777 0.091082 0.061404 0.038521 0.062703 0.065601 0.067200 0.096178 0.048913 0.077792 0.046515 0.091082 0.047714 
0.060005 0.042118 0.109368 0.083787 0.063203 0.039420 0.059905 0.055508 0.064402 0.089483 0.053710 0.083787 0.055608 0.081389 0.058306 
0.063303 0.044517 0.103472 0.084986 0.051611 0.045116 0.069398 0.062603 0.073795 0.092281 0.051911 0.084487 0.043617 0.083987 0.044916 
0.067000 0.041319 0.105371 0.082188 0.063702 0.040819 0.061004 0.068499 0.074794 0.090482 0.044716 0.084387 0.047714 0.079191 0.048813 
0.075593 0.045316 0.102373 0.087185 0.056807 0.041619 0.066900 0.069398 0.064402 0.085986 0.046315 0.081589 0.046715 0.078591 0.051212 
0.071796 0.044517 0.097277 0.089183 0.068099 0.050012 0.068698 0.062003 0.066500 0.084187 0.043118 0.084986 0.047814 0.070797 0.051012 
0.061204 0.042318 0.104572 0.092880 0.066300 0.042318 0.055608 0.064302 0.074294 0.088384 0.047115 0.089583 0.047315 0.076393 0.047414 
0.065901 0.040819 0.098376 0.094479 0.064302 0.041619 0.062603 0.064602 0.067000 0.089583 0.044716 0.085886 0.046415 0.081289 0.052411 
0.061004 0.033225 0.098876 0.091082 0.071796 0.047015 0.063802 0.058706 0.071896 0.087285 0.045316 0.086685 0.052910 0.080290 0.050112 
0.065501 0.039520 0.098576 0.090282 0.061404 0.041319 0.062203 0.061904 0.068698 0.094079 0.048913 0.088584 0.051611 0.079490 0.047914 
0.058906 0.042118 0.100375 0.090082 0.060205 0.032925 0.070797 0.060405 0.072196 0.089083 0.045616 0.091681 0.052411 0.082388 0.050812 
0.058006 0.042918 0.106370 0.087285 0.061304 0.039520 0.069398 0.060505 0.065101 0.091581 0.047514 0.084387 0.047514 0.088184 0.050412 
0.070597 0.045016 0.096078 0.082588 0.064502 0.043318 0.068299 0.063802 0.069698 0.093880 0.050112 0.082888 0.037422 0.082288 0.049513 
0.061804 0.038521 0.097577 0.084686 0.066800 0.046515 0.068499 0.061204 0.068099 0.089683 0.052810 0.087984 0.044916 0.079890 0.051012 
0.067000 0.040919 0.103572 0.087484 0.064102 0.035124 0.077592 0.065401 0.061704 0.082788 0.047714 0.089383 0.046815 0.077392 0.053010 
0.069298 0.049513 0.101574 0.088284 0.059505 0.042518 0.059006 0.068599 0.066900 0.080590 0.038621 0.091981 0.050312 0.081989 0.051312 
0.062803 0.038821 0.099475 0.083487 0.067599 0.047614 0.065701 0.062503 0.065201 0.089983 0.052011 0.088683 0.049613 0.080390 0.046115 
0.066600 0.042718 0.098676 0.088284 0.057807 0.043617 0.071996 0.067399 0.067999 0.085286 0.049313 0.087884 0.040620 0.082588 0.049213 
0.065301 0.044217 0.105171 0.091481 0.062303 0.046415 0.069398 0.060205 0.076393 0.089083 0.044417 0.081189 0.038321 0.077292 0.048813 
0.063802 0.043318 0.103872 0.085786 0.059705 0.043517 0.065401 0.058706 0.069098 0.087784 0.049513 0.085186 0.053210 0.080889 0.050212 
0.060605 0.043917 0.103772 0.089783 0.065401 0.037622 0.069598 0.060505 0.064801 0.090082 0.049613 0.087684 0.049913 0.082288 0.044417 
0.065601 0.042118 0.097077 0.090382 0.063702 0.042818 0.064302 0.066100 0.061404 0.084487 0.055808 0.085486 0.035623 0.090082 0.055009 
0.061304 0.048014 0.095478 0.090282 0.071297 0.039520 0.073095 0.059605 0.073795 0.090582 0.049213 0.085186 0.041619 0.071396 0.049613 
0.063203 0.037022 0.104671 0.080789 0.064402 0.038321 0.064901 0.068299 0.064602 0.089683 0.046815 0.090482 0.045616 0.089583 0.051611 
0.064402 0.035224 0.101474 0.082588 0.068798 0.042018 0.068499 0.059106 0.069898 0.088284 0.045216 0.089183 0.049913 0.084187 0.051212 
0.071396 0.036423 0.104372 0.093880 0.065001 0.043118 0.061204 0.060305 0.061004 0.093380 0.047414 0.087384 0.039720 0.083687 0.051711 
0.064402 0.045116 0.101574 0.087984 0.059805 0.040220 0.068898 0.069198 0.064402 0.091282 0.057807 0.084387 0.039221 0.077392 0.048314 
0.066400 0.039820 0.102573 0.084087 0.060505 0.043318 0.069198 0.059505 0.063902 0.090082 0.050812 0.089183 0.047015 0.083387 0.050212 
0.060005 0.044117 0.110367 0.086285 0.064701 0.041019 0.064402 0.065301 0.065301 0.092281 0.048913 0.079690 0.047215 0.083088 0.047315 
0.069698 0.042818 0.100674 0.083787 0.060105 0.051012 0.067200 0.068698 0.066300 0.079990 0.049013 0.087384 0.040919 0.081289 0.051112 
0.055908 0.048913 0.101674 0.092680 0.069198 0.041519 0.068898 0.067899 0.061604 0.082088 0.044517 0.086285 0.046015 0.080689 0.052111 
0.067899 0.041219 0.105371 0.086585 0.056608 0.041519 0.069698 0.058306 0.062303 0.089783 0.058106 0.088783 0.045516 0.072296 0.056008 
0.070297 0.044217 0.100475 0.083787 0.066600 0.037522 0.065801 0.064102 0.064701 0.089083 0.048813 0.085686 0.049113 0.085486 0.044317 
0.058206 0.043617 0.103772 0.088783 0.065101 0.041619 0.064701 0.065901 0.065301 0.094279 0.044517 0.086385 0.050912 0.075993 0.050912 
0.067699 0.039620 0.102073 0.093180 0.059905 0.033725 0.059306 0.068698 0.064102 0.091781 0.052710 0.086785 0.045716 0.084187 0.050512 
0.062903 0.050712 0.096378 0.080789 0.057607 0.045116 0.065301 0.072695 0.062603 0.087185 0.056108 0.083587 0.048913 0.074094 0.056008 
0.069398 0.042018 0.099375 0.093980 0.062503 0.041919 0.066400 0.071796 0.063902 0.077992 0.049113 0.086285 0.048414 0.075893 0.051012 
0.071996 0.041719 0.096977 0.085586 0.057207 0.046415 0.065501 0.065301 0.060005 0.090382 0.049913 0.084187 0.042018 0.089583 0.053210 
0.070197 0.043417 0.096078 0.088084 0.059505 0.041019 0.065201 0.064202 0.069998 0.088783 0.052910 0.087185 0.052311 0.078291 0.042818 
0.060505 0.041619 0.097777 0.086085 0.065801 0.042818 0.069698 0.062703 0.067000 0.088783 0.049213 0.094379 0.047215 0.082488 0.043917 
0.073095 0.041319 0.098376 0.085286 0.063203 0.043517 0.070597 0.063602 0.068599 0.085786 0.048913 0.078891 0.045416 0.084886 0.048514 
0.069998 0.044017 0.093480 0.086485 0.068698 0.045816 0.062003 0.063303 0.063003 0.078191 0.059306 0.092081 0.046515 0.077792 0.049313 
0.069098 0.041319 0.102173 0.087384 0.062503 0.041819 0.064602 0.065001 0.069798 0.087684 0.051511 0.084686 0.042218 0.080490 0.049713 
0.070497 0.039720 0.106770 0.080090 0.056907 0.039720 0.069798 0.068499 0.061504 0.090982 0.052011 0.086485 0.043118 0.087384 0.046515 
0.066400 0.041319 0.101074 0.088184 0.060205 0.043018 0.069498 0.067999 0.067899 0.090382 0.053910 0.084187 0.045016 0.076393 0.044517 
0.066900 0.042918 0.100175 0.084187 0.064602 0.042618 0.066300 0.059705 0.068099 0.097277 0.052011 0.085486 0.044916 0.080689 0.044117 
0.070397 0.046115 0.092481 0.093480 0.065101 0.043917 0.063802 0.061204 0.067599 0.091082 0.043218 0.088484 0.048414 0.079490 0.045216 
0.065301 0.045016 0.103173 0.085086 0.068199 0.041219 0.063802 0.069398 0.060704 0.088683 0.047115 0.087285 0.042718 0.083188 0.049113 
0.066500 0.046315 0.096677 0.086185 0.063103 0.035324 0.059805 0.067699 0.063902 0.091681 0.050212 0.091082 0.050012 0.085286 0.046215 
0.069498 0.042018 0.103672 0.088484 0.058106 0.039420 0.064502 0.066100 0.064801 0.087884 0.053110 0.084886 0.048314 0.077692 0.051511 
0.071996 0.039620 0.096977 0.086385 0.060804 0.039720 0.067100 0.065301 0.065501 0.087584 0.052511 0.089683 0.037722 0.086985 0.052111 
0.070897 0.048214 0.100774 0.087185 0.058206 0.041619 0.065301 0.069998 0.067899 0.085886 0.048514 0.086085 0.043417 0.075393 0.050612 
0.060704 0.040819 0.102873 0.092481 0.053810 0.041819 0.069098 0.063902 0.057907 0.092680 0.047115 0.093380 0.048614 0.085686 0.049113 
0.072496 0.036822 0.099475 0.097077 0.064502 0.035923 0.063902 0.067799 0.069198 0.093680 0.047814 0.082088 0.048314 0.073295 0.047614 
0.060305 0.044017 0.099675 0.093880 0.058906 0.052710 0.064602 0.068698 0.066000 0.084287 0.048414 0.089883 0.043717 0.076692 0.048214 
0.064602 0.040919 0.101974 0.080090 0.059605 0.041119 0.067300 0.066500 0.073395 0.088584 0.051911 0.079690 0.047215 0.079390 0.057707 
0.069298 0.044816 0.103372 0.088184 0.068199 0.039720 0.061404 0.067200 0.064701 0.083887 0.051212 0.080590 0.048414 0.078391 0.050612 
0.069098 0.042418 0.096178 0.091282 0.067100 0.033425 0.075593 0.062403 0.063502 0.088084 0.044117 0.093280 0.038921 0.078591 0.056008 
0.064901 0.048414 0.100575 0.084287 0.071297 0.043717 0.065701 0.060305 0.060704 0.087285 0.050712 0.086585 0.049713 0.080290 0.045516 
0.072895 0.036922 0.102873 0.088584 0.062403 0.043218 0.062903 0.066100 0.074194 0.087884 0.046815 0.086285 0.043517 0.074194 0.051212 
0.063303 0.046115 0.106670 0.089983 0.053110 0.037322 0.066100 0.064402 0.057507 0.094379 0.056508 0.087684 0.042718 0.085586 0.048614 
0.070897 0.042218 0.095378 0.088284 0.058806 0.042818 0.076992 0.066400 0.060704 0.088783 0.049313 0.080689 0.045516 0.075693 0.057507 
0.064302 0.040919 0.099375 0.091481 0.062803 0.038521 0.064002 0.070697 0.066600 0.090382 0.048114 0.087285 0.040919 0.080689 0.053910 
0.065401 0.039221 0.093380 0.089283 0.064402 0.046215 0.060005 0.063802 0.064102 0.091881 0.052311 0.087085 0.041919 0.087484 0.053510 
0.067200 0.051212 0.098076 0.087684 0.064102 0.038921 0.065501 0.071696 0.061504 0.095279 0.048614 0.081289 0.040520 0.076493 0.051911 
0.061404 0.040420 0.094279 0.094179 0.066400 0.044517 0.072596 0.061804 0.068499 0.086585 0.046715 0.079990 0.043617 0.078591 0.060405 
0.070997 0.042318 0.099675 0.093480 0.061104 0.040620 0.066100 0.068499 0.068399 0.092880 0.045716 0.085886 0.042218 0.075493 0.046615 
0.072396 0.048314 0.098776 0.089483 0.057807 0.037322 0.065501 0.072496 0.065201 0.087185 0.047015 0.081289 0.047015 0.071696 0.058506 
0.060605 0.039620 0.108968 0.089083 0.067599 0.036123 0.062203 0.062103 0.067599 0.086285 0.047315 0.088384 0.044517 0.085986 0.053610 
0.069698 0.046015 0.105171 0.089083 0.055908 0.038521 0.067699 0.066800 0.068898 0.087384 0.047714 0.086285 0.038621 0.078991 0.053210 
0.065901 0.032825 0.098076 0.093180 0.067899 0.045116 0.070297 0.068499 0.069398 0.085686 0.047514 0.085886 0.041019 0.082488 0.046215 
0.065201 0.047514 0.100075 0.094579 0.056208 0.038221 0.062603 0.068199 0.063502 0.091981 0.057107 0.087984 0.039620 0.078891 0.048314 
0.063502 0.043717 0.100075 0.091381 0.063702 0.047514 0.067300 0.057607 0.061704 0.092281 0.044816 0.090582 0.038921 0.090082 0.046815 
0.065601 0.038121 0.100175 0.084986 0.068199 0.039720 0.073595 0.069498 0.065301 0.083487 0.046415 0.093280 0.045116 0.084587 0.041919 
0.067599 0.044017 0.102273 0.086985 0.062803 0.038621 0.071496 0.060305 0.069998 0.093380 0.046115 0.080889 0.043917 0.083687 0.047914 
0.067799 0.042418 0.103273 0.088584 0.060105 0.044017 0.069698 0.061404 0.060605 0.094479 0.044117 0.091481 0.045916 0.079291 0.046815 
0.072196 0.042718 0.097377 0.085986 0.058806 0.041119 0.069998 0.063402 0.059605 0.089583 0.045516 0.087584 0.052511 0.077792 0.055808 
0.068099 0.036223 0.102473 0.092481 0.054209 0.039221 0.067799 0.062703 0.070197 0.093480 0.053210 0.085686 0.041119 0.082488 0.050612 
0.061604 0.046715 0.095878 0.097177 0.058106 0.045116 0.065601 0.064202 0.064701 0.091581 0.053210 0.085386 0.039121 0.081789 0.049813 
0.069598 0.039620 0.095279 0.090382 0.064402 0.038321 0.071896 0.066300 0.069898 0.085486 0.048314 0.083787 0.048713 0.083787 0.044217 
0.064801 0.039620 0.105371 0.083987 0.067499 0.044916 0.069398 0.068299 0.060005 0.086985 0.040819 0.085286 0.046115 0.085586 0.051312 
0.060605 0.048314 0.106370 0.087085 0.061304 0.045816 0.063303 0.066300 0.067300 0.085186 0.056308 0.081989 0.037022 0.082588 0.050512 
0.068698 0.042818 0.104971 0.087584 0.059705 0.041919 0.067399 0.063003 0.065901 0.089983 0.046515 0.089183 0.043417 0.076493 0.052411 
0.063502 0.036922 0.105471 0.085586 0.067200 0.040420 0.065701 0.067100 0.058206 0.087984 0.050512 0.090982 0.047414 0.080090 0.052910 
0.067599 0.037622 0.116463 0.085686 0.055508 0.047215 0.067300 0.060505 0.062403 0.086185 0.046915 0.088184 0.041419 0.084187 0.052810 
0.064801 0.041419 0.102773 0.090382 0.056707 0.040220 0.064602 0.071097 0.065901 0.083887 0.047714 0.083787 0.044017 0.087185 0.055508 
0.063802 0.040520 0.102973 0.092780 0.065001 0.036223 0.065001 0.068898 0.060605 0.077092 0.055009 0.090482 0.053010 0.079790 0.048813 
0.066000 0.043218 0.106470 0.083687 0.063003 0.045516 0.067999 0.066000 0.063402 0.089283 0.044217 0.084986 0.046115 0.080789 0.049313 
0.061704 0.043517 0.109168 0.087884 0.059705 0.046315 0.061704 0.061604 0.070997 0.092680 0.048913 0.080889 0.039920 0.080989 0.054009 
0.067100 0.045516 0.102473 0.084587 0.061704 0.043917 0.068199 0.063702 0.069998 0.087484 0.050912 0.085286 0.039021 0.076093 0.054009 
0.075094 0.042218 0.092381 0.086685 0.061504 0.038021 0.069798 0.063003 0.068798 0.089483 0.048214 0.083587 0.046115 0.086985 0.048114 
0.064302 0.044217 0.100275 0.090282 0.066600 0.040719 0.062203 0.065101 0.066700 0.086185 0.043417 0.083987 0.051012 0.085286 0.049713 
0.065401 0.036123 0.100774 0.088484 0.067399 0.039820 0.064202 0.055608 0.071896 0.090582 0.054409 0.082488 0.043318 0.080590 0.058906 
0.066800 0.043817 0.106370 0.082888 0.060804 0.039720 0.065001 0.072296 0.063902 0.090482 0.050812 0.079191 0.040420 0.083487 0.054009 
0.069098 0.039321 0.096877 0.091082 0.064502 0.034624 0.053510 0.075294 0.060505 0.092081 0.050112 0.094679 0.047914 0.078791 0.051611 
0.066200 0.044417 0.104072 0.086385 0.067999 0.037522 0.059006 0.062903 0.065901 0.082288 0.048114 0.092281 0.046215 0.083188 0.053510 
0.067300 0.041519 0.101474 0.091481 0.065101 0.040420 0.058406 0.064701 0.065801 0.094279 0.053710 0.086385 0.043717 0.075493 0.050212 
0.059605 0.039820 0.102373 0.089483 0.059805 0.042118 0.065001 0.058106 0.069398 0.085186 0.051112 0.086185 0.045416 0.087584 0.058806 
0.062303 0.052311 0.099975 0.084686 0.067499 0.040020 0.065701 0.068199 0.062203 0.091781 0.044417 0.088384 0.046815 0.073395 0.052311 
0.059306 0.050612 0.105171 0.079390 0.060005 0.040919 0.075993 0.066900 0.062803 0.092481 0.048014 0.080889 0.043218 0.082888 0.051411 
0.066000 0.045016 0.098976 0.088284 0.064302 0.041519 0.075493 0.060605 0.067200 0.087285 0.051511 0.082188 0.042118 0.079291 0.050212 
0.066700 0.043018 0.099375 0.089883 0.063203 0.043118 0.060605 0.058106 0.064002 0.093380 0.048014 0.085886 0.049613 0.087984 0.047115 
0.066300 0.048014 0.100075 0.084387 0.060005 0.041319 0.062903 0.069298 0.062103 0.090782 0.049213 0.088983 0.043417 0.086185 0.047015 
0.070697 0.043717 0.096478 0.088883 0.058906 0.043218 0.066600 0.063702 0.056108 0.092880 0.046915 0.089483 0.050512 0.078391 0.053510 
0.062403 0.043517 0.104971 0.088384 0.062503 0.045116 0.067599 0.061204 0.060904 0.090682 0.051611 0.084986 0.045316 0.080390 0.050412 
0.071496 0.041819 0.104272 0.089383 0.063602 0.045616 0.060505 0.062103 0.068798 0.082588 0.047015 0.082688 0.044017 0.082288 0.053810 
0.064602 0.041719 0.101174 0.088584 0.067599 0.043917 0.067200 0.063902 0.067799 0.093780 0.042218 0.085586 0.047215 0.077392 0.047315 
0.068998 0.037022 0.101374 0.092980 0.064002 0.041419 0.066100 0.061004 0.064701 0.087884 0.053710 0.082988 0.043318 0.082188 0.052311 
0.067200 0.044117 0.095079 0.083387 0.067899 0.041819 0.067699 0.063303 0.067599 0.088783 0.050612 0.080190 0.045316 0.089183 0.047814 
0.067000 0.044317 0.109368 0.086385 0.057007 0.050012 0.066000 0.063902 0.062403 0.095179 0.043817 0.086885 0.040719 0.077892 0.049113 
0.072096 0.039520 0.105271 0.091082 0.061604 0.033325 0.067499 0.058906 0.069798 0.088184 0.048713 0.089083 0.040420 0.078591 0.055908 
0.069098 0.035124 0.095378 0.090082 0.068199 0.039420 0.061704 0.062503 0.063902 0.091381 0.049813 0.090282 0.045616 0.083088 0.054409 
0.070897 0.047614 0.099575 0.089683 0.057107 0.042818 0.072196 0.071197 0.062503 0.078991 0.046115 0.088683 0.051811 0.073295 0.047514 
0.068698 0.046715 0.098376 0.087884 0.062703 0.036223 0.066000 0.070897 0.065501 0.087185 0.046615 0.086285 0.044017 0.083288 0.049613 
0.074394 0.049113 0.104372 0.085586 0.057107 0.047714 0.068399 0.063203 0.068798 0.078391 0.041819 0.084487 0.043417 0.082888 0.050312 
0.070497 0.045816 0.106470 0.083787 0.062703 0.042918 0.061304 0.062503 0.059605 0.085286 0.047414 0.087384 0.047814 0.081889 0.054609 
0.064202 0.041419 0.097577 0.090982 0.065301 0.042018 0.070797 0.069898 0.060704 0.089383 0.054309 0.082188 0.039021 0.082688 0.049513 
0.065201 0.044317 0.099775 0.084786 0.060505 0.049513 0.064801 0.060405 0.066300 0.088883 0.054709 0.093780 0.043318 0.079390 0.044317 
0.060505 0.045816 0.105871 0.084487 0.057007 0.042518 0.061904 0.067300 0.071696 0.087085 0.054709 0.085986 0.040719 0.079490 0.054909 
0.063602 0.042018 0.103972 0.090182 0.059905 0.042518 0.068599 0.060205 0.062603 0.093780 0.051312 0.086085 0.043617 0.082688 0.048913 
0.072995 0.036722 0.100275 0.088783 0.059106 0.039620 0.065901 0.067399 0.065401 0.097277 0.044716 0.079390 0.046115 0.079590 0.056707 
0.064602 0.044617 0.108269 0.090982 0.056008 0.045316 0.071396 0.062703 0.066600 0.086585 0.042718 0.089483 0.044217 0.077892 0.048614 
0.066300 0.053110 0.103672 0.088683 0.062103 0.045716 0.065601 0.064901 0.063702 0.094079 0.044517 0.082788 0.041219 0.072296 0.051312 
0.055708 0.042318 0.106870 0.091981 0.065501 0.042918 0.069598 0.063902 0.065201 0.089883 0.050812 0.091381 0.038821 0.075593 0.049513 
0.069998 0.042318 0.101374 0.086185 0.060005 0.034624 0.056008 0.057007 0.077492 0.086085 0.046915 0.091381 0.048713 0.082988 0.058906 
0.069098 0.045116 0.104671 0.087584 0.062203 0.035823 0.063203 0.061204 0.075393 0.088384 0.054409 0.078591 0.043417 0.083687 0.047215 
0.068998 0.039820 0.099675 0.084087 0.064302 0.042718 0.065601 0.067599 0.056108 0.090982 0.055708 0.079590 0.049413 0.079291 0.056108 
0.065001 0.048514 0.102373 0.095179 0.059006 0.045916 0.067599 0.060704 0.064602 0.091481 0.047315 0.078991 0.043817 0.079590 0.049913 
0.060005 0.041619 0.101374 0.097377 0.069998 0.043517 0.062403 0.067100 0.059905 0.096677 0.049813 0.085086 0.044916 0.074794 0.045416 
0.071996 0.044317 0.102173 0.082188 0.059306 0.048014 0.066100 0.071396 0.064202 0.086485 0.043817 0.083887 0.048214 0.076393 0.051511 
0.070997 0.045216 0.100575 0.081289 0.059605 0.043817 0.067000 0.067899 0.073195 0.093080 0.042218 0.080689 0.040919 0.086085 0.047414 
0.068099 0.042218 0.104971 0.091581 0.063303 0.043018 0.065601 0.057107 0.065001 0.087884 0.051411 0.090182 0.041619 0.078791 0.049213 
0.061904 0.043617 0.099675 0.083088 0.057807 0.042818 0.068998 0.065901 0.063003 0.086085 0.056208 0.087884 0.039720 0.088883 0.054409 
0.068599 0.042618 0.099276 0.084187 0.060605 0.041019 0.066800 0.066400 0.064402 0.092081 0.058506 0.084587 0.043218 0.082288 0.045416 
0.065201 0.050012 0.103872 0.077192 0.062103 0.043417 0.067000 0.059106 0.066800 0.095578 0.051112 0.087784 0.038921 0.081989 0.049913 
0.066200 0.042318 0.097477 0.087884 0.064502 0.040220 0.066200 0.059405 0.072995 0.093080 0.052810 0.085486 0.041319 0.083387 0.046715 
0.059306 0.039121 0.100475 0.081589 0.063802 0.044417 0.061204 0.068499 0.066900 0.089483 0.055708 0.080190 0.048614 0.092281 0.048414 
0.068599 0.044517 0.100075 0.094879 0.056008 0.042618 0.064402 0.065801 0.066800 0.086985 0.048713 0.087484 0.040620 0.080390 0.052111 
0.063602 0.048514 0.097977 0.089283 0.068099 0.042418 0.066500 0.067300 0.063402 0.083188 0.042318 0.086185 0.050612 0.083887 0.046715 
0.058206 0.047015 0.104372 0.088284 0.063802 0.035623 0.067999 0.068299 0.066800 0.089883 0.048414 0.087684 0.043018 0.080290 0.050312 
0.061304 0.043417 0.108469 0.091182 0.054109 0.040120 0.067100 0.066000 0.060804 0.089183 0.047315 0.081689 0.048913 0.086685 0.053710 
0.064602 0.041019 0.105071 0.090382 0.066800 0.037622 0.067300 0.057507 0.068299 0.095179 0.052111 0.091481 0.037522 0.080390 0.044716 
0.070097 0.042818 0.106970 0.081789 0.059805 0.046215 0.067599 0.055808 0.066000 0.088883 0.048114 0.089383 0.045516 0.078091 0.052910 
0.074694 0.037622 0.103972 0.088284 0.065301 0.038621 0.063702 0.066800 0.069198 0.088983 0.048913 0.093080 0.038921 0.077092 0.044816 
0.067399 0.041919 0.090682 0.093980 0.060904 0.046615 0.066100 0.061504 0.063602 0.090982 0.057707 0.083088 0.043817 0.082488 0.049213 
0.060605 0.044816 0.100774 0.084886 0.061304 0.043417 0.075893 0.066600 0.065601 0.087085 0.051312 0.087185 0.045416 0.082888 0.042218 
0.072496 0.040320 0.092581 0.085486 0.066600 0.037522 0.076992 0.059206 0.066500 0.094879 0.053710 0.085286 0.041119 0.073195 0.054109 
0.062703 0.042018 0.099176 0.088484 0.059705 0.042018 0.065001 0.068099 0.064102 0.089183 0.051411 0.085786 0.047814 0.084886 0.049613 
0.062403 0.044117 0.108968 0.086685 0.059605 0.038921 0.063103 0.068698 0.066500 0.082988 0.048913 0.090582 0.041519 0.081289 0.055708 
0.067200 0.042418 0.097577 0.087684 0.067000 0.038521 0.070197 0.065101 0.062503 0.087185 0.048414 0.090882 0.045216 0.083188 0.046915 
0.062203 0.039820 0.092980 0.090082 0.063702 0.043817 0.063602 0.067399 0.065001 0.092181 0.051511 0.091881 0.046815 0.075893 0.053110 
0.059605 0.043817 0.103872 0.089483 0.058106 0.038821 0.069298 0.063103 0.067399 0.092381 0.051711 0.086985 0.039420 0.084387 0.051611 
0.068898 0.043817 0.097277 0.081389 0.063203 0.039720 0.067499 0.066800 0.070497 0.085286 0.054009 0.084087 0.041419 0.084686 0.051411 
0.061504 0.049013 0.091881 0.086085 0.059805 0.037122 0.070497 0.066900 0.077892 0.093080 0.048813 0.084986 0.048614 0.078191 0.045616 
0.069398 0.043318 0.103872 0.094779 0.067899 0.034624 0.066500 0.061704 0.064502 0.085486 0.049413 0.090582 0.047015 0.079091 0.041819 
0.059805 0.043417 0.096378 0.091881 0.068798 0.039221 0.068998 0.063602 0.070997 0.089383 0.053910 0.090182 0.039021 0.076593 0.047814 
0.060105 0.047614 0.102573 0.082488 0.066800 0.040120 0.071796 0.063702 0.065701 0.090082 0.046615 0.087185 0.038821 0.085786 0.050612 
0.068299 0.042218 0.100974 0.080689 0.068698 0.038721 0.067499 0.065201 0.061404 0.082488 0.056608 0.084487 0.046615 0.084587 0.051511 
0.067999 0.046615 0.107270 0.086185 0.062103 0.040420 0.063003 0.064502 0.061804 0.088983 0.054809 0.086485 0.043218 0.075593 0.051012 
0.069298 0.039021 0.100275 0.089983 0.066700 0.044017 0.066900 0.066500 0.060605 0.087085 0.049513 0.084487 0.049813 0.075793 0.050012 
0.060305 0.041719 0.094179 0.082988 0.066800 0.041319 0.064202 0.067799 0.065501 0.091981 0.051112 0.089483 0.046815 0.086285 0.049513 
0.062403 0.042518 0.101574 0.088683 0.065001 0.051611 0.067899 0.061404 0.069698 0.091381 0.049613 0.082388 0.040420 0.076293 0.049113 
0.068299 0.046915 0.098576 0.082888 0.060405 0.043318 0.061404 0.066400 0.070997 0.084187 0.052311 0.084886 0.043218 0.089183 0.047015 
0.068898 0.043517 0.100674 0.090782 0.059106 0.042918 0.063902 0.066800 0.063103 0.091981 0.046815 0.082788 0.048813 0.078691 0.051212 
0.058306 0.042718 0.102973 0.093980 0.068798 0.037822 0.070097 0.063502 0.064202 0.082488 0.051212 0.091981 0.038221 0.081189 0.052511 
0.070797 0.044217 0.101474 0.089383 0.060704 0.042118 0.067599 0.059006 0.066900 0.086985 0.051312 0.083188 0.041819 0.075094 0.059405 
0.075793 0.040320 0.099675 0.080290 0.065801 0.038721 0.067599 0.068099 0.065201 0.088883 0.056907 0.085386 0.039420 0.077992 0.049913 
0.062603 0.044617 0.104971 0.085186 0.059206 0.041219 0.064602 0.058006 0.068898 0.087784 0.050112 0.083288 0.045716 0.084487 0.059306 
0.061204 0.039121 0.099875 0.083088 0.064502 0.052011 0.060405 0.067999 0.066600 0.090782 0.051012 0.086985 0.046315 0.080789 0.049313 
0.064002 0.037322 0.104172 0.087784 0.059405 0.042418 0.067200 0.067000 0.067799 0.089783 0.052411 0.083487 0.041719 0.086785 0.048713 
0.059405 0.048014 0.102973 0.091082 0.065301 0.044716 0.062903 0.068898 0.066500 0.091781 0.045316 0.080390 0.041219 0.081389 0.050112 
0.057207 0.040819 0.104871 0.096178 0.062303 0.037522 0.062803 0.067000 0.067300 0.088683 0.050212 0.085786 0.043018 0.086985 0.049313 
0.065301 0.043018 0.098976 0.087684 0.070597 0.043817 0.068998 0.063402 0.067799 0.083088 0.046815 0.086785 0.044517 0.080989 0.048214 
0.070797 0.042918 0.100774 0.084487 0.059405 0.042618 0.070597 0.062603 0.068199 0.092880 0.043617 0.087185 0.049613 0.079790 0.044517 
0.064701 0.045616 0.101474 0.084487 0.062703 0.044916 0.070297 0.059106 0.064701 0.089083 0.046215 0.088484 0.043118 0.083387 0.051711 
0.067200 0.044716 0.104572 0.086385 0.064502 0.038721 0.066200 0.063003 0.071396 0.087584 0.048713 0.088084 0.041819 0.074894 0.052211 
0.067200 0.042518 0.095179 0.090282 0.061804 0.040120 0.071996 0.061404 0.063003 0.093480 0.053310 0.085686 0.040919 0.083387 0.049713 
0.066000 0.046815 0.098976 0.087484 0.066400 0.044517 0.070197 0.061804 0.064202 0.085886 0.044217 0.087884 0.040719 0.085686 0.049213 
0.066000 0.039021 0.096977 0.082788 0.067499 0.040919 0.065301 0.066200 0.073795 0.087185 0.054709 0.087584 0.039620 0.082388 0.050012 
0.069698 0.035523 0.100774 0.089083 0.060205 0.042218 0.066500 0.064801 0.062103 0.097777 0.044716 0.088783 0.047015 0.084587 0.046215 
0.067899 0.038921 0.102573 0.081289 0.069798 0.041319 0.070597 0.066900 0.062103 0.085486 0.047215 0.086785 0.046015 0.086685 0.046415 
0.066800 0.042718 0.103672 0.085786 0.063303 0.045916 0.070797 0.066900 0.059605 0.085086 0.043118 0.085886 0.043318 0.080090 0.057007 
0.067000 0.040919 0.101074 0.090582 0.061004 0.044417 0.076892 0.063103 0.057707 0.087384 0.043218 0.088384 0.048114 0.075094 0.055109 
0.067100 0.049713 0.098276 0.085886 0.058906 0.037622 0.065701 0.066000 0.071796 0.087384 0.049613 0.083487 0.044517 0.081289 0.052710 
0.069398 0.044916 0.101974 0.089083 0.058006 0.043417 0.064402 0.061604 0.065401 0.089783 0.045116 0.086785 0.040719 0.086185 0.053210 
0.065701 0.043417 0.106670 0.086785 0.065701 0.038621 0.066200 0.059805 0.069898 0.088783 0.054509 0.087984 0.041619 0.076892 0.047414 
0.072396 0.048214 0.098276 0.088783 0.060105 0.038921 0.069498 0.067599 0.063103 0.084886 0.047714 0.084587 0.041519 0.079590 0.054809 
0.062703 0.039021 0.104971 0.089283 0.063902 0.042018 0.067599 0.060804 0.065801 0.088184 0.044916 0.088683 0.047115 0.079990 0.055009 
0.068499 0.041119 0.101474 0.085086 0.065501 0.041119 0.062403 0.063802 0.064602 0.082888 0.046315 0.093280 0.035823 0.087984 0.060105 
0.066500 0.048713 0.097677 0.088484 0.059306 0.046615 0.068399 0.068998 0.066800 0.086185 0.048614 0.086485 0.042118 0.079291 0.045816 
0.061804 0.039221 0.094179 0.092880 0.067000 0.048913 0.065401 0.061104 0.070597 0.087285 0.048314 0.080490 0.047115 0.084886 0.050812 
0.063402 0.045116 0.104572 0.078291 0.070297 0.036922 0.069398 0.064302 0.070797 0.087884 0.048114 0.086085 0.037822 0.084087 0.052910 
0.065601 0.050912 0.100674 0.082288 0.063402 0.046315 0.062103 0.064102 0.064002 0.085986 0.051711 0.082688 0.047015 0.087684 0.045516 
0.062703 0.038521 0.099975 0.091581 0.062803 0.045916 0.068199 0.062103 0.067599 0.097377 0.046615 0.082888 0.046515 0.078391 0.048813 
0.061604 0.038221 0.101774 0.085986 0.056308 0.046915 0.070697 0.062803 0.065301 0.088284 0.052910 0.087684 0.045816 0.084087 0.051611 
0.062403 0.041619 0.105971 0.085686 0.070297 0.041819 0.063402 0.058206 0.063502 0.088883 0.047914 0.083887 0.040620 0.089183 0.056608 
0.063902 0.046115 0.098976 0.090282 0.059605 0.041119 0.070697 0.062703 0.064202 0.082688 0.050412 0.089883 0.045516 0.089783 0.044117 
0.061004 0.047215 0.097177 0.087085 0.059006 0.047814 0.064102 0.065101 0.060704 0.092081 0.046415 0.087384 0.046315 0.081689 0.056907 
0.063402 0.043517 0.098676 0.090382 0.070297 0.041319 0.072995 0.069898 0.064701 0.090082 0.046115 0.083387 0.043617 0.083687 0.037922 
0.063103 0.045316 0.104072 0.080989 0.057007 0.045616 0.067999 0.069698 0.063303 0.093280 0.045316 0.096977 0.038821 0.078891 0.049613 
0.060505 0.043817 0.100175 0.088983 0.064701 0.036523 0.065601 0.069698 0.066500 0.080190 0.053410 0.094579 0.044716 0.075993 0.054609 
0.061704 0.038721 0.096478 0.089783 0.064801 0.041419 0.062303 0.066900 0.069298 0.091182 0.048014 0.086285 0.042018 0.088683 0.052411 
0.068499 0.043218 0.103173 0.084686 0.062403 0.047714 0.067999 0.067599 0.070897 0.089283 0.052311 0.084786 0.034524 0.075294 0.047614 
0.067799 0.045716 0.105471 0.082488 0.055109 0.038421 0.057807 0.072496 0.069398 0.093780 0.048114 0.088683 0.044417 0.080889 0.049413 
0.065101 0.033725 0.104272 0.091881 0.059605 0.043417 0.066100 0.062303 0.069598 0.091981 0.046215 0.086485 0.043018 0.081589 0.054709 
0.061904 0.049013 0.101474 0.087384 0.060505 0.043417 0.065201 0.061904 0.073695 0.087784 0.060105 0.086385 0.037622 0.078291 0.045316 
0.071496 0.041519 0.102973 0.084287 0.067599 0.038021 0.065801 0.067699 0.063602 0.087584 0.045116 0.090882 0.037722 0.085786 0.049913 
0.061404 0.041519 0.094179 0.083088 0.063902 0.044517 0.068998 0.061804 0.067399 0.089083 0.050812 0.091381 0.052710 0.079990 0.049213 
0.069398 0.046315 0.096178 0.086285 0.063902 0.038021 0.064701 0.062703 0.062403 0.091381 0.058206 0.086185 0.039820 0.083787 0.050712 
0.066800 0.036523 0.107669 0.093680 0.058006 0.041319 0.063103 0.068199 0.061104 0.090882 0.053310 0.085286 0.041019 0.078391 0.054709 
0.065001 0.041519 0.097777 0.095378 0.064002 0.044716 0.062103 0.072296 0.068299 0.090582 0.050012 0.076393 0.044317 0.075793 0.051811 
0.066600 0.047015 0.101574 0.084686 0.061904 0.044816 0.076293 0.061404 0.061104 0.088584 0.049113 0.083687 0.044417 0.076892 0.051911 
0.064502 0.040120 0.102073 0.081689 0.057607 0.041519 0.063502 0.071297 0.066100 0.089683 0.046515 0.089883 0.049213 0.084287 0.052011 
0.070097 0.042618 0.097477 0.087484 0.068299 0.039321 0.067300 0.059306 0.073195 0.082988 0.052511 0.084886 0.044816 0.088184 0.041519 
0.061404 0.052011 0.102073 0.086285 0.061304 0.046215 0.063502 0.062203 0.063602 0.085686 0.047914 0.083188 0.046015 0.084686 0.053910 
0.065201 0.048514 0.104172 0.088584 0.062803 0.041719 0.060205 0.060804 0.070097 0.086185 0.046115 0.090582 0.049213 0.075793 0.050012 
0.065201 0.043717 0.104172 0.087984 0.060005 0.041619 0.063502 0.062603 0.061604 0.088584 0.054309 0.088084 0.042118 0.082688 0.053810 
0.065301 0.044916 0.103273 0.082688 0.066300 0.045116 0.063402 0.065201 0.066700 0.089083 0.044417 0.089583 0.041919 0.079390 0.052710 
0.064402 0.039720 0.102373 0.088384 0.063402 0.037522 0.070197 0.062903 0.072895 0.088184 0.046815 0.087684 0.040020 0.083687 0.051811 
0.068099 0.052810 0.098876 0.085186 0.056108 0.038421 0.065501 0.064102 0.074094 0.091282 0.049713 0.091781 0.035723 0.077292 0.051012 
0.064102 0.047914 0.101274 0.090782 0.060704 0.039620 0.061504 0.069298 0.074294 0.081689 0.047315 0.085186 0.040020 0.085386 0.050912 
0.068898 0.043218 0.108269 0.090882 0.054209 0.038321 0.064701 0.059705 0.070697 0.088184 0.051411 0.082788 0.045616 0.082388 0.050712 
0.067200 0.047514 0.097377 0.083687 0.067100 0.042018 0.057607 0.059405 0.071097 0.093580 0.047215 0.083387 0.045216 0.081289 0.056308 
0.069198 0.043617 0.097177 0.090082 0.060205 0.049013 0.066100 0.071596 0.058606 0.085086 0.048813 0.082588 0.046915 0.079690 0.051312 
0.059405 0.032825 0.108668 0.092880 0.062003 0.041619 0.063702 0.069198 0.072496 0.084287 0.047914 0.084287 0.046215 0.083687 0.050812 
0.066300 0.045116 0.101074 0.082988 0.063203 0.038121 0.064102 0.062403 0.064901 0.093380 0.044117 0.090282 0.048514 0.083587 0.051911 
0.069198 0.037122 0.103872 0.082588 0.067100 0.048014 0.066300 0.060105 0.068099 0.086485 0.047714 0.091481 0.038521 0.080490 0.052910 
0.064502 0.045416 0.098176 0.093280 0.072096 0.041719 0.063902 0.064302 0.062503 0.096378 0.039820 0.079091 0.041819 0.083288 0.053710 
0.065701 0.045316 0.102273 0.088284 0.053410 0.039420 0.069498 0.063203 0.064002 0.091381 0.045816 0.082288 0.046815 0.078591 0.064002 
0.060804 0.048214 0.104871 0.087484 0.066000 0.044217 0.061604 0.065201 0.056608 0.084187 0.050212 0.079291 0.055209 0.078991 0.057107 
0.064701 0.044716 0.093880 0.084187 0.064202 0.043318 0.063303 0.063602 0.067100 0.093980 0.051212 0.082888 0.046515 0.084686 0.051711 
0.068299 0.044017 0.094179 0.086985 0.057707 0.036523 0.062603 0.066600 0.064102 0.089983 0.055608 0.087384 0.045016 0.083487 0.057507 
0.062703 0.041719 0.098376 0.087085 0.066000 0.039920 0.069798 0.068698 0.066300 0.084287 0.053510 0.092381 0.046115 0.076593 0.046515 
0.070197 0.044117 0.102773 0.086085 0.063902 0.041119 0.065701 0.063602 0.066700 0.090182 0.052511 0.082488 0.044317 0.077192 0.049113 
0.067100 0.044916 0.098876 0.095079 0.067699 0.037722 0.068299 0.057307 0.067499 0.086985 0.051312 0.084587 0.041519 0.083387 0.047714 
0.063602 0.045116 0.096378 0.089783 0.059206 0.047514 0.065301 0.062903 0.070797 0.086685 0.043118 0.086385 0.047414 0.083987 0.051811 
0.066000 0.046515 0.107869 0.084686 0.058006 0.043118 0.065401 0.066900 0.068499 0.091182 0.044117 0.084786 0.040420 0.076293 0.056208 
0.070397 0.041019 0.109868 0.087085 0.066400 0.043417 0.063003 0.066400 0.062303 0.091381 0.051511 0.084487 0.045016 0.072695 0.045016 
0.069298 0.043218 0.097277 0.085286 0.062403 0.040120 0.067300 0.065201 0.070397 0.088683 0.050812 0.084387 0.043318 0.083088 0.049213 
0.062703 0.036023 0.101074 0.098576 0.067999 0.037622 0.060704 0.062003 0.061804 0.090282 0.054309 0.085186 0.045516 0.083288 0.052910 
0.069198 0.041519 0.097677 0.090282 0.057207 0.047215 0.068898 0.063602 0.060505 0.092980 0.050612 0.090282 0.039520 0.080789 0.049713 
0.063003 0.045016 0.105071 0.083487 0.074794 0.041719 0.064602 0.063502 0.072296 0.087185 0.047315 0.079490 0.040120 0.078391 0.054009 
0.070197 0.048114 0.089283 0.092680 0.057307 0.048713 0.068998 0.056208 0.064602 0.089683 0.055209 0.084487 0.040420 0.080190 0.053910 
0.068499 0.038421 0.101074 0.086985 0.067499 0.046915 0.066500 0.062303 0.057807 0.087285 0.052710 0.085486 0.037622 0.085886 0.055009 
0.065001 0.034924 0.101874 0.092381 0.062103 0.043318 0.070697 0.064602 0.059605 0.089783 0.045016 0.085286 0.045516 0.088983 0.050912 
0.066400 0.045816 0.105771 0.093480 0.059705 0.042418 0.066100 0.065701 0.071796 0.091082 0.041819 0.082888 0.043717 0.075393 0.047914 
0.062003 0.042918 0.100774 0.083587 0.065801 0.042618 0.068798 0.061904 0.064202 0.085186 0.048214 0.091781 0.046115 0.082488 0.053610 
0.071396 0.030227 0.100974 0.088384 0.065201 0.042518 0.066000 0.060704 0.064402 0.084087 0.050912 0.094379 0.042118 0.087584 0.051112 
0.061704 0.041619 0.099375 0.091581 0.057207 0.043118 0.069398 0.063602 0.065101 0.087484 0.047414 0.093580 0.046715 0.087584 0.044517 
0.072196 0.039321 0.093380 0.086385 0.065201 0.038721 0.061204 0.064102 0.075294 0.090282 0.052511 0.093980 0.038721 0.079191 0.049513 
0.069598 0.035923 0.098376 0.086485 0.063103 0.035923 0.072196 0.060704 0.069998 0.092680 0.047614 0.096278 0.043517 0.071596 0.056008 
0.063502 0.043417 0.102673 0.086485 0.059106 0.038221 0.070197 0.064202 0.061104 0.088384 0.052211 0.085286 0.053910 0.080090 0.051212 
0.069598 0.043917 0.098276 0.082288 0.074894 0.037822 0.066500 0.067000 0.063303 0.084986 0.051112 0.086185 0.044617 0.076093 0.053410 
0.072795 0.041219 0.102073 0.088883 0.067200 0.044117 0.060105 0.065401 0.065801 0.082488 0.052511 0.081089 0.041419 0.079690 0.055209 
0.065101 0.049413 0.108968 0.086185 0.057307 0.043318 0.063602 0.063103 0.065701 0.090082 0.049513 0.083188 0.044617 0.079690 0.050212 
0.069998 0.043817 0.097077 0.090682 0.062003 0.038921 0.063003 0.065701 0.067399 0.091381 0.043218 0.084986 0.044617 0.083288 0.053910 
0.068898 0.044916 0.099975 0.085886 0.062303 0.046715 0.071696 0.062203 0.067499 0.086585 0.043218 0.080789 0.046515 0.078691 0.054109 
0.069898 0.037522 0.106470 0.089983 0.054409 0.040220 0.069698 0.061904 0.067300 0.084886 0.044716 0.092381 0.042818 0.077692 0.060105 
0.067200 0.045816 0.097377 0.101074 0.062303 0.039820 0.064801 0.066300 0.066700 0.085386 0.045116 0.078791 0.040620 0.089483 0.049213 
0.066700 0.042318 0.106770 0.086085 0.061704 0.037222 0.071396 0.061804 0.068898 0.091481 0.046515 0.088384 0.044217 0.073595 0.052910 
0.067399 0.040320 0.101474 0.088284 0.061804 0.044517 0.063502 0.064502 0.064302 0.088284 0.052311 0.090282 0.038521 0.086385 0.048114 
0.070197 0.049613 0.104072 0.090982 0.065401 0.044816 0.064202 0.060105 0.064801 0.083987 0.052211 0.081589 0.042418 0.078491 0.047115 
