0.004184 0.004184 0.991632 
0.008596 0.002865 0.988539 
0.002278 0.002278 0.995444 
0.001616 0.001616 0.996769 
0.000432 0.001295 0.998274 
0.000220 0.000660 0.999120 
0.000184 0.000184 0.999632 
0.001378 0.000153 0.998469 
0.000454 0.000151 0.999394 
0.000148 0.000742 0.999110 
0.000108 0.000108 0.999784 
0.000106 0.000106 0.999788 
0.000104 0.000104 0.999793 
0.025190 0.000092 0.974718 
0.241494 0.000067 0.758439 
0.411580 0.000054 0.588366 
0.415633 0.000054 0.584314 
0.403170 0.000267 0.596563 
0.411126 0.000470 0.588404 
0.561849 0.000362 0.437789 
0.577607 0.000039 0.422355 
0.585825 0.000038 0.414137 
0.648176 0.000033 0.351791 
0.648567 0.000033 0.351401 
0.665648 0.000031 0.334321 
0.691058 0.000030 0.308913 
0.712546 0.000026 0.287428 
0.711303 0.000026 0.288670 
0.716758 0.000076 0.283166 
0.724964 0.000177 0.274859 
0.716943 0.006771 0.276285 
0.681983 0.048615 0.269403 
0.670062 0.079661 0.250277 
0.673593 0.076999 0.249408 
0.665202 0.073446 0.261353 
0.658378 0.094661 0.246961 
0.653665 0.107125 0.239210 
0.647665 0.109922 0.242413 
0.629206 0.134772 0.236023 
0.584647 0.194234 0.221118 
0.581540 0.201595 0.216865 
0.574996 0.209988 0.215016 
0.574120 0.212995 0.212885 
0.529867 0.271078 0.199054 
0.530512 0.266637 0.202851 
0.522811 0.276350 0.200839 
0.500123 0.312118 0.187759 
0.480190 0.334007 0.185803 
