0.00849421 0.000772201 0.0100386 0.003861 0.0223938 0.425483 0.36834 0.0023166 0.0023166 0.0177606 0.000772201 0.0949807 0.000772201 0.0100386 0.0316602 
0.00775194 0.00775194 0.162791 0.00775194 0.0542636 0.00775194 0.302326 0.147287 0.0232558 0.100775 0.0387597 0.00775194 0.00775194 0.100775 0.0232558 
0.234171 0.00100503 0.19397 0.258291 0.00301508 0.00100503 0.240201 0.0170854 0.00100503 0.0271357 0.00100503 0.00100503 0.00100503 0.0190955 0.00100503 
0.274725 0.032967 0.142857 0.032967 0.0549451 0.010989 0.010989 0.010989 0.0549451 0.0549451 0.010989 0.032967 0.010989 0.0549451 0.208791 
0.131313 0.010101 0.010101 0.030303 0.030303 0.010101 0.030303 0.010101 0.010101 0.151515 0.191919 0.0707071 0.010101 0.0707071 0.232323 
0.0584708 0.00049975 0.00649675 0.00049975 0.00049975 0.445277 0.414293 0.0264868 0.00049975 0.00049975 0.00049975 0.00049975 0.00549725 0.0394803 0.00049975 
0.135789 0.00164926 0.0610225 0.00164926 0.0159428 0.31171 0.301814 0.0478285 0.00934579 0.00164926 0.00164926 0.00274876 0.00274876 0.100605 0.00384827 
0.0967742 0.00136302 0.0404362 0.000454339 0.0159019 0.00318037 0.346661 0.000454339 0.00681508 0.00590641 0.000454339 0.00408905 0.000454339 0.476602 0.000454339 
0.0186335 0.00621118 0.0310559 0.0186335 0.254658 0.0931677 0.242236 0.00621118 0.00621118 0.0434783 0.00621118 0.00621118 0.00621118 0.118012 0.142857 
0.0828025 0.00636943 0.452229 0.00636943 0.0191083 0.00636943 0.0573248 0.00636943 0.0700637 0.0573248 0.0191083 0.0191083 0.00636943 0.044586 0.146497 
0.344051 0.00535906 0.106109 0.281886 0.0310825 0.00107181 0.174705 0.00321543 0.00107181 0.0182208 0.00107181 0.0096463 0.00107181 0.0203644 0.00107181 
0.00293255 0.085044 0.214076 0.208211 0.0146628 0.0615836 0.372434 0.00879765 0.00293255 0.00293255 0.00293255 0.00293255 0.0146628 0.00293255 0.00293255 
0.127273 0.0181818 0.0181818 0.0181818 0.2 0.0181818 0.0181818 0.0181818 0.0181818 0.0181818 0.0181818 0.0545455 0.0545455 0.0545455 0.345455 
0.184506 0.0212411 0.0470637 0.00541441 0.132028 0.24115 0.32778 0.0204082 0.000416493 0.00708038 0.00124948 0.00291545 0.00208247 0.0062474 0.000416493 
0.149701 0.0179641 0.00598802 0.257485 0.00598802 0.00598802 0.00598802 0.00598802 0.00598802 0.101796 0.00598802 0.00598802 0.00598802 0.101796 0.317365 
0.170984 0.00172712 0.143351 0.557858 0.00172712 0.00172712 0.0673575 0.00172712 0.00172712 0.0328152 0.00518135 0.00172712 0.00172712 0.00863558 0.00172712 
0.125749 0.0219561 0.173653 0.00598802 0.00199601 0.00199601 0.293413 0.00199601 0.00199601 0.117764 0.0259481 0.0578842 0.0139721 0.0658683 0.0898204 
0.0825688 0.00917431 0.291743 0.32844 0.00917431 0.00917431 0.192661 0.00183486 0.00917431 0.00183486 0.00183486 0.00183486 0.00550459 0.00183486 0.053211 
0.0404624 0.526012 0.109827 0.00578035 0.017341 0.00578035 0.0289017 0.00578035 0.017341 0.017341 0.00578035 0.00578035 0.00578035 0.00578035 0.202312 
0.0989011 0.010989 0.0989011 0.252747 0.010989 0.010989 0.010989 0.010989 0.010989 0.032967 0.010989 0.010989 0.010989 0.032967 0.384615 
0.00578035 0.017341 0.121387 0.017341 0.121387 0.0982659 0.0982659 0.0404624 0.0751445 0.132948 0.0520231 0.017341 0.00578035 0.0520231 0.144509 
0.027933 0.00558659 0.0726257 0.00558659 0.0614525 0.027933 0.22905 0.00558659 0.0502793 0.251397 0.0391061 0.027933 0.00558659 0.0726257 0.117318 
0.145334 0.0045895 0.0953595 0.0382458 0.0698623 0.0290668 0.243243 0.0188679 0.0168281 0.321775 0.00152983 0.00764916 0.0045895 0.00152983 0.00152983 
0.0147783 0.00492611 0.00492611 0.0246305 0.0246305 0.0541872 0.29064 0.0147783 0.00492611 0.0246305 0.00492611 0.00492611 0.0147783 0.477833 0.0344828 
0.617156 0.0150913 0.0389198 0.00238284 0.0214456 0.000794281 0.208896 0.000794281 0.00238284 0.0103257 0.00397141 0.000794281 0.000794281 0.0214456 0.0548054 
0.0711297 0.0041841 0.0627615 0.0962343 0.0041841 0.0878661 0.0041841 0.0794979 0.0125523 0.129707 0.0125523 0.0041841 0.0041841 0.0543933 0.372385 
0.00382166 0.309554 0.00382166 0.00636943 0.00127389 0.0089172 0.482803 0.0165605 0.011465 0.115924 0.00382166 0.00127389 0.0242038 0.0089172 0.00127389 
0.0352941 0.0117647 0.0352941 0.247059 0.0117647 0.0352941 0.0117647 0.0117647 0.0117647 0.0588235 0.0352941 0.0117647 0.0117647 0.0117647 0.458824 
0.21609 0.00654818 0.571562 0.00280636 0.000935454 0.000935454 0.152479 0.0271282 0.000935454 0.01029 0.000935454 0.000935454 0.00467727 0.00280636 0.000935454 
0.012987 0.004329 0.021645 0.593074 0.0649351 0.004329 0.004329 0.004329 0.004329 0.021645 0.004329 0.012987 0.004329 0.177489 0.0649351 
0.33395 0.000925069 0.013876 0.0157262 0.0564292 0.00462535 0.0786309 0.00277521 0.00832562 0.00462535 0.400555 0.000925069 0.000925069 0.0767808 0.000925069 
0.0521212 0.00363636 0.534545 0.0278788 0.00121212 0.00121212 0.367273 0.00121212 0.00121212 0.00363636 0.00121212 0.00121212 0.00121212 0.00121212 0.00121212 
0.026178 0.0052356 0.0052356 0.0052356 0.0157068 0.256545 0.141361 0.0157068 0.0052356 0.0052356 0.0052356 0.026178 0.026178 0.287958 0.172775 
0.0673575 0.00172712 0.0189983 0.506045 0.00172712 0.00172712 0.0673575 0.0120898 0.00172712 0.143351 0.00172712 0.00518135 0.00172712 0.157168 0.0120898 
0.211679 0.0218978 0.0656934 0.0364964 0.00729927 0.226277 0.00729927 0.0218978 0.00729927 0.00729927 0.00729927 0.00729927 0.0218978 0.080292 0.270073 
0.00122599 0.00286065 0.096036 0.266857 0.00858194 0.0159379 0.512056 0.0298324 0.00612996 0.038823 0.000408664 0.0143032 0.00204332 0.00204332 0.00286065 
0.336161 0.00318134 0.00318134 0.00106045 0.00106045 0.225875 0.206787 0.00318134 0.00106045 0.00318134 0.00106045 0.00742312 0.00318134 0.18982 0.0137858 
0.000213265 0.00149286 0.00661122 0.00191939 0.280444 0.000213265 0.599488 0.00106633 0.00362551 0.00149286 0.00149286 0.0049051 0.0181275 0.0757091 0.00319898 
0.0196078 0.0196078 0.372549 0.0196078 0.0196078 0.0196078 0.0196078 0.0196078 0.0196078 0.0196078 0.0196078 0.0196078 0.0196078 0.0196078 0.372549 
0.129187 0.0143541 0.0813397 0.0430622 0.0143541 0.0813397 0.320574 0.0526316 0.00478469 0.0239234 0.0143541 0.00478469 0.00478469 0.0430622 0.167464 
0.203579 0.0201342 0.404922 0.0111857 0.00223714 0.00223714 0.270694 0.0469799 0.01566 0.00223714 0.00223714 0.00223714 0.00223714 0.0111857 0.00223714 
0.0819672 0.0163934 0.0163934 0.213115 0.0491803 0.0163934 0.0163934 0.0163934 0.0163934 0.0819672 0.0163934 0.0163934 0.0163934 0.114754 0.311475 
0.0126582 0.0126582 0.0126582 0.139241 0.0126582 0.0126582 0.0632911 0.0886076 0.0126582 0.0379747 0.0126582 0.0126582 0.0126582 0.0886076 0.468354 
0.0377834 0.0478589 0.355164 0.00251889 0.02267 0.0277078 0.319899 0.00755668 0.00251889 0.0579345 0.00251889 0.02267 0.00755668 0.00251889 0.0831234 
0.187879 0.0181818 0.00606061 0.454545 0.00606061 0.0181818 0.0181818 0.00606061 0.00606061 0.00606061 0.00606061 0.00606061 0.00606061 0.0545455 0.2 
0.0106562 0.0207515 0.00168256 0.607403 0.000560852 0.0117779 0.257431 0.0443073 0.0140213 0.00168256 0.00168256 0.000560852 0.00168256 0.022995 0.00280426 
0.231876 0.00166021 0.54953 0.000553403 0.000553403 0.0160487 0.110127 0.00608744 0.00166021 0.00276702 0.00387382 0.000553403 0.00166021 0.0724958 0.000553403 
0.0379747 0.0126582 0.443038 0.0126582 0.0126582 0.0126582 0.0379747 0.0126582 0.0379747 0.0632911 0.113924 0.0126582 0.0126582 0.0126582 0.164557 
0.193047 0.00274474 0.412626 0.00274474 0.000914913 0.00640439 0.337603 0.0118939 0.00274474 0.021043 0.000914913 0.00274474 0.00274474 0.000914913 0.000914913 
0.0654075 0.00454704 0.00314795 0.456453 0.00454704 0.00104932 0.424274 0.00244841 0.000349773 0.00454704 0.00314795 0.00174886 0.00174886 0.0129416 0.0136411 
0.081981 0.0158061 0.0052687 0.0103267 0.0680717 0.00779768 0.444046 0.000632244 0.00358272 0.344995 0.000210748 0.000210748 0.000210748 0.0162276 0.000632244 
0.144745 0.117117 0.446246 0.00540541 0.0102102 0.000600601 0.251652 0.000600601 0.00540541 0.000600601 0.0018018 0.000600601 0.0018018 0.0126126 0.000600601 
0.0447761 0.134328 0.0149254 0.19403 0.104478 0.0149254 0.0149254 0.0149254 0.0149254 0.0149254 0.0149254 0.0447761 0.0149254 0.0149254 0.343284 
0.386454 0.0438247 0.0278884 0.00398406 0.00398406 0.059761 0.0358566 0.0199203 0.00398406 0.0517928 0.0119522 0.0358566 0.00398406 0.00398406 0.306773 
0.243577 0.00102775 0.0154162 0.0585817 0.00102775 0.543679 0.118191 0.00513875 0.00102775 0.00102775 0.00102775 0.00308325 0.00102775 0.00102775 0.00513875 
0.397802 0.0021978 0.481319 0.0021978 0.0021978 0.0021978 0.0153846 0.0021978 0.0021978 0.010989 0.010989 0.00659341 0.0021978 0.0461538 0.0153846 
0.000212721 0.00574346 0.0227611 0.000212721 0.449053 0.000638162 0.510742 0.00148904 0.000212721 0.00404169 0.000212721 0.000212721 0.000212721 0.000638162 0.00361625 
0.0126582 0.0379747 0.417722 0.21519 0.0126582 0.0126582 0.0126582 0.0379747 0.0126582 0.0126582 0.0126582 0.0126582 0.0126582 0.0379747 0.139241 
0.150685 0.0684932 0.178082 0.0136986 0.0136986 0.0136986 0.0410959 0.0136986 0.0684932 0.0136986 0.0136986 0.0410959 0.0136986 0.0410959 0.315068 
0.0169492 0.0169492 0.0847458 0.288136 0.0169492 0.0169492 0.0169492 0.0169492 0.0169492 0.0169492 0.0169492 0.0169492 0.0169492 0.0508475 0.389831 
0.23871 0.00129032 0.00387097 0.553548 0.00387097 0.00387097 0.0941935 0.00903226 0.00129032 0.00387097 0.0116129 0.00387097 0.00129032 0.0425806 0.0270968 
0.001373 0.00259344 0.0822273 0.000152555 0.0108314 0.219222 0.652784 0.00289855 0.000457666 0.000762777 0.00167811 0.000152555 0.0126621 0.00167811 0.0105263 
0.0588235 0.0352941 0.0823529 0.0352941 0.0117647 0.0588235 0.0588235 0.0117647 0.0117647 0.105882 0.0117647 0.0117647 0.0117647 0.247059 0.247059 
0.00150376 0.0285714 0.121805 0.18797 0.00150376 0.00150376 0.482707 0.00150376 0.00451128 0.0736842 0.00150376 0.0616541 0.00150376 0.0075188 0.0225564 
0.191919 0.030303 0.010101 0.212121 0.0505051 0.010101 0.0707071 0.010101 0.010101 0.010101 0.010101 0.010101 0.0707071 0.010101 0.292929 
0.00395257 0.00395257 0.0592885 0.454545 0.00395257 0.00395257 0.0592885 0.0197628 0.00395257 0.00395257 0.00395257 0.0513834 0.00395257 0.296443 0.027668 
0.0114943 0.0574713 0.126437 0.402299 0.0574713 0.0114943 0.0114943 0.0114943 0.0114943 0.0114943 0.0114943 0.0114943 0.126437 0.0114943 0.126437 
0.0563607 0.00161031 0.0112721 0.494364 0.00161031 0.00805153 0.384863 0.00161031 0.00805153 0.00161031 0.00483092 0.00161031 0.00161031 0.0112721 0.0112721 
0.208633 0.00719424 0.338129 0.0791367 0.0215827 0.00719424 0.0215827 0.00719424 0.00719424 0.00719424 0.00719424 0.00719424 0.00719424 0.00719424 0.266187 
0.0961145 0.00204499 0.0511247 0.00204499 0.0756646 0.00613497 0.353783 0.00613497 0.00613497 0.0224949 0.00204499 0.00204499 0.00204499 0.0756646 0.296524 
0.047619 0.015873 0.206349 0.0793651 0.047619 0.015873 0.015873 0.047619 0.015873 0.015873 0.047619 0.0793651 0.015873 0.015873 0.333333 
0.0107527 0.0322581 0.247312 0.0107527 0.0537634 0.0967742 0.0107527 0.0107527 0.0107527 0.0107527 0.0107527 0.0107527 0.0752688 0.0322581 0.376344 
0.276012 0.0168224 0.457944 0.00436137 0.00436137 0.0242991 0.192523 0.00685358 0.00186916 0.000623053 0.00311526 0.000623053 0.000623053 0.00809969 0.00186916 
0.0175439 0.0175439 0.0526316 0.0175439 0.0175439 0.0175439 0.0175439 0.0175439 0.0175439 0.122807 0.0175439 0.0877193 0.0175439 0.0877193 0.473684 
0.186959 0.00254712 0.350993 0.0606215 0.0545084 0.0280183 0.308202 0.000509424 0.00254712 0.00152827 0.000509424 0.00152827 0.000509424 0.000509424 0.000509424 
0.000292654 0.00146327 0.00146327 0.0359965 0.0453614 0.00146327 0.568042 0.00497512 0.000292654 0.00146327 0.000292654 0.2988 0.00146327 0.0359965 0.00263389 
0.0461538 0.0153846 0.0769231 0.0769231 0.138462 0.0153846 0.0461538 0.0153846 0.0461538 0.0461538 0.0461538 0.0153846 0.0153846 0.0153846 0.384615 
0.0338164 0.0531401 0.0144928 0.0338164 0.0144928 0.178744 0.130435 0.0144928 0.0434783 0.00483092 0.458937 0.00483092 0.00483092 0.00483092 0.00483092 
0.0404624 0.017341 0.526012 0.00578035 0.017341 0.0289017 0.260116 0.00578035 0.00578035 0.00578035 0.00578035 0.00578035 0.00578035 0.017341 0.0520231 
0.00884956 0.168142 0.115044 0.00884956 0.00884956 0.00884956 0.00884956 0.00884956 0.0265487 0.115044 0.00884956 0.00884956 0.00884956 0.00884956 0.486726 
0.0315789 0.0105263 0.0315789 0.0526316 0.0315789 0.0315789 0.0105263 0.0105263 0.263158 0.0105263 0.0736842 0.0947368 0.0736842 0.0315789 0.242105 
0.00571429 0.245714 0.04 0.0171429 0.154286 0.00571429 0.222857 0.00571429 0.0514286 0.00571429 0.0171429 0.00571429 0.04 0.12 0.0628571 
0.0736086 0.00179533 0.249551 0.0125673 0.005386 0.005386 0.238779 0.00179533 0.016158 0.00179533 0.00179533 0.00179533 0.00897666 0.317774 0.0628366 
0.0171429 0.0171429 0.0171429 0.0628571 0.131429 0.0171429 0.0857143 0.0171429 0.00571429 0.405714 0.00571429 0.0514286 0.00571429 0.0971429 0.0628571 
0.336609 0.0663391 0.346437 0.002457 0.002457 0.012285 0.017199 0.017199 0.002457 0.002457 0.002457 0.0859951 0.002457 0.002457 0.100737 
0.170909 0.0181818 0.563636 0.0109091 0.00363636 0.00363636 0.0909091 0.00363636 0.00363636 0.0472727 0.00363636 0.04 0.00363636 0.00363636 0.0327273 
0.010101 0.030303 0.010101 0.010101 0.0707071 0.010101 0.030303 0.0909091 0.030303 0.131313 0.030303 0.010101 0.111111 0.272727 0.151515 
0.0870871 0.003003 0.033033 0.501502 0.045045 0.003003 0.159159 0.021021 0.003003 0.003003 0.003003 0.003003 0.027027 0.033033 0.0750751 
0.0133333 0.0133333 0.413333 0.0133333 0.12 0.0666667 0.0133333 0.0133333 0.0133333 0.0133333 0.0133333 0.04 0.0133333 0.173333 0.0666667 
0.0751374 0.00427611 0.043372 0.319487 0.00183262 0.000610874 0.208308 0.103238 0.000610874 0.0409285 0.00183262 0.000610874 0.00183262 0.197312 0.000610874 
0.01014 0.606953 0.000482859 0.00144858 0.000482859 0.000482859 0.36649 0.000482859 0.000482859 0.000482859 0.00241429 0.00531144 0.00241429 0.00144858 0.000482859 
0.012987 0.038961 0.012987 0.428571 0.038961 0.0649351 0.012987 0.038961 0.012987 0.038961 0.038961 0.012987 0.012987 0.012987 0.220779 
0.037037 0.0123457 0.037037 0.432099 0.0123457 0.0617284 0.0617284 0.0123457 0.0123457 0.0123457 0.037037 0.0123457 0.160494 0.037037 0.0617284 
0.00389105 0.0350195 0.22179 0.0116732 0.00389105 0.0272374 0.07393 0.0116732 0.00389105 0.0894942 0.0116732 0.11284 0.0505837 0.22179 0.120623 
0.0847458 0.0169492 0.0508475 0.389831 0.0169492 0.0169492 0.0169492 0.0508475 0.0169492 0.0508475 0.0169492 0.0169492 0.0169492 0.0508475 0.186441 
0.219034 0.0188943 0.505948 0.00069979 0.00069979 0.00069979 0.192442 0.013296 0.00069979 0.00069979 0.00209937 0.00069979 0.00069979 0.0384885 0.00489853 
0.240506 0.0126582 0.0126582 0.164557 0.113924 0.0126582 0.0126582 0.113924 0.0632911 0.0126582 0.0126582 0.0126582 0.0126582 0.0632911 0.139241 
0.339806 0.0485437 0.0485437 0.0291262 0.00970874 0.0485437 0.0485437 0.00970874 0.00970874 0.00970874 0.00970874 0.0485437 0.00970874 0.0485437 0.281553 
0.00338983 0.00338983 0.0169492 0.538983 0.0169492 0.0372881 0.118644 0.0983051 0.0101695 0.0644068 0.00338983 0.00338983 0.00338983 0.0101695 0.0711864 
0.00479489 0.000532765 0.0932339 0.485349 0.0015983 0.000532765 0.402238 0.00372936 0.000532765 0.00266383 0.000532765 0.000532765 0.0015983 0.0015983 0.000532765 
0.00140647 0.00140647 0.00140647 0.350211 0.00140647 0.00140647 0.400844 0.0154712 0.00140647 0.00421941 0.00421941 0.00140647 0.00140647 0.161744 0.0520394 
0.522424 0.00121212 0.030303 0.0206061 0.00121212 0.00606061 0.180606 0.00121212 0.0230303 0.030303 0.00848485 0.00363636 0.00121212 0.149091 0.0206061 
0.26499 0.00193424 0.0367505 0.617021 0.00967118 0.00967118 0.0135397 0.00967118 0.00580271 0.00193424 0.00967118 0.0135397 0.00193424 0.00193424 0.00193424 
0.111111 0.015873 0.301587 0.015873 0.015873 0.015873 0.015873 0.015873 0.047619 0.047619 0.047619 0.015873 0.015873 0.015873 0.301587 
0.0272953 0.00248139 0.00248139 0.528536 0.00248139 0.00248139 0.215881 0.0173697 0.00248139 0.0272953 0.0471464 0.0124069 0.0124069 0.0173697 0.0818859 
0.000362538 0.000362538 0.00519637 0.00543807 0.296435 0.00326284 0.619577 0.00858006 0.000120846 0.00108761 0.0163142 0.00326284 0.0165559 0.0228399 0.00060423 
0.0666667 0.0285714 0.390476 0.0285714 0.00952381 0.00952381 0.00952381 0.00952381 0.00952381 0.047619 0.00952381 0.0285714 0.00952381 0.12381 0.219048 
0.0769231 0.032967 0.182418 0.178022 0.00659341 0.0285714 0.252747 0.0153846 0.00659341 0.0197802 0.0021978 0.186813 0.0021978 0.0021978 0.00659341 
0.00160514 0.00160514 0.158909 0.024077 0.00802568 0.00160514 0.434992 0.00481541 0.011236 0.0337079 0.00160514 0.00160514 0.00802568 0.29053 0.0176565 
0.115789 0.0315789 0.0526316 0.0105263 0.0315789 0.0105263 0.0736842 0.0315789 0.0105263 0.0315789 0.0315789 0.0315789 0.0105263 0.0736842 0.452632 
0.00920368 0.00520208 0.327731 0.00440176 0.0740296 0.0020008 0.495798 0.0020008 0.00040016 0.00520208 0.00040016 0.00120048 0.0292117 0.0372149 0.0060024 
0.152542 0.0508475 0.0169492 0.118644 0.0169492 0.0169492 0.0169492 0.0169492 0.0169492 0.0169492 0.0169492 0.0169492 0.0169492 0.0169492 0.491525 
0.0386266 0.41263 0.0128755 0.0410791 0.00183936 0.0226855 0.0643777 0.27897 0.00797057 0.000613121 0.000613121 0.0104231 0.00429185 0.0852238 0.0177805 
0.123288 0.0958904 0.0410959 0.0136986 0.0136986 0.0136986 0.0410959 0.0410959 0.0410959 0.0136986 0.0136986 0.0410959 0.0410959 0.0684932 0.39726 
0.00618557 0.0268041 0.0350515 0.00206186 0.117526 0.0556701 0.505155 0.00206186 0.00618557 0.00206186 0.00206186 0.0103093 0.00206186 0.150515 0.0762887 
0.327249 0.00130378 0.0169492 0.157757 0.00130378 0.0221643 0.181226 0.00130378 0.00130378 0.00130378 0.00130378 0.222947 0.0143416 0.00391134 0.0456323 
0.202186 0.0163934 0.0819672 0.322404 0.0273224 0.00546448 0.00546448 0.169399 0.00546448 0.00546448 0.0710383 0.00546448 0.00546448 0.00546448 0.0710383 
0.00699301 0.00699301 0.00699301 0.00699301 0.00699301 0.0909091 0.454545 0.00699301 0.00699301 0.00699301 0.00699301 0.00699301 0.034965 0.0629371 0.286713 
0.00143885 0.00143885 0.542446 0.00143885 0.00431655 0.00431655 0.355396 0.0302158 0.00143885 0.00143885 0.00143885 0.00143885 0.00431655 0.047482 0.00143885 
0.118541 0.00911854 0.410334 0.0699088 0.00911854 0.0212766 0.215805 0.0273556 0.00911854 0.0455927 0.00303951 0.00303951 0.00303951 0.0151976 0.0395137 
0.0746269 0.0447761 0.104478 0.134328 0.0149254 0.0149254 0.0149254 0.0746269 0.0447761 0.0149254 0.0447761 0.0447761 0.0149254 0.0447761 0.313433 
0.271889 0.00460829 0.410138 0.00460829 0.0414747 0.00460829 0.00460829 0.00460829 0.00460829 0.00460829 0.0230415 0.00460829 0.00460829 0.00460829 0.207373 
0.00653595 0.0196078 0.0196078 0.00653595 0.00653595 0.00653595 0.124183 0.00653595 0.00653595 0.00653595 0.0326797 0.00653595 0.00653595 0.45098 0.294118 
0.164797 0.000862813 0.428818 0.000862813 0.0474547 0.000862813 0.333909 0.000862813 0.00258844 0.00776531 0.00258844 0.00603969 0.000862813 0.000862813 0.000862813 
0.0406504 0.0243902 0.0731707 0.0894309 0.235772 0.00813008 0.00813008 0.00813008 0.00813008 0.00813008 0.00813008 0.00813008 0.00813008 0.170732 0.300813 
0.000179888 0.0447922 0.0127721 0.0203274 0.0196078 0.0142112 0.593092 0.0156503 0.00233855 0.000899442 0.00125922 0.00269833 0.266775 0.00485699 0.000539665 
0.0915908 0.000535619 0.00910552 0.00482057 0.00267809 0.475094 0.362614 0.000535619 0.000535619 0.000535619 0.00160686 0.00160686 0.00803428 0.0401714 0.000535619 
0.378911 0.00347625 0.492468 0.00811124 0.00811124 0.00115875 0.0637312 0.0127462 0.00115875 0.00115875 0.00115875 0.00579374 0.00347625 0.0173812 0.00115875 
0.00186916 0.00311526 0.00436137 0.00560748 0.0305296 0.29595 0.404361 0.000623053 0.000623053 0.0741433 0.00934579 0.00560748 0.0492212 0.0766355 0.0380062 
0.301094 0.000575705 0.290731 0.0397237 0.000575705 0.099597 0.0926885 0.000575705 0.00287853 0.000575705 0.00287853 0.000575705 0.000575705 0.166379 0.000575705 
0.060357 0.0025503 0.0150184 0.0461887 0.0524228 0.306886 0.461037 0.000283366 0.00198356 0.000283366 0.000283366 0.00141683 0.0303202 0.0206857 0.000283366 
0.00571429 0.00571429 0.0171429 0.00571429 0.00571429 0.00571429 0.00571429 0.04 0.0285714 0.04 0.00571429 0.00571429 0.00571429 0.474286 0.348571 
0.260477 0.000821693 0.000821693 0.406738 0.00575185 0.00410846 0.166804 0.00739523 0.00246508 0.000821693 0.000821693 0.00246508 0.000821693 0.130649 0.00903862 
0.011063 0.000481 0.034151 0.427609 0.001443 0.000481 0.471861 0.012987 0.003367 0.00625301 0.00529101 0.000481 0.000481 0.021645 0.002405 
0.0520231 0.190751 0.109827 0.202312 0.0404624 0.017341 0.00578035 0.017341 0.0289017 0.00578035 0.0982659 0.0520231 0.017341 0.00578035 0.156069 
0.0611247 0.0317848 0.0757946 0.0611247 0.00244499 0.0513447 0.432763 0.0220049 0.0464548 0.173594 0.00733496 0.00733496 0.00733496 0.00244499 0.0171149 
0.000187301 0.0129238 0.25604 0.0103016 0.000187301 0.00131111 0.630268 0.0162952 0.00131111 0.0327777 0.000187301 0.00280951 0.000936505 0.0324031 0.00206031 
0.325475 0.00589391 0.00196464 0.00851343 0.000654879 0.000654879 0.0451866 0.000654879 0.00196464 0.00982318 0.00196464 0.000654879 0.00196464 0.592665 0.00196464 
0.337952 0.000769823 0.0269438 0.0177059 0.0331024 0.00384911 0.264049 0.00230947 0.00692841 0.00230947 0.0300231 0.000769823 0.000769823 0.00230947 0.270208 
0.100244 0.00190166 0.00516164 0.195327 0.0182016 0.000814996 0.537082 0.0149416 0.00950829 0.0127683 0.00190166 0.0497148 0.0127683 0.0285249 0.0111383 
0.166788 0.000728332 0.002185 0.000728332 0.478514 0.002185 0.214858 0.00946832 0.002185 0.00364166 0.000728332 0.00509832 0.00655499 0.0983248 0.00801165 
0.015873 0.00529101 0.026455 0.417989 0.00529101 0.015873 0.216931 0.00529101 0.00529101 0.047619 0.00529101 0.015873 0.00529101 0.015873 0.195767 
0.188285 0.0627615 0.129707 0.0209205 0.0543933 0.0041841 0.280335 0.0041841 0.0041841 0.0041841 0.0041841 0.0041841 0.0125523 0.0711297 0.154812 
0.032967 0.003663 0.003663 0.67033 0.018315 0.025641 0.032967 0.003663 0.018315 0.003663 0.010989 0.003663 0.047619 0.010989 0.113553 
0.0619946 0.00269542 0.0566038 0.315364 0.00269542 0.083558 0.126685 0.0727763 0.0350404 0.0242588 0.0619946 0.0512129 0.00808625 0.00269542 0.0943396 
0.159542 0.00301023 0.0162553 0.448525 0.0571945 0.000602047 0.2354 0.00180614 0.000602047 0.00180614 0.00421433 0.000602047 0.000602047 0.0295003 0.0403371 
0.00628931 0.0239925 0.00116469 0.063126 0.239693 0.00302819 0.595155 0.000698812 0.000698812 0.0123457 0.0137433 0.000232937 0.037037 0.00256231 0.000232937 
0.000116509 0.000116509 0.000116509 0.000116509 0.00104858 0.000116509 0.49132 0.000116509 0.000116509 0.000116509 0.000116509 0.505534 0.000116509 0.000582547 0.000349528 
0.021611 0.00196464 0.00196464 0.603143 0.00196464 0.00196464 0.174853 0.0766208 0.00196464 0.00196464 0.00196464 0.00196464 0.0333988 0.00982318 0.064833 
0.0549451 0.0769231 0.296703 0.0769231 0.010989 0.010989 0.010989 0.010989 0.032967 0.0769231 0.010989 0.010989 0.010989 0.010989 0.296703 
0.012987 0.0909091 0.0649351 0.220779 0.012987 0.116883 0.012987 0.012987 0.012987 0.012987 0.012987 0.038961 0.012987 0.038961 0.324675 
0.00952381 0.00952381 0.371429 0.00952381 0.00952381 0.00952381 0.00952381 0.0857143 0.0285714 0.0285714 0.00952381 0.0666667 0.0666667 0.104762 0.180952 
0.0554049 0.000387447 0.0244091 0.00426191 0.0476559 0.000387447 0.528865 0.00193723 0.000387447 0.00193723 0.000387447 0.00271213 0.00116234 0.146067 0.184037 
0.0118698 0.000127632 0.0333121 0.0118698 0.0790045 0.00293555 0.577026 0.00140396 0.000638162 0.231653 0.000127632 0.0126356 0.00370134 0.0328015 0.000893427 
0.402363 0.00903405 0.000694927 0.000694927 0.403753 0.000694927 0.116053 0.000694927 0.00347464 0.000694927 0.000694927 0.00208478 0.00347464 0.0535094 0.00208478 
0.00739176 0.583949 0.0031679 0.00105597 0.00105597 0.00527983 0.368532 0.00105597 0.0031679 0.00105597 0.0031679 0.00105597 0.00105597 0.0116156 0.00739176 
0.0120228 0.00147648 0.0310061 0.23687 0.0390213 0.000210926 0.620755 0.00147648 0.00527315 0.000632778 0.000632778 0.00189833 0.00105463 0.0432398 0.00442945 
0.294798 0.00578035 0.375723 0.00578035 0.00578035 0.017341 0.00578035 0.0635838 0.017341 0.00578035 0.00578035 0.0520231 0.00578035 0.00578035 0.132948 
0.243296 0.345685 0.00341297 0.000487567 0.00633837 0.0043881 0.31058 0.0141394 0.0014627 0.011214 0.00731351 0.0014627 0.0043881 0.0355924 0.0102389 
0.0153846 0.0153846 0.107692 0.0461538 0.0461538 0.0153846 0.0153846 0.0153846 0.0153846 0.0769231 0.0153846 0.0153846 0.0153846 0.2 0.384615 
0.364103 0.025641 0.333333 0.00512821 0.00512821 0.00512821 0.00512821 0.00512821 0.00512821 0.00512821 0.00512821 0.00512821 0.0153846 0.117949 0.0974359 
0.0918919 0.00540541 0.0702703 0.254054 0.00540541 0.00540541 0.102703 0.00540541 0.0162162 0.00540541 0.00540541 0.027027 0.00540541 0.113514 0.286486 
0.0526316 0.00584795 0.181287 0.356725 0.00584795 0.0409357 0.00584795 0.00584795 0.0292398 0.0526316 0.00584795 0.00584795 0.0175439 0.0292398 0.204678 
0.0181818 0.030303 0.00606061 0.357576 0.0424242 0.0181818 0.030303 0.0545455 0.0666667 0.0787879 0.00606061 0.00606061 0.00606061 0.00606061 0.272727 
0.010101 0.030303 0.212121 0.030303 0.010101 0.010101 0.010101 0.010101 0.030303 0.010101 0.010101 0.010101 0.010101 0.292929 0.313131 
0.00645161 0.00215054 0.393548 0.0494624 0.0236559 0.0709677 0.126882 0.00645161 0.0150538 0.0365591 0.00215054 0.00215054 0.0150538 0.234409 0.0150538 
0.00784495 0.00230734 0.0512229 0.0290725 0.0115367 0.1509 0.561606 0.0742963 0.0115367 0.00969082 0.0013844 0.00230734 0.000461467 0.0807568 0.00507614 
0.0724899 0.00675371 0.375056 0.0310671 0.000450248 0.00405223 0.464205 0.000450248 0.000450248 0.00135074 0.000450248 0.000450248 0.000450248 0.041873 0.000450248 
0.320165 0.00411523 0.000823045 0.000823045 0.000823045 0.379424 0.203292 0.000823045 0.000823045 0.00740741 0.00576132 0.000823045 0.000823045 0.0650206 0.0090535 
0.156627 0.00133869 0.00401606 0.651941 0.0227577 0.00133869 0.113788 0.0147256 0.0174029 0.00401606 0.00133869 0.00401606 0.00133869 0.00133869 0.00401606 
0.0233683 0.000805802 0.0749396 0.363417 0.00564061 0.00725222 0.511684 0.000805802 0.000805802 0.000805802 0.00241741 0.00241741 0.000805802 0.00241741 0.00241741 
0.0985915 0.00136302 0.02408 0.0504316 0.000454339 0.00954112 0.0995002 0.600182 0.0113585 0.00954112 0.00863244 0.000454339 0.0177192 0.0676965 0.000454339 
0.026087 0.408696 0.0434783 0.107246 0.00289855 0.00289855 0.147826 0.0492754 0.00869565 0.130435 0.00289855 0.00289855 0.00289855 0.00869565 0.0550725 
0.177243 0.0109409 0.501094 0.00218818 0.00218818 0.00218818 0.00218818 0.00656455 0.00218818 0.00218818 0.00218818 0.00218818 0.0109409 0.229759 0.0459519 
0.107769 0.00250627 0.00250627 0.383459 0.0175439 0.00250627 0.283208 0.00250627 0.0075188 0.0426065 0.0175439 0.00250627 0.00250627 0.0726817 0.0526316 
0.167139 0.00661001 0.01983 0.00283286 0.00283286 0.201133 0.531634 0.00283286 0.00472144 0.00472144 0.000944287 0.000944287 0.000944287 0.0519358 0.000944287 
0.00509338 0.00169779 0.00848896 0.00169779 0.00169779 0.00848896 0.382003 0.00169779 0.487267 0.00509338 0.00169779 0.00169779 0.00169779 0.00509338 0.0865874 
0.0098533 0.0063499 0.000218962 0.0326254 0.386906 0.000218962 0.531859 0.000656886 0.00897745 0.00109481 0.00678783 0.00547405 0.000218962 0.00416028 0.0045982 
0.178295 0.24031 0.0697674 0.00775194 0.00775194 0.00775194 0.0387597 0.00775194 0.0697674 0.00775194 0.0232558 0.00775194 0.0232558 0.00775194 0.302326 
0.264426 0.01078 0.0171211 0.0120482 0.00317058 0.000634115 0.0399493 0.00443881 0.00570704 0.00951173 0.00190235 0.000634115 0.00190235 0.609385 0.0183893 
0.0204082 0.00249596 0.00249596 0.013948 0.261195 0.00513875 0.65174 0.00455146 0.000146821 0.00337689 0.00190868 0.0048451 0.00367053 0.0171781 0.0069006 
0.173571 0.422116 0.0277302 0.00992811 0.00239644 0.00239644 0.140705 0.107155 0.000342349 0.000342349 0.000342349 0.00102705 0.00924341 0.100308 0.00239644 
0.11805 0.0114242 0.285605 0.00837776 0.0571211 0.134806 0.366337 0.000761615 0.00380807 0.000761615 0.000761615 0.000761615 0.00228484 0.00685453 0.00228484 
0.00144718 0.00144718 0.00434153 0.212735 0.0824891 0.0477569 0.565847 0.00434153 0.00144718 0.00144718 0.00144718 0.00144718 0.00144718 0.0680174 0.00434153 
0.290323 0.00848896 0.0254669 0.426146 0.00848896 0.00169779 0.181664 0.0322581 0.00509338 0.00169779 0.00848896 0.00169779 0.00169779 0.00509338 0.00169779 
0.166052 0.00263574 0.000527148 0.243015 0.000527148 0.00158144 0.410648 0.000527148 0.00369004 0.0542963 0.0121244 0.0100158 0.000527148 0.0553506 0.0384818 
0.125749 0.00598802 0.329341 0.185629 0.0179641 0.00598802 0.00598802 0.00598802 0.0179641 0.0658683 0.00598802 0.00598802 0.00598802 0.149701 0.0658683 
0.0201342 0.00671141 0.234899 0.38255 0.00671141 0.00671141 0.00671141 0.100671 0.00671141 0.0604027 0.033557 0.00671141 0.00671141 0.00671141 0.114094 
0.097957 0.0015715 0.000523834 0.000523834 0.000523834 0.000523834 0.459403 0.0371922 0.108434 0.0015715 0.00261917 0.00366684 0.00261917 0.270822 0.0120482 
0.142289 0.000995025 0.000995025 0.000995025 0.000995025 0.00497512 0.164179 0.0129353 0.0208955 0.0865672 0.000995025 0.0189055 0.00497512 0.538308 0.000995025 
0.0390492 0.00169779 0.00169779 0.62309 0.00509338 0.00169779 0.290323 0.00169779 0.00169779 0.00169779 0.00169779 0.00509338 0.00509338 0.00169779 0.0186757 
0.0127255 0.00132953 0.000949668 0.00436847 0.497816 0.000189934 0.472365 0.000189934 0.000189934 0.000189934 0.000569801 0.000569801 0.00132953 0.00702754 0.000189934 
0.134739 0.00458295 0.466544 0.0192484 0.0210816 0.00274977 0.197067 0.00091659 0.00274977 0.00641613 0.00458295 0.00824931 0.015582 0.105408 0.0100825 
0.0871321 0.000577034 0.000577034 0.00634737 0.0190421 0.000577034 0.0363531 0.686093 0.125216 0.00403924 0.00634737 0.0017311 0.000577034 0.00865551 0.016734 
0.816794 0.000693963 0.00624566 0.00208189 0.000693963 0.000693963 0.0798057 0.000693963 0.00208189 0.0229008 0.0520472 0.00485774 0.000693963 0.00763359 0.00208189 
0.0524109 0.0566038 0.081761 0.00209644 0.0188679 0.0230608 0.429769 0.00209644 0.0146751 0.0691824 0.00209644 0.0188679 0.165618 0.00209644 0.0607966 
0.0163934 0.0163934 0.0491803 0.0163934 0.0819672 0.0163934 0.0163934 0.0163934 0.0163934 0.0163934 0.0819672 0.0163934 0.344262 0.0163934 0.278689 
0.119462 0.00168256 0.0297252 0.00953449 0.433539 0.000560852 0.285474 0.0678632 0.000560852 0.0162647 0.00504767 0.00168256 0.000560852 0.0263601 0.00168256 
0.163489 0.435009 0.00866551 0.000577701 0.000577701 0.0017331 0.303293 0.00635471 0.00519931 0.000577701 0.000577701 0.0213749 0.05026 0.000577701 0.0017331 
0.0232558 0.0232558 0.0232558 0.0232558 0.0232558 0.0697674 0.0232558 0.0232558 0.0232558 0.0232558 0.209302 0.0697674 0.0232558 0.0232558 0.395349 
0.0461538 0.0153846 0.0153846 0.0153846 0.0153846 0.0153846 0.0153846 0.169231 0.169231 0.0461538 0.0461538 0.0153846 0.0153846 0.0461538 0.353846 
0.037037 0.0123457 0.0123457 0.0123457 0.0123457 0.0123457 0.135802 0.0123457 0.0123457 0.0123457 0.0864198 0.0123457 0.0123457 0.0123457 0.604938 
0.00938086 0.722326 0.00187617 0.00187617 0.00187617 0.0243902 0.193246 0.00187617 0.00187617 0.00938086 0.00562852 0.00562852 0.00187617 0.0168856 0.00187617 
0.0717863 0.000556483 0.000556483 0.000556483 0.000556483 0.00166945 0.472454 0.000556483 0.288815 0.00946021 0.00166945 0.0383973 0.0895938 0.00723428 0.016138 
0.0153846 0.0153846 0.0153846 0.0153846 0.476923 0.0153846 0.0153846 0.0153846 0.0153846 0.0153846 0.0153846 0.0461538 0.0153846 0.0461538 0.261538 
0.00555318 0.00213584 0.00213584 0.00299018 0.122597 0.00469885 0.302008 0.177275 0.00213584 0.00299018 0.326783 0.000427168 0.00555318 0.0337463 0.00897053 
0.146067 0.011236 0.0561798 0.0337079 0.0561798 0.146067 0.011236 0.011236 0.0337079 0.0786517 0.0786517 0.0337079 0.011236 0.0337079 0.258427 
0.000903342 0.00451671 0.000903342 0.0207769 0.132791 0.429088 0.304426 0.00271003 0.000903342 0.00271003 0.0496838 0.000903342 0.0225836 0.0117435 0.0153568 
0.127273 0.0909091 0.0181818 0.0545455 0.0181818 0.0545455 0.0181818 0.0181818 0.0909091 0.0181818 0.0909091 0.0545455 0.0545455 0.0181818 0.272727 
0.149425 0.0114943 0.0114943 0.0114943 0.0114943 0.0804598 0.0114943 0.0114943 0.126437 0.0114943 0.0344828 0.0114943 0.0574713 0.0114943 0.448276 
0.262104 0.00834725 0.00834725 0.00166945 0.00500835 0.00166945 0.0951586 0.00834725 0.535893 0.0116861 0.00166945 0.00500835 0.00834725 0.00166945 0.0450751 
0.235443 0.0126582 0.0126582 0.0177215 0.00759494 0.00253165 0.139241 0.0227848 0.422785 0.00759494 0.043038 0.00759494 0.0126582 0.0126582 0.043038 
0.258427 0.0337079 0.0561798 0.011236 0.011236 0.0561798 0.0561798 0.011236 0.0561798 0.011236 0.011236 0.191011 0.011236 0.011236 0.213483 
0.388027 0.000950269 0.00411783 0.000950269 0.00348432 0.000316756 0.000950269 0.000316756 0.597719 0.000316756 0.000316756 0.000316756 0.00158378 0.000316756 0.000316756 
0.025641 0.00854701 0.00854701 0.042735 0.00854701 0.00854701 0.025641 0.0940171 0.401709 0.00854701 0.025641 0.00854701 0.025641 0.00854701 0.299145 
0.311044 0.0577508 0.317123 0.00911854 0.00303951 0.0111449 0.00101317 0.0070922 0.0921986 0.00101317 0.167173 0.00101317 0.00101317 0.00101317 0.0192503 
0.0344828 0.0114943 0.103448 0.0114943 0.0114943 0.0114943 0.0344828 0.0114943 0.149425 0.0114943 0.264368 0.0114943 0.0114943 0.0114943 0.310345 
0.149834 0.00554939 0.0099889 0.0144284 0.00332963 0.00332963 0.0677026 0.00110988 0.706992 0.00110988 0.0122087 0.00110988 0.00332963 0.0122087 0.00776915 
0.206589 0.00205903 0.000686342 0.000686342 0.000686342 0.00205903 0.000686342 0.302677 0.00892244 0.000686342 0.471517 0.000686342 0.000686342 0.000686342 0.000686342 
0.0909091 0.0247934 0.00826446 0.0247934 0.123967 0.0247934 0.00826446 0.0413223 0.00826446 0.00826446 0.00826446 0.00826446 0.0743802 0.0247934 0.520661 
0.0163934 0.245902 0.0819672 0.0163934 0.0163934 0.0163934 0.0163934 0.0163934 0.0163934 0.0163934 0.0163934 0.0163934 0.0163934 0.0163934 0.47541 
0.0126582 0.0632911 0.0379747 0.0126582 0.0126582 0.0126582 0.0126582 0.0126582 0.0126582 0.0126582 0.0126582 0.0126582 0.139241 0.0126582 0.620253 
0.168539 0.0337079 0.0337079 0.191011 0.011236 0.011236 0.011236 0.011236 0.0786517 0.011236 0.0561798 0.011236 0.011236 0.011236 0.348315 
0.0526316 0.0175439 0.0175439 0.0175439 0.0175439 0.0877193 0.0175439 0.0526316 0.0175439 0.0175439 0.192982 0.0175439 0.0175439 0.0175439 0.438596 
0.000419992 0.00377992 0.00209996 0.000419992 0.00209996 0.000419992 0.415372 0.000419992 0.000419992 0.00125997 0.567409 0.000419992 0.00293994 0.000419992 0.00209996 
0.0232558 0.0232558 0.0697674 0.116279 0.0232558 0.0697674 0.0697674 0.0232558 0.0232558 0.0232558 0.162791 0.0232558 0.0232558 0.0232558 0.302326 
0.0140845 0.0140845 0.0422535 0.0140845 0.0140845 0.267606 0.0140845 0.0140845 0.183099 0.0422535 0.0140845 0.0140845 0.15493 0.0140845 0.183099 
0.00598802 0.0179641 0.00598802 0.0299401 0.0299401 0.00598802 0.245509 0.0179641 0.0299401 0.0299401 0.0538922 0.0179641 0.0179641 0.00598802 0.48503 
0.19403 0.0149254 0.0447761 0.0149254 0.0746269 0.0447761 0.0149254 0.0149254 0.0149254 0.0447761 0.0746269 0.0149254 0.0149254 0.0149254 0.402985 
0.0379747 0.0126582 0.0126582 0.0126582 0.0379747 0.0126582 0.139241 0.0379747 0.0126582 0.0886076 0.0632911 0.0126582 0.0379747 0.0886076 0.392405 
0.000302939 0.000302939 0.00333232 0.000908816 0.000302939 0.000302939 0.479552 0.00212057 0.000302939 0.000908816 0.000302939 0.000302939 0.509846 0.000302939 0.000908816 
0.00250878 0.0145509 0.00551932 0.0255896 0.0326141 0.000501756 0.335675 0.0627195 0.00150527 0.00250878 0.00351229 0.00150527 0.425991 0.0827898 0.00250878 
0.0126582 0.0126582 0.0126582 0.164557 0.0126582 0.0126582 0.0632911 0.0379747 0.0126582 0.0126582 0.0126582 0.0126582 0.0126582 0.0126582 0.594937 
0.0123457 0.0864198 0.0123457 0.0123457 0.0123457 0.0123457 0.0123457 0.0123457 0.0864198 0.0123457 0.0123457 0.0864198 0.0617284 0.0123457 0.555556 
0.380019 0.000933707 0.0121382 0.00840336 0.000933707 0.00280112 0.103641 0.0513539 0.381886 0.00840336 0.000933707 0.00653595 0.0252101 0.000933707 0.015873 
0.102496 0.000531067 0.0674456 0.00265534 0.086564 0.000531067 0.439193 0.015401 0.00265534 0.000531067 0.253319 0.0015932 0.00477961 0.0015932 0.0207116 
0.099631 0.0110701 0.00369004 0.0110701 0.0258303 0.00369004 0.0553506 0.00369004 0.0258303 0.00369004 0.0110701 0.00369004 0.0110701 0.0184502 0.712177 
0.233936 0.00062383 0.00062383 0.00062383 0.00062383 0.00561447 0.352464 0.033063 0.247661 0.00311915 0.00436681 0.00062383 0.115409 0.00062383 0.00062383 
0.012987 0.012987 0.012987 0.012987 0.012987 0.012987 0.0649351 0.012987 0.038961 0.012987 0.220779 0.012987 0.012987 0.116883 0.428571 
0.0163934 0.114754 0.0163934 0.0163934 0.0163934 0.0163934 0.0163934 0.114754 0.0163934 0.0819672 0.245902 0.0163934 0.0163934 0.0163934 0.278689 
0.0222222 0.0222222 0.0222222 0.0222222 0.0222222 0.0222222 0.0222222 0.0222222 0.0222222 0.111111 0.0222222 0.0666667 0.0222222 0.0222222 0.555556 
0.0133333 0.12 0.0133333 0.0133333 0.0133333 0.0133333 0.0133333 0.0133333 0.0133333 0.12 0.0133333 0.0133333 0.04 0.0133333 0.573333 
0.194136 0.00932919 0.000444247 0.000444247 0.364727 0.000444247 0.382497 0.0146602 0.00488672 0.000444247 0.0075522 0.000444247 0.0164371 0.000444247 0.00310973 
0.000841852 0.000120265 0.000120265 0.000601323 0.00300661 0.000601323 0.557667 0.000601323 0.00180397 0.000120265 0.428503 0.000120265 0.000601323 0.000841852 0.00444979 
0.00371747 0.137546 0.00371747 0.0111524 0.063197 0.0483271 0.00371747 0.100372 0.0111524 0.070632 0.427509 0.0334572 0.0111524 0.0483271 0.0260223 
0.223345 0.0729517 0.203143 0.00112233 0.00112233 0.00112233 0.0841751 0.18743 0.0527497 0.023569 0.003367 0.003367 0.12009 0.0123457 0.010101 
0.115054 0.00286205 0.00286205 0.00057241 0.00515169 0.0394963 0.412707 0.00515169 0.00057241 0.00515169 0.0131654 0.00057241 0.388666 0.00057241 0.00744133 
0.0666667 0.00740741 0.0518519 0.00740741 0.00740741 0.0518519 0.0222222 0.0222222 0.0222222 0.00740741 0.00740741 0.00740741 0.0518519 0.0222222 0.644444 
0.0359602 0.00382555 0.0145371 0.0252487 0.222647 0.0114767 0.178271 0.00841622 0.00229533 0.000765111 0.000765111 0.00382555 0.230298 0.245601 0.0160673 
0.00471945 0.000524384 0.00367069 0.00157315 0.000524384 0.000524384 0.430519 0.00471945 0.000524384 0.00157315 0.00681699 0.508128 0.0309386 0.00262192 0.00262192 
0.108661 0.146457 0.0015748 0.0299213 0.00787402 0.0015748 0.228346 0.0771654 0.0267717 0.023622 0.143307 0.108661 0.0645669 0.0110236 0.0204724 
0.0117647 0.105882 0.0117647 0.0352941 0.0352941 0.0352941 0.0117647 0.0588235 0.0117647 0.0117647 0.0117647 0.0352941 0.0588235 0.0117647 0.552941 
0.00137931 0.00413793 0.00137931 0.00137931 0.00689655 0.00413793 0.252414 0.00137931 0.674483 0.00689655 0.00413793 0.00137931 0.00413793 0.00689655 0.0289655 
0.0310994 0.00569426 0.00131406 0.00043802 0.00043802 0.0065703 0.259746 0.00043802 0.687254 0.00043802 0.00131406 0.00131406 0.00043802 0.00306614 0.00043802 
0.0810811 0.00900901 0.0810811 0.00900901 0.027027 0.00900901 0.0630631 0.00900901 0.477477 0.00900901 0.00900901 0.00900901 0.045045 0.027027 0.135135 
0.0140845 0.0140845 0.0140845 0.0140845 0.0140845 0.126761 0.0140845 0.0422535 0.0422535 0.0704225 0.0140845 0.0422535 0.0422535 0.0140845 0.521127 
0.00144718 0.00144718 0.000482393 0.000482393 0.000482393 0.638205 0.347805 0.000482393 0.00530632 0.000482393 0.000482393 0.00144718 0.000482393 0.000482393 0.000482393 
0.283674 0.06227 0.00014721 0.578978 0.000736052 0.00014721 0.0381275 0.0160459 0.0157515 0.00103047 0.00014721 0.00014721 0.00250258 0.00014721 0.00014721 
0.0163934 0.0163934 0.0163934 0.0163934 0.0491803 0.0163934 0.114754 0.0163934 0.0163934 0.0163934 0.0163934 0.0163934 0.278689 0.0163934 0.377049 
0.000487567 0.56509 0.0014627 0.000487567 0.000487567 0.000487567 0.421745 0.000487567 0.000487567 0.000487567 0.000487567 0.0014627 0.000487567 0.00243784 0.00341297 
