0.00081304 0.0109897 0.284062 0.233179 0.187384 0.102579 0.00420524 0.00081304 0.0126858 0.0126858 0.00759745 0.0228624 0.00759745 0.00590135 0.00759745 0.00250914 0.00420524 0.00081304 0.00081304 0.0907064 
0.00669614 0.132417 0.00669614 0.00669614 0.00669614 0.244169 0.0346341 0.118448 0.00669614 0.00669614 0.00669614 0.0486031 0.00669614 0.00669614 0.00669614 0.146386 0.00669614 0.00669614 0.188293 0.00669614 
0.00449733 0.0232613 0.00449733 0.00449733 0.00449733 0.163991 0.00449733 0.0514073 0.0795533 0.00449733 0.00449733 0.0138793 0.0138793 0.0138793 0.00449733 0.00449733 0.0138793 0.276575 0.295339 0.0138793 
0.0121089 0.0878911 0.0121089 0.0878911 0.0121089 0.315238 0.0878911 0.0373696 0.0121089 0.0121089 0.0626304 0.113152 0.0121089 0.0121089 0.0373696 0.0121089 0.0121089 0.0121089 0.0121089 0.0373696 
0.0897776 0.108719 0.00453993 0.0424233 0.00453993 0.440199 0.00453993 0.00453993 0.108719 0.0329525 0.0234816 0.0234816 0.0140108 0.00453993 0.0140108 0.00453993 0.00453993 0.0234816 0.0424233 0.00453993 
0.0102895 0.117615 0.396662 0.0102895 0.0532198 0.0532198 0.0102895 0.0317546 0.0102895 0.0102895 0.0102895 0.0961501 0.0102895 0.0102895 0.0102895 0.0102895 0.0532198 0.0532198 0.0102895 0.0317546 
0.00575493 0.0156791 0.00244689 0.227394 0.000792868 0.121536 0.326635 0.010717 0.00740895 0.0752238 0.000792868 0.0173331 0.0338733 0.010717 0.00740895 0.00410091 0.101688 0.000792868 0.0222951 0.00740895 
0.000944386 0.0777785 0.0068547 0.329952 0.000944386 0.0955094 0.190074 0.0048846 0.000944386 0.0167052 0.000944386 0.00291449 0.0482269 0.000944386 0.0265558 0.0068547 0.134912 0.00882481 0.000944386 0.0442867 
0.000658832 0.544924 0.00203324 0.155967 0.00203324 0.175208 0.00478205 0.000658832 0.00615646 0.000658832 0.0157773 0.00753086 0.00478205 0.000658832 0.0295214 0.00478205 0.0267725 0.0130285 0.000658832 0.00340764 
0.0183572 0.130038 0.00594832 0.0183572 0.10522 0.00594832 0.0183572 0.0307662 0.00594832 0.00594832 0.00594832 0.0928108 0.0431751 0.00594832 0.204491 0.0431751 0.00594832 0.0307662 0.204491 0.0183572 
0.019067 0.00617832 0.00617832 0.0577332 0.019067 0.483061 0.070622 0.00617832 0.0448445 0.00617832 0.0319558 0.0319558 0.0448445 0.00617832 0.0448445 0.019067 0.00617832 0.0835107 0.00617832 0.00617832 
0.0105005 0.0409749 0.0011237 0.345719 0.0105005 0.383226 0.00346789 0.0011237 0.0105005 0.00346789 0.0011237 0.0128446 0.0011237 0.0011237 0.0409749 0.00346789 0.0198772 0.0972354 0.00815627 0.00346789 
0.0136237 0.0228329 0.0136237 0.0228329 0.0044145 0.51092 0.0044145 0.0320421 0.0688788 0.0044145 0.0228329 0.0688788 0.0136237 0.0044145 0.0044145 0.0044145 0.0136237 0.133343 0.0320421 0.0044145 
0.0194963 0.0194963 0.0601679 0.141511 0.0194963 0.0194963 0.0194963 0.0601679 0.0194963 0.0194963 0.0601679 0.0194963 0.0194963 0.0194963 0.0601679 0.0194963 0.222854 0.0194963 0.10084 0.0601679 
0.000652554 0.00337517 0.0319627 0.584654 0.000652554 0.0360466 0.000652554 0.00609779 0.000652554 0.000652554 0.00201386 0.0319627 0.0074591 0.00201386 0.168094 0.068718 0.011543 0.0401305 0.000652554 0.00201386 
0.0050679 0.184796 0.0262124 0.0156402 0.0156402 0.0579292 0.0156402 0.0262124 0.0156402 0.322236 0.0050679 0.0156402 0.0050679 0.0050679 0.0367847 0.0790737 0.0050679 0.142507 0.0050679 0.0156402 
0.00458592 0.00458592 0.00768585 0.252581 0.00458592 0.109984 0.113084 0.00148598 0.00148598 0.0138857 0.00148598 0.00148598 0.00768585 0.00148598 0.00148598 0.00458592 0.00148598 0.463377 0.00148598 0.00148598 
0.00872329 0.108967 0.12076 0.20921 0.0264133 0.27997 0.01462 0.00872329 0.00872329 0.0382067 0.00872329 0.0205166 0.0205166 0.00282662 0.00282662 0.00282662 0.0205166 0.00282662 0.0912767 0.00282662 
0.0459497 0.00912914 0.00912914 0.200596 0.00176502 0.506207 0.0128112 0.00544708 0.0238574 0.00544708 0.0164933 0.00176502 0.00176502 0.00176502 0.00176502 0.00176502 0.00176502 0.134319 0.0164933 0.00176502 
0.00529168 0.0273699 0.049448 0.303347 0.00529168 0.0163308 0.0163308 0.00529168 0.00529168 0.00529168 0.0163308 0.00529168 0.00529168 0.00529168 0.0163308 0.468934 0.00529168 0.00529168 0.00529168 0.0273699 
0.0763232 0.0105152 0.0324512 0.0543872 0.0105152 0.120195 0.0105152 0.0105152 0.0105152 0.0324512 0.0105152 0.0105152 0.0105152 0.0324512 0.0105152 0.0105152 0.0105152 0.493107 0.0105152 0.0324512 
0.00553613 0.00553613 0.0286342 0.32891 0.0170852 0.0632814 0.00553613 0.0170852 0.0170852 0.00553613 0.00553613 0.0286342 0.0170852 0.0170852 0.0170852 0.0632814 0.00553613 0.340459 0.00553613 0.00553613 
0.00587541 0.00587541 0.0181322 0.0549027 0.0303891 0.251012 0.00587541 0.00587541 0.116187 0.0181322 0.0671596 0.0549027 0.0426459 0.128444 0.0181322 0.00587541 0.0303891 0.00587541 0.116187 0.0181322 
0.0293113 0.00566703 0.00566703 0.0174892 0.00566703 0.277576 0.0293113 0.00566703 0.0765998 0.0411334 0.0765998 0.0293113 0.00566703 0.0884219 0.100244 0.0647777 0.0765998 0.00566703 0.0529555 0.00566703 
0.000853577 0.0329056 0.0133182 0.276857 0.000853577 0.492318 0.000853577 0.0133182 0.000853577 0.0346863 0.0115376 0.00263424 0.0257829 0.00263424 0.0240023 0.00441491 0.00441491 0.0222216 0.0275636 0.00797625 
0.00804465 0.44438 0.00804465 0.175866 0.0248268 0.00804465 0.108737 0.0416089 0.00804465 0.0248268 0.00804465 0.0248268 0.00804465 0.00804465 0.0248268 0.00804465 0.00804465 0.0248268 0.0248268 0.00804465 
0.000714833 0.00220606 0.0976448 0.357119 0.000714833 0.0186096 0.0320307 0.000714833 0.00220606 0.000714833 0.00220606 0.000714833 0.000714833 0.000714833 0.0633465 0.000714833 0.000714833 0.0141359 0.120013 0.284049 
0.0365402 0.0936424 0.0120678 0.0120678 0.00391034 0.00391034 0.109957 0.00391034 0.0365402 0.0120678 0.0120678 0.0283827 0.00391034 0.0120678 0.0202253 0.06917 0.0283827 0.191532 0.256792 0.0528551 
0.0107522 0.061629 0.148846 0.0834334 0.00348403 0.0470928 0.00348403 0.0398246 0.0180203 0.0252884 0.00348403 0.0761652 0.0907015 0.0107522 0.00348403 0.330549 0.0180203 0.00348403 0.0180203 0.00348403 
0.0127532 0.0925677 0.0925677 0.0659629 0.0659629 0.0393581 0.0393581 0.0127532 0.0127532 0.0127532 0.0127532 0.0127532 0.0127532 0.0127532 0.0127532 0.0127532 0.0393581 0.252197 0.0127532 0.172382 
0.00625899 0.0715441 0.00625899 0.00625899 0.019316 0.228228 0.00625899 0.00625899 0.019316 0.00625899 0.019316 0.04543 0.019316 0.019316 0.00625899 0.00625899 0.00625899 0.437141 0.0584871 0.00625899 
0.0164531 0.00545409 0.00105449 0.278229 0.00105449 0.00545409 0.616998 0.00545409 0.00325429 0.0142533 0.00105449 0.0142533 0.00105449 0.00105449 0.00105449 0.0186529 0.00105449 0.00985368 0.00325429 0.00105449 
0.0615144 0.242455 0.0121671 0.0450653 0.00394251 0.151984 0.00394251 0.00394251 0.00394251 0.00394251 0.0532898 0.00394251 0.00394251 0.00394251 0.086188 0.00394251 0.00394251 0.258904 0.00394251 0.0450653 
0.0204774 0.0204774 0.00263894 0.243458 0.0008551 0.00263894 0.00799048 0.477141 0.00263894 0.00263894 0.0186935 0.0668573 0.00263894 0.0008551 0.013342 0.0615058 0.00263894 0.0293966 0.0169097 0.00620663 
0.00195987 0.018314 0.00604839 0.0878188 0.018314 0.574353 0.00604839 0.0101369 0.00604839 0.0428451 0.0101369 0.00195987 0.00195987 0.00195987 0.00195987 0.00195987 0.00604839 0.169589 0.0224025 0.0101369 
0.019316 0.280456 0.00625899 0.019316 0.00625899 0.019316 0.00625899 0.123772 0.00625899 0.0846011 0.00625899 0.032373 0.032373 0.149886 0.00625899 0.0584871 0.123772 0.00625899 0.00625899 0.00625899 
0.0068886 0.0643705 0.0212591 0.337409 0.0212591 0.0356295 0.0212591 0.0068886 0.0212591 0.05 0.0212591 0.0212591 0.0356295 0.0068886 0.0068886 0.0212591 0.0068886 0.0068886 0.0068886 0.279927 
0.00120871 0.0440744 0.0138163 0.0768541 0.0138163 0.0541605 0.399608 0.00625174 0.00120871 0.00120871 0.00120871 0.0213808 0.00877325 0.046596 0.0314669 0.00120871 0.00373022 0.192844 0.0793756 0.00120871 
0.000771184 0.156823 0.0313381 0.0683401 0.039382 0.0506435 0.0104239 0.00559754 0.0120327 0.000771184 0.0876456 0.00398875 0.084428 0.00881511 0.243698 0.00881511 0.000771184 0.00398875 0.180955 0.000771184 
0.0244731 0.0244731 0.0244731 0.0244731 0.0244731 0.432904 0.0244731 0.0755269 0.0244731 0.0244731 0.0244731 0.0244731 0.0244731 0.0244731 0.0244731 0.0244731 0.0244731 0.0755269 0.0244731 0.0244731 
0.0375793 0.00517737 0.0483799 0.285994 0.0591805 0.242791 0.00517737 0.015978 0.0483799 0.102383 0.00517737 0.00517737 0.0699812 0.015978 0.00517737 0.00517737 0.015978 0.00517737 0.00517737 0.015978 
0.010092 0.010092 0.0851327 0.207927 0.00327012 0.337542 0.0851327 0.010092 0.00327012 0.00327012 0.00327012 0.00327012 0.11242 0.105598 0.00327012 0.00327012 0.00327012 0.00327012 0.00327012 0.00327012 
0.051749 0.0167683 0.0167683 0.261633 0.0167683 0.051749 0.0167683 0.051749 0.0167683 0.0167683 0.0167683 0.0867298 0.0167683 0.0167683 0.0167683 0.0167683 0.0167683 0.0867298 0.0167683 0.191672 
0.0131018 0.0677658 0.0131018 0.0131018 0.0131018 0.0131018 0.12243 0.0404338 0.177094 0.0131018 0.0131018 0.0404338 0.0131018 0.0131018 0.0131018 0.0131018 0.0131018 0.368418 0.0131018 0.0131018 
0.00234305 0.0218946 0.0414462 0.0414462 0.0267825 0.339608 0.0805493 0.0121188 0.051222 0.00234305 0.00234305 0.0805493 0.0170067 0.00234305 0.0121188 0.00234305 0.00723094 0.0121188 0.236962 0.00723094 
0.00791187 0.00791187 0.156458 0.0904376 0.00791187 0.00791187 0.00791187 0.00791187 0.00791187 0.00791187 0.00791187 0.00791187 0.00791187 0.0409222 0.0409222 0.0739325 0.00791187 0.420541 0.0739325 0.00791187 
0.000585592 0.104423 0.00791529 0.0445638 0.00180721 0.00547206 0.000585592 0.0115801 0.00791529 0.0213531 0.000585592 0.000585592 0.000585592 0.00180721 0.000585592 0.144736 0.000585592 0.57841 0.0616664 0.00425044 
0.000498507 0.0639353 0.0327369 0.341601 0.000498507 0.428957 0.0254572 0.010898 0.0192176 0.0150578 0.0254572 0.0025784 0.00673819 0.000498507 0.00361835 0.00153845 0.000498507 0.000498507 0.00153845 0.0181776 
0.0109977 0.0109977 0.0109977 0.0109977 0.0109977 0.0339402 0.607504 0.0109977 0.0109977 0.0109977 0.0109977 0.0109977 0.0109977 0.0339402 0.0339402 0.0339402 0.0109977 0.0339402 0.0798253 0.0109977 
0.00417206 0.00981242 0.0436546 0.212865 0.00699224 0.582309 0.00699224 0.00135188 0.00135188 0.0267335 0.00135188 0.00417206 0.0154528 0.00135188 0.00135188 0.035194 0.00135188 0.0295537 0.0126326 0.00135188 
0.00246729 0.0391592 0.00246729 0.132557 0.00079948 0.00079948 0.00747074 0.00413511 0.0174776 0.00413511 0.0158098 0.00580292 0.00079948 0.00413511 0.00079948 0.661254 0.00079948 0.0941971 0.00413511 0.00079948 
0.000634418 0.00328137 0.0522499 0.0681316 0.00328137 0.0800429 0.000634418 0.00592831 0.000634418 0.0125457 0.00592831 0.470468 0.0151926 0.000634418 0.185921 0.000634418 0.000634418 0.0178396 0.074749 0.000634418 
0.00391939 0.00866182 0.0639902 0.275819 0.000757774 0.49239 0.0134043 0.0134043 0.000757774 0.000757774 0.000757774 0.000757774 0.000757774 0.000757774 0.0102426 0.10351 0.000757774 0.00233858 0.00391939 0.00233858 
0.0167683 0.0167683 0.0167683 0.156691 0.051749 0.0167683 0.0167683 0.296614 0.0167683 0.051749 0.0167683 0.0167683 0.0167683 0.0167683 0.0867298 0.0167683 0.0867298 0.051749 0.0167683 0.0167683 
0.0837984 0.0162016 0.0162016 0.151395 0.0162016 0.0162016 0.0162016 0.0162016 0.0162016 0.218992 0.0162016 0.0162016 0.0162016 0.0162016 0.05 0.05 0.151395 0.0837984 0.0162016 0.0162016 
0.0503888 0.0192815 0.0270584 0.392569 0.00372788 0.0270584 0.0192815 0.0348352 0.00372788 0.0115047 0.0115047 0.00372788 0.00372788 0.00372788 0.0115047 0.0192815 0.307024 0.0115047 0.0192815 0.0192815 
0.00667071 0.0335119 0.0392635 0.485977 0.000919037 0.000919037 0.00283626 0.000919037 0.00283626 0.000919037 0.00667071 0.000919037 0.000919037 0.000919037 0.0546013 0.0162568 0.00283626 0.000919037 0.00475349 0.336433 
0.00204341 0.00204341 0.00204341 0.441113 0.00204341 0.0617227 0.40701 0.00630622 0.00204341 0.00630622 0.00204341 0.00204341 0.00204341 0.0233575 0.00204341 0.00204341 0.00630622 0.0148318 0.00204341 0.010569 
0.00738452 0.0304645 0.000790254 0.198618 0.0222216 0.389852 0.00408739 0.0420044 0.00738452 0.000790254 0.032113 0.0106817 0.00243882 0.0156274 0.183781 0.0123302 0.000790254 0.0139788 0.0238702 0.000790254 
0.0127532 0.0393581 0.0127532 0.0393581 0.0127532 0.385221 0.0659629 0.0127532 0.0393581 0.0127532 0.0659629 0.0393581 0.0127532 0.0393581 0.0127532 0.0127532 0.0127532 0.119173 0.0127532 0.0393581 
0.0138594 0.0427719 0.129509 0.100597 0.0427719 0.302984 0.100597 0.0138594 0.0427719 0.0138594 0.0138594 0.0427719 0.0138594 0.0138594 0.0138594 0.0427719 0.0138594 0.0138594 0.0138594 0.0138594 
0.0180297 0.0180297 0.0180297 0.0180297 0.0180297 0.130866 0.0556418 0.0180297 0.0180297 0.0180297 0.0180297 0.0180297 0.0180297 0.0180297 0.0180297 0.0180297 0.0556418 0.469375 0.0180297 0.0180297 
0.00200567 0.0006499 0.0264096 0.180968 0.0155634 0.523978 0.0006499 0.0006499 0.0413231 0.00200567 0.0114961 0.0006499 0.0006499 0.0006499 0.0128518 0.0006499 0.0101403 0.0209865 0.0684385 0.0792847 
0.0131018 0.231758 0.0404338 0.0950978 0.0131018 0.0404338 0.0131018 0.12243 0.0404338 0.0131018 0.0131018 0.0677658 0.0677658 0.0131018 0.0131018 0.0131018 0.12243 0.0131018 0.0404338 0.0131018 
0.00425766 0.0397857 0.0220217 0.137488 0.0220217 0.359538 0.0131397 0.0131397 0.00425766 0.00425766 0.0131397 0.00425766 0.00425766 0.00425766 0.0486677 0.0753137 0.0220217 0.0841957 0.110842 0.0131397 
0.0281315 0.0091155 0.0661636 0.123212 0.0281315 0.0661636 0.0091155 0.0661636 0.0091155 0.0091155 0.0091155 0.0091155 0.0281315 0.142228 0.0471476 0.0281315 0.0281315 0.256324 0.0281315 0.0091155 
0.0115266 0.0596184 0.0115266 0.0596184 0.0115266 0.203894 0.0115266 0.0115266 0.0115266 0.0115266 0.0115266 0.0115266 0.0355725 0.0115266 0.0596184 0.0596184 0.131756 0.22794 0.0115266 0.0355725 
0.0120015 0.0749289 0.00232037 0.128175 0.0120015 0.152378 0.0265232 0.00232037 0.0120015 0.00232037 0.0120015 0.00232037 0.0120015 0.00232037 0.00232037 0.00232037 0.00232037 0.476696 0.0555667 0.00716094 
0.110662 0.00709244 0.0366839 0.199437 0.00709244 0.199437 0.273415 0.00709244 0.00709244 0.0218882 0.00709244 0.00709244 0.00709244 0.00709244 0.0218882 0.0514796 0.00709244 0.00709244 0.00709244 0.00709244 
0.00256908 0.131195 0.0293662 0.233024 0.00792851 0.00256908 0.0561633 0.0293662 0.00256908 0.0293662 0.00256908 0.00256908 0.0132879 0.0186474 0.0615228 0.00256908 0.0347256 0.00256908 0.0561633 0.281259 
0.0483653 0.113752 0.0810588 0.0483653 0.0156719 0.179139 0.0483653 0.0156719 0.0156719 0.0156719 0.0483653 0.0156719 0.0156719 0.0810588 0.0810588 0.0156719 0.0810588 0.0483653 0.0156719 0.0156719 
0.0118106 0.0364489 0.184279 0.0610873 0.0610873 0.135002 0.307471 0.0118106 0.0118106 0.0118106 0.0118106 0.0118106 0.0118106 0.0118106 0.0118106 0.0118106 0.0610873 0.0118106 0.0118106 0.0118106 
0.000684223 0.00353897 0.000684223 0.381793 0.00353897 0.500265 0.0220948 0.000684223 0.00353897 0.00639372 0.00353897 0.0021116 0.000684223 0.00782109 0.0235222 0.000684223 0.000684223 0.00353897 0.0292317 0.00496635 
0.0173761 0.0173761 0.162371 0.0173761 0.0173761 0.19862 0.0536249 0.0536249 0.0173761 0.0173761 0.0536249 0.126122 0.0173761 0.0173761 0.0173761 0.0173761 0.0173761 0.126122 0.0173761 0.0173761 
0.00948663 0.021606 0.000829932 0.367874 0.00429261 0.0198747 0.0268 0.000829932 0.00602395 0.00602395 0.00256127 0.00602395 0.000829932 0.000829932 0.0146807 0.00429261 0.445784 0.0337254 0.00602395 0.021606 
0.000811663 0.0499153 0.0854732 0.0651544 0.017744 0.0160507 0.000811663 0.0143575 0.00250489 0.000811663 0.0126643 0.000811663 0.00250489 0.00758458 0.540952 0.0956326 0.0262101 0.054995 0.000811663 0.00419812 
0.01471 0.01471 0.045397 0.045397 0.01471 0.01471 0.01471 0.352266 0.01471 0.01471 0.01471 0.01471 0.01471 0.045397 0.01471 0.229519 0.01471 0.045397 0.01471 0.045397 
0.00496296 0.0774364 0.00496296 0.00496296 0.00496296 0.00496296 0.00496296 0.00496296 0.00496296 0.067083 0.0153163 0.0463763 0.0153163 0.39839 0.00496296 0.294857 0.0153163 0.0153163 0.00496296 0.00496296 
0.00947588 0.00947588 0.00947588 0.00947588 0.00947588 0.226922 0.305994 0.00947588 0.00947588 0.00947588 0.0292437 0.00947588 0.00947588 0.00947588 0.00947588 0.00947588 0.00947588 0.226922 0.0687795 0.00947588 
0.0121089 0.0121089 0.0878911 0.0121089 0.0373696 0.0121089 0.0373696 0.0121089 0.0373696 0.0121089 0.0121089 0.0121089 0.0626304 0.188934 0.0373696 0.0121089 0.214195 0.0878911 0.0373696 0.0626304 
0.00986594 0.00986594 0.00986594 0.0921922 0.0510291 0.00986594 0.174518 0.00986594 0.00986594 0.00986594 0.00986594 0.00986594 0.0716106 0.0304475 0.421497 0.00986594 0.0304475 0.00986594 0.00986594 0.00986594 
0.00237792 0.146236 0.185921 0.00237792 0.00733855 0.0470236 0.156158 0.00237792 0.00237792 0.166079 0.0222205 0.0271811 0.0122992 0.00733855 0.00733855 0.00733855 0.0519843 0.0519843 0.0668662 0.0271811 
0.0173761 0.0536249 0.0898736 0.0536249 0.0898736 0.0536249 0.0173761 0.0173761 0.0173761 0.0173761 0.0173761 0.0173761 0.0173761 0.0536249 0.0173761 0.0173761 0.126122 0.271117 0.0173761 0.0173761 
0.0124227 0.0124227 0.0124227 0.0383381 0.0383381 0.53073 0.0383381 0.0124227 0.0124227 0.0124227 0.0124227 0.0383381 0.0124227 0.0124227 0.0383381 0.0124227 0.116084 0.0124227 0.0124227 0.0124227 
0.00986594 0.1951 0.00986594 0.0510291 0.00986594 0.215682 0.00986594 0.0304475 0.0510291 0.133355 0.00986594 0.00986594 0.00986594 0.00986594 0.00986594 0.00986594 0.00986594 0.0510291 0.133355 0.0304475 
0.0466958 0.0356818 0.0136538 0.0852448 0.00263982 0.00263982 0.00263982 0.00814682 0.00814682 0.00263982 0.00263982 0.00263982 0.00263982 0.00263982 0.0136538 0.0632168 0.118287 0.509284 0.0687238 0.00814682 
0.0286769 0.0092922 0.0868309 0.261293 0.0480615 0.0286769 0.0092922 0.0092922 0.0092922 0.0092922 0.0092922 0.0092922 0.0286769 0.0480615 0.0092922 0.0092922 0.203139 0.0286769 0.144985 0.0092922 
0.01347 0.15397 0.01347 0.09777 0.06967 0.21017 0.04157 0.01347 0.01347 0.01347 0.04157 0.01347 0.01347 0.01347 0.15397 0.01347 0.04157 0.04157 0.01347 0.01347 
0.000684223 0.000684223 0.0021116 0.21479 0.000684223 0.00496635 0.000684223 0.000684223 0.000684223 0.000684223 0.00353897 0.000684223 0.00639372 0.000684223 0.186243 0.573061 0.000684223 0.000684223 0.000684223 0.000684223 
0.0218022 0.0155361 0.00926991 0.0218022 0.00300374 0.0406007 0.00300374 0.00300374 0.00926991 0.00300374 0.00926991 0.00300374 0.00300374 0.0218022 0.0155361 0.00300374 0.00300374 0.805073 0.00300374 0.00300374 
0.0468342 0.0468342 0.0151757 0.0151757 0.0151757 0.0468342 0.0784926 0.0151757 0.0151757 0.0151757 0.141809 0.0151757 0.0151757 0.0151757 0.0784926 0.0151757 0.0784926 0.268443 0.0151757 0.0468342 
0.00384757 0.132272 0.108192 0.116219 0.00384757 0.100166 0.156351 0.00384757 0.00384757 0.0279271 0.00384757 0.00384757 0.00384757 0.00384757 0.20451 0.0118741 0.0118741 0.00384757 0.0600331 0.0359536 
0.0162016 0.0162016 0.05 0.0162016 0.0162016 0.0162016 0.0837984 0.0162016 0.0162016 0.0837984 0.0162016 0.0837984 0.0162016 0.0162016 0.0162016 0.0162016 0.0162016 0.421783 0.05 0.0162016 
0.00599283 0.059387 0.00599283 0.259185 0.00427043 0.479651 0.0714438 0.00771522 0.00254804 0.0576647 0.01116 0.00427043 0.0146048 0.000825643 0.000825643 0.000825643 0.000825643 0.00599283 0.00427043 0.00254804 
0.0642534 0.0124227 0.0124227 0.0124227 0.0124227 0.0124227 0.0124227 0.0383381 0.0124227 0.116084 0.0124227 0.0642534 0.0383381 0.0642534 0.0124227 0.0124227 0.349322 0.116084 0.0124227 0.0124227 
0.00947588 0.00947588 0.00947588 0.444369 0.00947588 0.0292437 0.0490116 0.147851 0.0292437 0.0292437 0.00947588 0.0292437 0.0292437 0.0490116 0.00947588 0.00947588 0.00947588 0.00947588 0.0292437 0.0490116 
0.022654 0.165895 0.00312108 0.00312108 0.00312108 0.00963204 0.016143 0.00963204 0.00963204 0.0682307 0.016143 0.016143 0.016143 0.00312108 0.00312108 0.00312108 0.00312108 0.491443 0.113807 0.022654 
0.000457583 0.0787327 0.00523046 0.222873 0.0214582 0.0338677 0.0768235 0.0128671 0.0357768 0.00618503 0.000457583 0.00236673 0.000457583 0.00427588 0.00809418 0.00236673 0.00141216 0.347923 0.137916 0.000457583 
0.000841588 0.00961988 0.00259725 0.237855 0.000841588 0.0254208 0.0043529 0.000841588 0.0219095 0.000841588 0.000841588 0.0675566 0.0043529 0.000841588 0.00259725 0.550362 0.00786422 0.0219095 0.0341991 0.0043529 
0.00899664 0.400887 0.00536802 0.110598 0.00173941 0.00899664 0.00173941 0.00173941 0.0452828 0.0126253 0.00536802 0.00173941 0.0126253 0.0271397 0.00536802 0.00173941 0.00536802 0.299286 0.0416542 0.00173941 
0.0165131 0.351382 0.00535074 0.00535074 0.0276754 0.128136 0.0611623 0.00535074 0.0165131 0.00535074 0.00535074 0.0165131 0.0276754 0.105812 0.0276754 0.0165131 0.0388377 0.105812 0.0276754 0.00535074 
0.01471 0.01471 0.01471 0.01471 0.01471 0.536388 0.01471 0.01471 0.0760839 0.01471 0.01471 0.045397 0.0760839 0.045397 0.01471 0.01471 0.01471 0.01471 0.01471 0.01471 
0.0121089 0.0373696 0.0121089 0.0121089 0.0121089 0.0121089 0.0121089 0.0373696 0.0121089 0.113152 0.0121089 0.0121089 0.0373696 0.0626304 0.0121089 0.0121089 0.0626304 0.41628 0.0878911 0.0121089 
0.302289 0.0357597 0.000730075 0.0250985 0.00682218 0.0692663 0.0022531 0.00529916 0.0022531 0.000730075 0.0327136 0.00682218 0.000730075 0.00529916 0.253553 0.0860196 0.0235755 0.000730075 0.0723123 0.0677433 
0.00947588 0.00947588 0.00947588 0.226922 0.00947588 0.34553 0.00947588 0.0292437 0.00947588 0.00947588 0.00947588 0.00947588 0.0292437 0.00947588 0.0490116 0.00947588 0.187387 0.00947588 0.00947588 0.00947588 
0.00259692 0.0188494 0.159704 0.0946943 0.00259692 0.246384 0.0134319 0.00259692 0.0513544 0.0730244 0.0459369 0.00801441 0.00259692 0.0242669 0.00259692 0.0351019 0.0188494 0.170539 0.0188494 0.00801441 
0.00271457 0.427434 0.00271457 0.0536809 0.00271457 0.195254 0.0197033 0.00271457 0.0197033 0.00271457 0.0763326 0.00271457 0.00271457 0.00271457 0.00271457 0.0197033 0.0423551 0.00271457 0.0989843 0.0197033 
0.0115266 0.10771 0.0355725 0.0115266 0.0355725 0.0355725 0.0115266 0.0355725 0.0115266 0.0115266 0.0115266 0.0115266 0.0836642 0.0115266 0.372215 0.0836642 0.0596184 0.0355725 0.0115266 0.0115266 
0.0164977 0.0495649 0.000834265 0.0756706 0.000834265 0.625631 0.00779579 0.000834265 0.0234592 0.0164977 0.000834265 0.000834265 0.0112765 0.00605541 0.134844 0.000834265 0.00257465 0.00257465 0.0164977 0.00605541 
0.0118106 0.0118106 0.0364489 0.0857256 0.0118106 0.307471 0.0118106 0.0118106 0.0118106 0.0364489 0.0118106 0.0364489 0.0118106 0.0364489 0.0364489 0.0364489 0.208917 0.0610873 0.0118106 0.0118106 
0.00529168 0.00529168 0.00529168 0.049448 0.0273699 0.446855 0.00529168 0.00529168 0.00529168 0.0273699 0.038409 0.00529168 0.00529168 0.00529168 0.00529168 0.00529168 0.0163308 0.325425 0.00529168 0.00529168 
0.00256571 0.182937 0.000831371 0.149985 0.00256571 0.0407213 0.0251122 0.000831371 0.0060344 0.0112374 0.0112374 0.00950309 0.00776874 0.000831371 0.054596 0.477776 0.0112374 0.000831371 0.00256571 0.000831371 
0.305406 0.0127532 0.0127532 0.145777 0.0127532 0.0127532 0.0127532 0.0127532 0.0659629 0.0393581 0.0127532 0.0127532 0.0393581 0.0393581 0.0127532 0.0393581 0.0659629 0.119173 0.0127532 0.0127532 
0.00361542 0.282677 0.0714953 0.0337843 0.00361542 0.0186998 0.0111576 0.0111576 0.0186998 0.0186998 0.026242 0.00361542 0.00361542 0.00361542 0.388268 0.026242 0.0337843 0.0186998 0.0111576 0.0111576 
0.00612812 0.00859977 0.324972 0.310142 0.00118481 0.0975794 0.00365646 0.0110714 0.00612812 0.00118481 0.00859977 0.0135431 0.0135431 0.00365646 0.0135431 0.00118481 0.00118481 0.119824 0.00118481 0.0530896 
0.0158073 0.00512205 0.0158073 0.111974 0.0158073 0.0692334 0.0692334 0.00512205 0.0585482 0.0371777 0.00512205 0.00512205 0.047863 0.0158073 0.0158073 0.0799186 0.38979 0.0264925 0.00512205 0.00512205 
0.01347 0.04157 0.09777 0.04157 0.01347 0.12587 0.01347 0.01347 0.18207 0.01347 0.01347 0.01347 0.01347 0.01347 0.01347 0.01347 0.06967 0.04157 0.04157 0.21017 
0.352003 0.252753 0.00226553 0.040075 0.0164441 0.106242 0.00226553 0.00699172 0.00226553 0.00226553 0.0117179 0.0826107 0.00226553 0.00699172 0.00226553 0.00699172 0.00226553 0.0211703 0.0778845 0.00226553 
0.00877503 0.00877503 0.0325016 0.0918181 0.00284338 0.465512 0.109613 0.00877503 0.0680915 0.0206383 0.00284338 0.00284338 0.0621599 0.00284338 0.02657 0.00284338 0.0147067 0.0147067 0.0502966 0.00284338 
0.0162016 0.0162016 0.05 0.218992 0.0162016 0.117597 0.0837984 0.0162016 0.0162016 0.117597 0.0162016 0.0162016 0.0162016 0.0162016 0.05 0.05 0.0162016 0.0162016 0.117597 0.0162016 
0.042946 0.0115949 0.0821349 0.16835 0.0115949 0.411322 0.0037571 0.0037571 0.0037571 0.0037571 0.0115949 0.0194327 0.0194327 0.0037571 0.113486 0.0037571 0.0272704 0.0115949 0.0115949 0.0351082 
0.00642682 0.676783 0.0198339 0.0332411 0.00642682 0.00642682 0.00642682 0.00642682 0.0198339 0.00642682 0.00642682 0.00642682 0.0332411 0.00642682 0.00642682 0.100277 0.00642682 0.0198339 0.00642682 0.0198339 
0.00736236 0.0115944 0.0115944 0.227428 0.00101433 0.153367 0.00736236 0.0200584 0.00313034 0.00313034 0.00101433 0.0433346 0.00101433 0.00101433 0.113163 0.0137104 0.00101433 0.00313034 0.00736236 0.3692 
0.0574273 0.156458 0.0739325 0.00791187 0.00791187 0.00791187 0.0904376 0.00791187 0.00791187 0.0409222 0.0739325 0.00791187 0.00791187 0.00791187 0.00791187 0.0739325 0.0904376 0.189468 0.0739325 0.00791187 
0.00399518 0.00399518 0.0168862 0.0910095 0.0507251 0.000772427 0.0362227 0.000772427 0.0184976 0.0023838 0.0168862 0.0297772 0.0265545 0.000772427 0.000772427 0.464849 0.0168862 0.134517 0.0781185 0.00560656 
0.00120871 0.056682 0.00120871 0.676974 0.00120871 0.114677 0.0112948 0.00373022 0.00373022 0.0692896 0.00373022 0.00877325 0.00625174 0.00120871 0.0239023 0.00373022 0.00120871 0.00120871 0.00120871 0.00877325 
0.00104302 0.462327 0.133771 0.0880777 0.00321888 0.0271534 0.0880777 0.00539475 0.0249775 0.00104302 0.0271534 0.00757062 0.00974648 0.00321888 0.0793742 0.00104302 0.00104302 0.0293293 0.00104302 0.00539475 
0.0776201 0.0278328 0.000568238 0.115553 0.000568238 0.0136078 0.00175365 0.0290182 0.0254619 0.0100515 0.0479848 0.00175365 0.00175365 0.000568238 0.0396869 0.000568238 0.00175365 0.0337598 0.224611 0.345524 
0.00378361 0.17125 0.0059585 0.302831 0.00378361 0.0255325 0.00160872 0.00378361 0.00378361 0.000521275 0.0059585 0.000521275 0.00269616 0.00704594 0.396351 0.000521275 0.000521275 0.0505437 0.0124832 0.000521275 
0.00211462 0.0364206 0.0121205 0.173644 0.000685201 0.0392794 0.000685201 0.00354403 0.00640286 0.00211462 0.00354403 0.00640286 0.000685201 0.18365 0.382339 0.0935971 0.0492853 0.00211462 0.000685201 0.000685201 
0.0273699 0.203995 0.0273699 0.00529168 0.00529168 0.435816 0.0604871 0.0163308 0.00529168 0.00529168 0.0163308 0.00529168 0.00529168 0.00529168 0.00529168 0.0273699 0.0163308 0.00529168 0.104644 0.0163308 
0.000783793 0.0645523 0.00568906 0.19863 0.000783793 0.02204 0.000783793 0.000783793 0.00241888 0.102159 0.00241888 0.0105943 0.000783793 0.00405397 0.00241888 0.000783793 0.00732415 0.548539 0.00241888 0.02204 
0.00589135 0.0363695 0.00250489 0.104099 0.000811663 0.19892 0.495235 0.00927781 0.0262101 0.077007 0.0126643 0.00250489 0.00419812 0.000811663 0.000811663 0.00419812 0.000811663 0.0160507 0.000811663 0.000811663 
0.00587541 0.00587541 0.00587541 0.0794164 0.0303891 0.0794164 0.00587541 0.00587541 0.00587541 0.00587541 0.00587541 0.00587541 0.00587541 0.0303891 0.0426459 0.33681 0.275526 0.0549027 0.00587541 0.00587541 
0.00407662 0.0465983 0.0125809 0.0636069 0.00407662 0.327241 0.0380939 0.0976242 0.0125809 0.0295896 0.0125809 0.0380939 0.00407662 0.0210853 0.0125809 0.0125809 0.0636069 0.182668 0.00407662 0.0125809 
0.00884449 0.115316 0.000654336 0.164457 0.00611444 0.142617 0.276389 0.0143046 0.0552553 0.0402401 0.000654336 0.000654336 0.00201936 0.0129396 0.0552553 0.0129396 0.00611444 0.00201936 0.0811908 0.00201936 
0.00177896 0.471964 0.000576437 0.332472 0.004184 0.0222218 0.00177896 0.00298148 0.00899408 0.0330445 0.0138042 0.00538652 0.00899408 0.0101966 0.00298148 0.000576437 0.000576437 0.000576437 0.0354495 0.0414621 
0.00656994 0.00656994 0.00279342 0.316245 0.0122347 0.112313 0.00279342 0.000905154 0.0178995 0.00468168 0.0178995 0.014123 0.0575531 0.348346 0.0537765 0.00845821 0.0103465 0.000905154 0.000905154 0.00468168 
0.000927932 0.0764234 0.00867106 0.306781 0.000927932 0.035772 0.000927932 0.00673528 0.01835 0.00286371 0.0454509 0.0861023 0.0125426 0.293231 0.0047995 0.0299647 0.000927932 0.0609372 0.0047995 0.00286371 
0.000908585 0.0691438 0.00280401 0.228359 0.00469943 0.0331307 0.000908585 0.0179674 0.00659485 0.00659485 0.36862 0.00469943 0.000908585 0.016072 0.224568 0.00659485 0.00280401 0.000908585 0.000908585 0.00280401 
0.0047656 0.0345905 0.0942402 0.0246489 0.0047656 0.0147072 0.0345905 0.0047656 0.0047656 0.0544737 0.104182 0.0246489 0.0047656 0.0246489 0.0246489 0.0147072 0.0047656 0.452139 0.0644154 0.0047656 
0.0297459 0.00318326 0.00318326 0.195763 0.0164646 0.049668 0.00318326 0.00318326 0.0164646 0.00318326 0.00982393 0.00318326 0.0231053 0.0164646 0.00318326 0.0231053 0.0828713 0.494593 0.00318326 0.0164646 
0.00988961 0.00320454 0.05 0.00320454 0.0165747 0.00320454 0.00988961 0.00320454 0.00320454 0.0901104 0.0299448 0.00320454 0.00988961 0.00988961 0.00320454 0.277292 0.431049 0.00988961 0.0165747 0.0165747 
0.223669 0.00101648 0.0179805 0.0349445 0.00525748 0.0603904 0.00949847 0.028583 0.00949847 0.011619 0.011619 0.024342 0.020101 0.0137395 0.0391855 0.287284 0.00949847 0.00313698 0.181259 0.00737797 
0.000652554 0.0101817 0.0782472 0.227991 0.0101817 0.00201386 0.000652554 0.365483 0.0074591 0.011543 0.000652554 0.00337517 0.00201386 0.0101817 0.16401 0.00473648 0.000652554 0.00473648 0.0945829 0.000652554 
0.00778235 0.0454487 0.00150464 0.0046435 0.00150464 0.0580041 0.0046435 0.0423098 0.0485875 0.0391709 0.00150464 0.00150464 0.0046435 0.0046435 0.0140601 0.0454487 0.0109212 0.635554 0.0266155 0.00150464 
0.0109977 0.0798253 0.0109977 0.0568828 0.0109977 0.355136 0.0109977 0.0109977 0.0109977 0.0109977 0.0339402 0.0568828 0.0339402 0.0109977 0.0798253 0.12571 0.0339402 0.0109977 0.0339402 0.0109977 
0.0138594 0.0138594 0.0138594 0.0427719 0.0138594 0.0138594 0.0138594 0.0138594 0.0138594 0.0138594 0.0138594 0.0716843 0.0138594 0.0427719 0.0138594 0.0138594 0.129509 0.447546 0.0138594 0.0716843 
0.00878152 0.00878152 0.00878152 0.00878152 0.0271008 0.210294 0.210294 0.00878152 0.0271008 0.00878152 0.0271008 0.00878152 0.118697 0.137017 0.0454202 0.0271008 0.0271008 0.0271008 0.0271008 0.0271008 
0.00405397 0.172468 0.000783793 0.134861 0.000783793 0.313086 0.00241888 0.00241888 0.0449312 0.02204 0.00241888 0.0923488 0.00732415 0.000783793 0.0792681 0.0171347 0.000783793 0.00568906 0.0187698 0.077633 
0.00630374 0.000674594 0.000674594 0.639583 0.000674594 0.00208188 0.00489645 0.000674594 0.000674594 0.000674594 0.000674594 0.000674594 0.000674594 0.000674594 0.000674594 0.00771103 0.306056 0.000674594 0.000674594 0.0245985 
0.0122222 0.0225369 0.00319675 0.160497 0.0238263 0.516356 0.00319675 0.000618058 0.0509025 0.00319675 0.00835413 0.000618058 0.000618058 0.00835413 0.026405 0.0019074 0.030273 0.059928 0.0663747 0.000618058 
0.00234229 0.000758974 0.0102589 0.516919 0.000758974 0.00234229 0.00550891 0.000758974 0.00234229 0.000758974 0.000758974 0.0150088 0.000758974 0.000758974 0.43142 0.000758974 0.000758974 0.000758974 0.0039256 0.00234229 
0.0107105 0.0028917 0.0165746 0.153404 0.0048464 0.0028917 0.0048464 0.000937002 0.00875581 0.0028917 0.000937002 0.000937002 0.00680111 0.00875581 0.0302575 0.561936 0.0028917 0.000937002 0.172951 0.0048464 
0.00247142 0.189579 0.00414202 0.117743 0.0275304 0.376686 0.10939 0.00414202 0.000800816 0.000800816 0.00414202 0.00247142 0.00247142 0.0342128 0.000800816 0.0325422 0.0141656 0.0408952 0.00581262 0.029201 
0.00529168 0.0163308 0.00529168 0.00529168 0.00529168 0.00529168 0.0273699 0.0273699 0.00529168 0.0273699 0.00529168 0.00529168 0.00529168 0.491012 0.00529168 0.1488 0.0163308 0.115683 0.0715262 0.00529168 
0.00541115 0.0618527 0.0166995 0.0957177 0.0279878 0.276331 0.0392761 0.0166995 0.0166995 0.174736 0.00541115 0.00541115 0.00541115 0.00541115 0.0166995 0.0505644 0.00541115 0.0505644 0.00541115 0.118294 
0.00459875 0.0733284 0.0019553 0.608627 0.0019553 0.017816 0.0125291 0.0112074 0.000633579 0.00459875 0.0217812 0.0389636 0.00459875 0.000633579 0.0614329 0.11298 0.00459875 0.000633579 0.00856393 0.00856393 
0.0156719 0.0810588 0.0156719 0.0483653 0.0156719 0.146446 0.0156719 0.0483653 0.0156719 0.0156719 0.0156719 0.146446 0.0156719 0.0156719 0.179139 0.0810588 0.0156719 0.0156719 0.0810588 0.0156719 
0.00437422 0.0134994 0.00437422 0.278129 0.00437422 0.497133 0.00437422 0.00437422 0.0134994 0.00437422 0.00437422 0.05 0.00437422 0.0134994 0.0682503 0.00437422 0.00437422 0.00437422 0.00437422 0.0134994 
0.0161525 0.0052339 0.0489081 0.0052339 0.0161525 0.158094 0.0052339 0.0052339 0.103501 0.027071 0.0052339 0.0161525 0.0379896 0.0052339 0.103501 0.0598267 0.0052339 0.354628 0.0161525 0.0052339 
0.108228 0.0168901 0.0511417 0.0853933 0.00547293 0.439326 0.0283073 0.00547293 0.0283073 0.00547293 0.0168901 0.00547293 0.0168901 0.00547293 0.00547293 0.00547293 0.119645 0.0397245 0.00547293 0.00547293 
0.0049121 0.0151594 0.0049121 0.0151594 0.0254066 0.117632 0.0049121 0.0049121 0.0049121 0.250846 0.0254066 0.0356539 0.0049121 0.0766428 0.0049121 0.0049121 0.0049121 0.240599 0.138126 0.0151594 
0.010751 0.010751 0.010751 0.078035 0.010751 0.100463 0.078035 0.010751 0.010751 0.055607 0.033179 0.010751 0.010751 0.033179 0.033179 0.010751 0.302315 0.167747 0.010751 0.010751 
0.00286035 0.223641 0.140102 0.00882739 0.00286035 0.187839 0.0804319 0.0326956 0.0147944 0.122201 0.00286035 0.00286035 0.086399 0.00286035 0.0267285 0.0147944 0.0147944 0.00286035 0.0267285 0.00286035 
0.00630622 0.249286 0.0361459 0.00204341 0.00204341 0.424061 0.0190946 0.0233575 0.0659855 0.00204341 0.00204341 0.010569 0.0404087 0.0361459 0.00630622 0.00204341 0.0233575 0.00204341 0.0446715 0.00204341 
0.000689142 0.0668203 0.00356441 0.342846 0.00356441 0.463607 0.000689142 0.0136279 0.000689142 0.00643968 0.00212678 0.000689142 0.000689142 0.000689142 0.00643968 0.00212678 0.000689142 0.0711332 0.0121902 0.000689142 
0.00102081 0.0606477 0.00102081 0.771911 0.0244456 0.0223161 0.00102081 0.00102081 0.00102081 0.00315034 0.00102081 0.00102081 0.00102081 0.0223161 0.0074094 0.00102081 0.0542591 0.00102081 0.00527987 0.018057 
0.0712663 0.0142104 0.00124319 0.0168039 0.0168039 0.00383664 0.0297711 0.0142104 0.00383664 0.00383664 0.0245842 0.00124319 0.0193973 0.00124319 0.0245842 0.602923 0.0219908 0.115355 0.011617 0.00124319 
0.00138308 0.0331211 0.041777 0.171614 0.00138308 0.413978 0.00138308 0.00138308 0.0129242 0.00426836 0.00138308 0.00138308 0.00715363 0.00426836 0.00138308 0.0129242 0.00138308 0.246632 0.0158095 0.0244653 
0.00901823 0.0419353 0.00408066 0.056748 0.00408066 0.0946027 0.00243481 0.000788953 0.00737237 0.129166 0.00408066 0.00572652 0.00408066 0.000788953 0.00243481 0.591651 0.000788953 0.0353519 0.00408066 0.000788953 
0.0402577 0.00778341 0.0240206 0.0402577 0.0240206 0.00778341 0.00778341 0.0240206 0.00778341 0.00778341 0.0240206 0.137681 0.00778341 0.0564949 0.0564949 0.300052 0.072732 0.137681 0.00778341 0.00778341 
0.00193612 0.260431 0.030209 0.115028 0.00193612 0.321016 0.0786768 0.0059751 0.0100141 0.123106 0.0059751 0.0100141 0.00193612 0.0059751 0.0100141 0.00193612 0.0100141 0.00193612 0.00193612 0.00193612 
0.00296656 0.00296656 0.0339096 0.145305 0.0215324 0.287643 0.00296656 0.00296656 0.00296656 0.0215324 0.00296656 0.027721 0.00296656 0.00915517 0.0896071 0.0215324 0.00915517 0.30002 0.00915517 0.00296656 
0.0473443 0.00561241 0.256004 0.180128 0.00181859 0.00181859 0.00181859 0.0663134 0.0132 0.237035 0.0207877 0.00561241 0.00561241 0.00181859 0.00181859 0.00181859 0.00181859 0.0625196 0.00181859 0.0852824 
0.00259692 0.00259692 0.0134319 0.0242669 0.0134319 0.0188494 0.00259692 0.00259692 0.0134319 0.00259692 0.00801441 0.159704 0.00259692 0.706871 0.00259692 0.00259692 0.00259692 0.00801441 0.00259692 0.00801441 
0.412611 0.00443862 0.0348725 0.126174 0.00264839 0.0133898 0.00622885 0.0115995 0.00264839 0.0420335 0.000858162 0.00980932 0.00443862 0.00980932 0.120804 0.0957404 0.0509846 0.038453 0.00264839 0.00980932 
0.00862354 0.0446031 0.0266133 0.00862354 0.0266133 0.152542 0.00862354 0.0985724 0.00862354 0.0805826 0.00862354 0.00862354 0.00862354 0.0805826 0.00862354 0.152542 0.134552 0.00862354 0.116562 0.00862354 
0.0414184 0.0242553 0.00137121 0.195886 0.00423173 0.00709225 0.570614 0.00709225 0.00137121 0.00995276 0.0156738 0.0156738 0.00709225 0.00137121 0.0242553 0.00423173 0.0156738 0.00423173 0.0185343 0.0299764 
0.00329445 0.0218969 0.0245544 0.0484719 0.0218969 0.000636947 0.0099382 0.0458144 0.0165819 0.00329445 0.000636947 0.0046232 0.000636947 0.000636947 0.639766 0.0311982 0.0019657 0.0245544 0.0989644 0.000636947 
0.000288668 0.0623149 0.0340117 0.119524 0.00329965 0.000288668 0.0803808 0.00631063 0.00751503 0.00329965 0.0243765 0.217682 0.000288668 0.000890864 0.00149306 0.43387 0.000288668 0.000288668 0.00149306 0.00209526 
0.00104987 0.0536138 0.00104987 0.187214 0.00104987 0.0141908 0.00104987 0.0054302 0.00104987 0.0054302 0.00104987 0.0601843 0.0054302 0.00762036 0.231017 0.00104987 0.40185 0.0141908 0.0054302 0.00104987 
0.00268417 0.125873 0.00268417 0.0698782 0.00828368 0.361053 0.00268417 0.0194827 0.00268417 0.00268417 0.0194827 0.00268417 0.00268417 0.00828368 0.249062 0.00268417 0.0138832 0.0978758 0.00268417 0.00268417 
0.0124227 0.0642534 0.0124227 0.0124227 0.0124227 0.0124227 0.0383381 0.219746 0.0124227 0.0124227 0.0124227 0.0383381 0.0124227 0.0124227 0.0124227 0.0642534 0.401153 0.0124227 0.0124227 0.0124227 
0.00143698 0.106357 0.0344119 0.238257 0.00143698 0.00143698 0.00143698 0.00143698 0.00143698 0.0314142 0.0104301 0.00743241 0.022421 0.00743241 0.0134278 0.112353 0.00743241 0.397136 0.00143698 0.00143698 
0.00430006 0.111829 0.411871 0.184672 0.0112374 0.000831371 0.00256571 0.00430006 0.00256571 0.0285809 0.00256571 0.0060344 0.000831371 0.000831371 0.000831371 0.00256571 0.0181748 0.110095 0.0233778 0.0719394 
0.00594832 0.0307662 0.0431751 0.0804019 0.0431751 0.192082 0.0679929 0.0183572 0.00594832 0.00594832 0.0307662 0.00594832 0.0183572 0.0183572 0.00594832 0.0183572 0.055584 0.340989 0.00594832 0.00594832 
0.00095 0.316059 0.0504955 0.15355 0.00095 0.00095 0.00293182 0.00293182 0.0187864 0.141659 0.00293182 0.00887727 0.0148227 0.133732 0.00689545 0.00293182 0.00293182 0.0524773 0.0742773 0.0108591 
0.00255539 0.00255539 0.0132171 0.125165 0.00255539 0.00255539 0.0238788 0.0292097 0.00788624 0.0132171 0.0132171 0.0292097 0.0132171 0.00788624 0.0132171 0.183804 0.00255539 0.508987 0.00255539 0.00255539 
0.280469 0.0758716 0.112831 0.0441921 0.0441921 0.0639918 0.0032727 0.00195272 0.00723264 0.0415521 0.00723264 0.0296723 0.00591266 0.00591266 0.19995 0.0309923 0.0032727 0.00459268 0.0349522 0.00195272 
0.00249223 0.0665098 0.000807561 0.170959 0.00249223 0.396706 0.00586158 0.000807561 0.00923092 0.000807561 0.000807561 0.000807561 0.000807561 0.00417691 0.0462937 0.019339 0.000807561 0.150743 0.0968339 0.0227083 
0.00158629 0.0337549 0.00265858 0.0552006 0.00373087 0.0294657 0.000514009 0.00802001 0.0337549 0.0251766 0.00158629 0.553813 0.0412609 0.118465 0.000514009 0.000514009 0.00480315 0.00373087 0.0659234 0.015526 
0.000686182 0.000686182 0.000686182 0.931136 0.00211764 0.0035491 0.000686182 0.000686182 0.000686182 0.000686182 0.000686182 0.000686182 0.000686182 0.0321783 0.000686182 0.0121379 0.000686182 0.00211764 0.000686182 0.00784349 
0.00995616 0.00995616 0.00322611 0.00322611 0.0503365 0.00322611 0.158017 0.0166862 0.0301463 0.00995616 0.00322611 0.0301463 0.0772567 0.171478 0.0436064 0.171478 0.0301463 0.00995616 0.158017 0.00995616 
