0.000772201 0.000772201 0.0162162 0.0023166 0.0131274 0.403861 0.400772 0.0023166 0.011583 0.003861 0.000772201 0.0918919 0.0023166 0.003861 0.0455598 
0.00775194 0.0232558 0.147287 0.0232558 0.0232558 0.0542636 0.224806 0.209302 0.00775194 0.0542636 0.00775194 0.0387597 0.00775194 0.147287 0.0232558 
0.230151 0.0231156 0.125628 0.284422 0.0110553 0.00100503 0.288442 0.00100503 0.00301508 0.00100503 0.00703518 0.00100503 0.00100503 0.0110553 0.0110553 
0.340659 0.010989 0.032967 0.010989 0.010989 0.010989 0.032967 0.010989 0.010989 0.032967 0.010989 0.0549451 0.010989 0.186813 0.230769 
0.010101 0.010101 0.010101 0.030303 0.010101 0.010101 0.010101 0.010101 0.010101 0.292929 0.010101 0.030303 0.0505051 0.111111 0.393939 
0.0324838 0.00049975 0.00049975 0.00149925 0.00049975 0.452274 0.425287 0.0474763 0.00049975 0.00549725 0.00049975 0.00349825 0.00049975 0.0264868 0.00249875 
0.174272 0.000549753 0.0940077 0.000549753 0.00384827 0.26663 0.321605 0.0478285 0.00164926 0.00164926 0.000549753 0.000549753 0.000549753 0.0841121 0.00164926 
0.110404 0.000454339 0.0676965 0.000454339 0.000454339 0.00136302 0.333939 0.000454339 0.00136302 0.00227169 0.00227169 0.000454339 0.00408905 0.473876 0.000454339 
0.0186335 0.00621118 0.0186335 0.0186335 0.217391 0.118012 0.341615 0.00621118 0.00621118 0.00621118 0.00621118 0.0186335 0.00621118 0.00621118 0.204969 
0.0700637 0.00636943 0.401274 0.0191083 0.0573248 0.00636943 0.0191083 0.0191083 0.00636943 0.00636943 0.00636943 0.044586 0.00636943 0.0955414 0.235669 
0.333333 0.00107181 0.127546 0.279743 0.00107181 0.00535906 0.155413 0.00107181 0.00107181 0.00535906 0.00107181 0.0160772 0.00107181 0.0589496 0.0117899 
0.0498534 0.0498534 0.343109 0.173021 0.00293255 0.0381232 0.302053 0.00293255 0.00293255 0.00293255 0.00293255 0.00293255 0.00293255 0.0146628 0.00879765 
0.0181818 0.0181818 0.0545455 0.0181818 0.236364 0.0909091 0.0545455 0.0181818 0.0181818 0.0181818 0.0181818 0.0181818 0.0181818 0.0181818 0.381818 
0.211995 0.0428988 0.0512287 0.00458142 0.092045 0.251978 0.325281 0.00124948 0.00374844 0.00124948 0.00124948 0.000416493 0.000416493 0.00708038 0.00458142 
0.00598802 0.0179641 0.0538922 0.245509 0.00598802 0.00598802 0.0898204 0.00598802 0.00598802 0.00598802 0.0179641 0.00598802 0.0299401 0.161677 0.341317 
0.215889 0.00172712 0.150259 0.519862 0.00518135 0.00518135 0.0708117 0.00172712 0.00172712 0.00863558 0.00172712 0.00172712 0.00518135 0.00172712 0.00863558 
0.141717 0.00199601 0.185629 0.0339321 0.00199601 0.00598802 0.273453 0.0578842 0.00199601 0.101796 0.00598802 0.0698603 0.00199601 0.0698603 0.0459082 
0.104587 0.00917431 0.299083 0.229358 0.00183486 0.00917431 0.266055 0.0165138 0.00183486 0.00183486 0.00183486 0.00183486 0.00550459 0.0495413 0.00183486 
0.121387 0.526012 0.0404624 0.00578035 0.017341 0.017341 0.109827 0.00578035 0.00578035 0.00578035 0.00578035 0.017341 0.00578035 0.00578035 0.109827 
0.032967 0.010989 0.142857 0.362637 0.010989 0.010989 0.0549451 0.032967 0.010989 0.010989 0.010989 0.010989 0.010989 0.010989 0.274725 
0.0404624 0.00578035 0.0635838 0.017341 0.144509 0.0982659 0.00578035 0.0404624 0.144509 0.213873 0.0404624 0.0404624 0.00578035 0.017341 0.121387 
0.00558659 0.0391061 0.0949721 0.027933 0.162011 0.0391061 0.0949721 0.0167598 0.0726257 0.206704 0.0502793 0.0502793 0.00558659 0.00558659 0.128492 
0.133095 0.00152983 0.140235 0.0045895 0.0606833 0.0300867 0.228965 0.0474248 0.000509944 0.335033 0.0045895 0.000509944 0.000509944 0.0117287 0.000509944 
0.00492611 0.0147783 0.00492611 0.0344828 0.00492611 0.00492611 0.339901 0.00492611 0.0147783 0.00492611 0.00492611 0.00492611 0.0147783 0.536946 0.00492611 
0.607625 0.0182685 0.0420969 0.000794281 0.00555997 0.000794281 0.224782 0.000794281 0.000794281 0.0182685 0.00714853 0.000794281 0.000794281 0.00397141 0.0675139 
0.0125523 0.0041841 0.0292887 0.338912 0.0041841 0.0543933 0.146444 0.0627615 0.0209205 0.112971 0.0041841 0.0125523 0.0041841 0.0041841 0.188285 
0.0267516 0.340127 0.00382166 0.00127389 0.00636943 0.011465 0.449682 0.00127389 0.0089172 0.0955414 0.00127389 0.00127389 0.00636943 0.0267516 0.0191083 
0.0352941 0.0117647 0.0117647 0.247059 0.0352941 0.0117647 0.0352941 0.0117647 0.0117647 0.0352941 0.0117647 0.0117647 0.0117647 0.0117647 0.505882 
0.210477 0.01029 0.582788 0.00654818 0.000935454 0.000935454 0.156221 0.00280636 0.000935454 0.0159027 0.00467727 0.000935454 0.000935454 0.00467727 0.000935454 
0.021645 0.012987 0.004329 0.506494 0.021645 0.030303 0.004329 0.038961 0.004329 0.038961 0.012987 0.004329 0.004329 0.272727 0.021645 
0.222942 0.00832562 0.000925069 0.000925069 0.0564292 0.000925069 0.052729 0.00462535 0.0453284 0.000925069 0.426457 0.00277521 0.0101758 0.165587 0.000925069 
0.0327273 0.00606061 0.524848 0.030303 0.00121212 0.00121212 0.379394 0.00121212 0.00363636 0.00121212 0.00121212 0.00606061 0.00606061 0.00121212 0.00363636 
0.026178 0.0052356 0.0157068 0.0052356 0.0471204 0.235602 0.078534 0.0052356 0.0052356 0.0994764 0.0052356 0.0052356 0.0157068 0.308901 0.141361 
0.0880829 0.00172712 0.0397237 0.419689 0.0120898 0.00172712 0.105354 0.0362694 0.00172712 0.136442 0.00172712 0.00172712 0.00172712 0.119171 0.0328152 
0.255474 0.00729927 0.109489 0.0218978 0.0218978 0.0948905 0.00729927 0.00729927 0.00729927 0.00729927 0.00729927 0.0218978 0.080292 0.00729927 0.343066 
0.0224765 0.000408664 0.0780548 0.260319 0.000408664 0.00204332 0.521046 0.0298324 0.00367797 0.0519003 0.000408664 0.0118512 0.0167552 0.000408664 0.000408664 
0.363733 0.0180276 0.0116649 0.00318134 0.00106045 0.191941 0.179215 0.00318134 0.0116649 0.0222694 0.00106045 0.00106045 0.00318134 0.160127 0.028632 
0.00319898 0.000213265 0.000213265 0.000639795 0.291533 0.00447857 0.59309 0.000639795 0.00789081 0.00191939 0.000213265 0.01045 0.0266581 0.0573683 0.00149286 
0.0196078 0.0196078 0.372549 0.0588235 0.0196078 0.0196078 0.0196078 0.0196078 0.0196078 0.0196078 0.0196078 0.0196078 0.0196078 0.0196078 0.333333 
0.22488 0.062201 0.0430622 0.0143541 0.0334928 0.00478469 0.301435 0.0143541 0.00478469 0.00478469 0.00478469 0.0143541 0.00478469 0.0239234 0.244019 
0.225951 0.0559284 0.284116 0.00223714 0.00671141 0.0111857 0.212528 0.00223714 0.00223714 0.00223714 0.00223714 0.0469799 0.0111857 0.100671 0.033557 
0.0819672 0.0163934 0.213115 0.0163934 0.0163934 0.0163934 0.0163934 0.0163934 0.0163934 0.0163934 0.0163934 0.0491803 0.0163934 0.147541 0.344262 
0.0379747 0.0379747 0.0126582 0.291139 0.0126582 0.0126582 0.0126582 0.0632911 0.0126582 0.0126582 0.0126582 0.0126582 0.0126582 0.0126582 0.443038 
0.02267 0.0528967 0.370277 0.00755668 0.00251889 0.0176322 0.365239 0.00251889 0.00251889 0.0680101 0.00251889 0.0125945 0.00251889 0.0277078 0.0428212 
0.2 0.0181818 0.0666667 0.454545 0.00606061 0.00606061 0.0181818 0.00606061 0.0181818 0.0181818 0.030303 0.00606061 0.00606061 0.0181818 0.127273 
0.0465508 0.0218732 0.00841279 0.626472 0.00168256 0.000560852 0.26304 0.000560852 0.00168256 0.00616938 0.000560852 0.000560852 0.000560852 0.0207515 0.000560852 
0.277255 0.00830105 0.527393 0.00387382 0.000553403 0.00608744 0.116768 0.00608744 0.00276702 0.00166021 0.00276702 0.00166021 0.00276702 0.0403985 0.00166021 
0.0632911 0.0379747 0.392405 0.0126582 0.0379747 0.0632911 0.0379747 0.0886076 0.0126582 0.0126582 0.0126582 0.0126582 0.0126582 0.0126582 0.189873 
0.110704 0.010064 0.394328 0.000914913 0.00274474 0.00274474 0.354071 0.05215 0.00640439 0.0594694 0.000914913 0.00274474 0.000914913 0.000914913 0.000914913 
0.0800979 0.00804477 0.00104932 0.440364 0.000349773 0.00804477 0.444561 0.000349773 0.0038475 0.00104932 0.000349773 0.00104932 0.00454704 0.000349773 0.00594614 
0.091254 0.00147524 0.00864067 0.00864067 0.0613277 0.0052687 0.450369 0.00147524 0.000632244 0.332771 0.00948367 0.00400421 0.000632244 0.0238145 0.000210748 
0.161562 0.115916 0.425826 0.00540541 0.003003 0.0018018 0.264865 0.003003 0.000600601 0.000600601 0.000600601 0.000600601 0.0138138 0.0018018 0.000600601 
0.253731 0.0746269 0.0149254 0.134328 0.0149254 0.0149254 0.0149254 0.0149254 0.0746269 0.0447761 0.0149254 0.0149254 0.0149254 0.0149254 0.283582 
0.2749 0.0199203 0.0677291 0.0119522 0.00398406 0.0836653 0.0199203 0.0119522 0.00398406 0.0119522 0.00398406 0.00398406 0.00398406 0.00398406 0.474104 
0.329908 0.00102775 0.00513875 0.00924974 0.00513875 0.521069 0.0688592 0.00102775 0.00308325 0.0133607 0.00308325 0.00102775 0.00308325 0.0318602 0.00308325 
0.38022 0.010989 0.525275 0.0021978 0.0021978 0.0021978 0.032967 0.00659341 0.0021978 0.0021978 0.010989 0.00659341 0.0021978 0.0021978 0.010989 
0.00233993 0.000212721 0.0376516 0.000212721 0.428632 0.000212721 0.522229 0.000212721 0.00191449 0.0010636 0.000212721 0.000212721 0.000212721 0.000638162 0.00404169 
0.0379747 0.0126582 0.594937 0.0886076 0.0126582 0.0126582 0.0126582 0.0126582 0.0126582 0.0126582 0.0126582 0.0126582 0.0126582 0.0126582 0.139241 
0.0410959 0.0136986 0.205479 0.0410959 0.0410959 0.0684932 0.0136986 0.0136986 0.0410959 0.0684932 0.0136986 0.0958904 0.0136986 0.0136986 0.315068 
0.0169492 0.0169492 0.220339 0.423729 0.0169492 0.0169492 0.0508475 0.0508475 0.0169492 0.0169492 0.0169492 0.0169492 0.0847458 0.0169492 0.0169492 
0.207742 0.00645161 0.00645161 0.507097 0.0322581 0.00129032 0.127742 0.0116129 0.00387097 0.00645161 0.00387097 0.00645161 0.00903226 0.0116129 0.0580645 
0.000152555 0.001373 0.0822273 0.000152555 0.0102212 0.188406 0.692754 0.000457666 0.000152555 0.000152555 0.000152555 0.00259344 0.0129672 0.00381388 0.0044241 
0.0117647 0.0117647 0.0588235 0.0117647 0.0352941 0.152941 0.0352941 0.0588235 0.0352941 0.0117647 0.105882 0.0117647 0.0117647 0.223529 0.223529 
0.0225564 0.0586466 0.160902 0.193985 0.0105263 0.00451128 0.452632 0.0135338 0.00150376 0.0195489 0.00451128 0.0345865 0.00150376 0.0135338 0.0075188 
0.232323 0.010101 0.0909091 0.151515 0.010101 0.010101 0.0909091 0.010101 0.010101 0.0707071 0.010101 0.0707071 0.010101 0.0505051 0.171717 
0.00395257 0.00395257 0.0909091 0.486166 0.00395257 0.00395257 0.0434783 0.0118577 0.0118577 0.0197628 0.0197628 0.0118577 0.00395257 0.272727 0.0118577 
0.0114943 0.0114943 0.0344828 0.517241 0.0344828 0.0114943 0.0114943 0.0344828 0.0114943 0.0344828 0.0114943 0.0114943 0.0804598 0.0114943 0.172414 
0.0112721 0.00805153 0.0112721 0.529791 0.00483092 0.00161031 0.36876 0.00161031 0.00161031 0.00483092 0.00161031 0.00161031 0.00161031 0.0241546 0.0273752 
0.294964 0.00719424 0.410072 0.0215827 0.00719424 0.00719424 0.00719424 0.00719424 0.00719424 0.00719424 0.00719424 0.00719424 0.00719424 0.0215827 0.179856 
0.0674847 0.00204499 0.0511247 0.00204499 0.0552147 0.0593047 0.267894 0.00204499 0.00204499 0.108384 0.00613497 0.0143149 0.0224949 0.0961145 0.243354 
0.047619 0.015873 0.111111 0.111111 0.111111 0.0793651 0.015873 0.015873 0.047619 0.015873 0.015873 0.047619 0.015873 0.015873 0.333333 
0.0537634 0.16129 0.333333 0.0107527 0.0322581 0.139785 0.0322581 0.0107527 0.0107527 0.0107527 0.0322581 0.0107527 0.0322581 0.0107527 0.11828 
0.216199 0.00560748 0.491589 0.000623053 0.00311526 0.0143302 0.249844 0.00560748 0.000623053 0.000623053 0.000623053 0.000623053 0.00311526 0.00311526 0.00436137 
0.0175439 0.0175439 0.0175439 0.0175439 0.0175439 0.0175439 0.0175439 0.0175439 0.0526316 0.0526316 0.0175439 0.0877193 0.0526316 0.0175439 0.578947 
0.201223 0.00254712 0.384615 0.0422822 0.0494142 0.00356597 0.288844 0.00356597 0.00152827 0.00152827 0.00254712 0.00458482 0.000509424 0.00967906 0.00356597 
0.0155107 0.0032192 0.00263389 0.0254609 0.0383377 0.000292654 0.569213 0.000292654 0.00204858 0.000877963 0.00146327 0.312848 0.000292654 0.0213638 0.00614574 
0.0153846 0.0153846 0.0769231 0.323077 0.0153846 0.0461538 0.0153846 0.0153846 0.107692 0.0461538 0.0153846 0.0153846 0.0153846 0.0153846 0.261538 
0.0434783 0.0144928 0.00483092 0.00483092 0.00483092 0.120773 0.178744 0.00483092 0.0531401 0.00483092 0.458937 0.00483092 0.00483092 0.0338164 0.0628019 
0.017341 0.0289017 0.479769 0.00578035 0.00578035 0.017341 0.248555 0.00578035 0.00578035 0.00578035 0.0289017 0.0289017 0.017341 0.00578035 0.0982659 
0.274336 0.079646 0.0619469 0.0619469 0.00884956 0.0265487 0.00884956 0.00884956 0.00884956 0.0619469 0.0442478 0.00884956 0.00884956 0.00884956 0.327434 
0.0105263 0.0736842 0.0315789 0.0105263 0.115789 0.0105263 0.0105263 0.0105263 0.221053 0.0105263 0.0315789 0.0105263 0.0315789 0.0105263 0.410526 
0.00571429 0.314286 0.00571429 0.00571429 0.04 0.0171429 0.211429 0.00571429 0.0171429 0.0171429 0.00571429 0.0514286 0.0171429 0.211429 0.0742857 
0.0879713 0.00179533 0.141831 0.00179533 0.0125673 0.005386 0.274686 0.048474 0.0448833 0.00897666 0.00897666 0.00179533 0.00179533 0.303411 0.0556553 
0.0285714 0.0971429 0.0742857 0.108571 0.0628571 0.0171429 0.12 0.0857143 0.00571429 0.2 0.00571429 0.0628571 0.00571429 0.0514286 0.0742857 
0.307125 0.0565111 0.361179 0.002457 0.002457 0.002457 0.046683 0.012285 0.002457 0.002457 0.002457 0.120393 0.017199 0.002457 0.0614251 
0.0472727 0.04 0.585455 0.00363636 0.00363636 0.00363636 0.178182 0.0109091 0.00363636 0.04 0.00363636 0.00363636 0.0254545 0.00363636 0.0472727 
0.010101 0.010101 0.010101 0.010101 0.0505051 0.010101 0.0707071 0.030303 0.030303 0.212121 0.0505051 0.010101 0.171717 0.171717 0.151515 
0.117117 0.003003 0.00900901 0.573574 0.00900901 0.003003 0.141141 0.021021 0.003003 0.021021 0.00900901 0.003003 0.015015 0.045045 0.027027 
0.04 0.0133333 0.0933333 0.226667 0.12 0.0666667 0.0133333 0.0133333 0.0133333 0.0133333 0.0133333 0.0133333 0.0133333 0.12 0.226667 
0.0873549 0.0262676 0.0274893 0.3708 0.00305437 0.000610874 0.213195 0.072694 0.00305437 0.0116066 0.000610874 0.000610874 0.000610874 0.181429 0.000610874 
0.0140029 0.624336 0.00144858 0.00144858 0.000482859 0.000482859 0.350072 0.000482859 0.000482859 0.000482859 0.00144858 0.000482859 0.000482859 0.00338001 0.000482859 
0.012987 0.012987 0.012987 0.584416 0.012987 0.012987 0.012987 0.012987 0.012987 0.012987 0.038961 0.012987 0.012987 0.012987 0.220779 
0.0123457 0.0123457 0.111111 0.185185 0.037037 0.037037 0.0123457 0.0123457 0.037037 0.037037 0.185185 0.0123457 0.111111 0.111111 0.0864198 
0.0116732 0.0194553 0.276265 0.00389105 0.0505837 0.0116732 0.136187 0.0116732 0.00389105 0.0583658 0.00389105 0.0894942 0.00389105 0.182879 0.136187 
0.0169492 0.0508475 0.0847458 0.288136 0.0169492 0.0508475 0.0508475 0.0169492 0.0169492 0.0508475 0.0169492 0.0169492 0.0847458 0.0508475 0.186441 
0.16585 0.00069979 0.50035 0.00629811 0.00349895 0.00209937 0.221833 0.0356893 0.00349895 0.00209937 0.00209937 0.00489853 0.00209937 0.0146956 0.0342897 
0.0632911 0.0126582 0.0126582 0.417722 0.0379747 0.0126582 0.0126582 0.0886076 0.0379747 0.0379747 0.0379747 0.0126582 0.0126582 0.0126582 0.189873 
0.339806 0.184466 0.00970874 0.0485437 0.00970874 0.0291262 0.0291262 0.00970874 0.00970874 0.0485437 0.0291262 0.0485437 0.00970874 0.00970874 0.184466 
0.0101695 0.0101695 0.0169492 0.633898 0.00338983 0.00338983 0.172881 0.0372881 0.0305085 0.00338983 0.00338983 0.00338983 0.0101695 0.0305085 0.0305085 
0.0229089 0.0015983 0.0911028 0.473628 0.0015983 0.00266383 0.39691 0.00266383 0.000532765 0.00372936 0.000532765 0.000532765 0.000532765 0.000532765 0.000532765 
0.00140647 0.00140647 0.00421941 0.319269 0.00703235 0.00140647 0.40647 0.00421941 0.00421941 0.0295359 0.00421941 0.0126582 0.00140647 0.170183 0.0323488 
0.561212 0.00606061 0.049697 0.0109091 0.00121212 0.0133333 0.168485 0.00363636 0.00363636 0.0109091 0.00121212 0.00121212 0.00606061 0.149091 0.0133333 
0.253385 0.00967118 0.0870406 0.558994 0.00193424 0.00193424 0.0676983 0.00193424 0.00193424 0.00193424 0.00193424 0.00193424 0.00193424 0.00580271 0.00193424 
0.015873 0.015873 0.365079 0.015873 0.015873 0.015873 0.015873 0.015873 0.015873 0.047619 0.015873 0.015873 0.015873 0.015873 0.396825 
0.00744417 0.00248139 0.00248139 0.468983 0.0124069 0.0124069 0.334988 0.0372208 0.00248139 0.00248139 0.0173697 0.0124069 0.0124069 0.0124069 0.0620347 
0.00326284 0.00108761 0.00205438 0.00785498 0.289668 0.00229607 0.630211 0.00181269 0.000120846 0.000120846 0.0182477 0.00519637 0.0153474 0.0170393 0.00567976 
0.047619 0.00952381 0.219048 0.047619 0.0666667 0.00952381 0.047619 0.00952381 0.00952381 0.00952381 0.00952381 0.00952381 0.00952381 0.104762 0.390476 
0.0813187 0.0241758 0.156044 0.248352 0.0021978 0.0681319 0.252747 0.0241758 0.0021978 0.0153846 0.0021978 0.103297 0.0021978 0.0021978 0.0153846 
0.00802568 0.011236 0.0979133 0.00160514 0.00481541 0.0304976 0.428571 0.00481541 0.00160514 0.011236 0.00160514 0.0369181 0.00160514 0.335474 0.024077 
0.178947 0.0526316 0.0315789 0.0315789 0.242105 0.0105263 0.0315789 0.0105263 0.0315789 0.115789 0.0105263 0.0105263 0.0105263 0.0105263 0.221053 
0.00440176 0.0108043 0.348539 0.00440176 0.0756303 0.00040016 0.513405 0.00120048 0.00040016 0.00120048 0.00680272 0.00040016 0.0212085 0.0108043 0.00040016 
0.0169492 0.0169492 0.0169492 0.0169492 0.0169492 0.0169492 0.0169492 0.0169492 0.0169492 0.0508475 0.0508475 0.0847458 0.0169492 0.186441 0.457627 
0.0214592 0.450644 0.020233 0.0435316 0.00183936 0.0349479 0.0447578 0.272839 0.015328 0.000613121 0.00183936 0.00183936 0.0128755 0.0643777 0.0128755 
0.150685 0.0410959 0.0958904 0.0136986 0.0136986 0.0958904 0.0136986 0.0410959 0.0136986 0.0136986 0.0410959 0.0410959 0.0410959 0.0410959 0.342466 
0.0268041 0.0309278 0.0350515 0.00206186 0.0515464 0.16701 0.430928 0.00206186 0.00206186 0.00206186 0.00206186 0.00206186 0.00618557 0.195876 0.043299 
0.337679 0.00130378 0.00130378 0.0925684 0.00130378 0.0195567 0.228162 0.00391134 0.00130378 0.00130378 0.0065189 0.183833 0.00130378 0.00912647 0.110821 
0.26776 0.00546448 0.147541 0.256831 0.0273224 0.0163934 0.00546448 0.103825 0.00546448 0.00546448 0.0273224 0.0163934 0.00546448 0.00546448 0.103825 
0.020979 0.034965 0.00699301 0.00699301 0.034965 0.118881 0.482517 0.00699301 0.00699301 0.020979 0.00699301 0.020979 0.00699301 0.020979 0.202797 
0.00143885 0.00143885 0.510791 0.00143885 0.00431655 0.00143885 0.341007 0.00719424 0.00143885 0.0215827 0.00431655 0.00719424 0.00431655 0.0676259 0.0244604 
0.0820669 0.00303951 0.410334 0.0577508 0.00303951 0.0334347 0.331307 0.0212766 0.00303951 0.00303951 0.0151976 0.00303951 0.00303951 0.00303951 0.0273556 
0.253731 0.0149254 0.164179 0.164179 0.0447761 0.0149254 0.0149254 0.0149254 0.0149254 0.0149254 0.0149254 0.0149254 0.0149254 0.0149254 0.223881 
0.271889 0.0138249 0.419355 0.00460829 0.124424 0.0138249 0.00460829 0.00460829 0.00460829 0.0230415 0.00460829 0.00460829 0.00460829 0.00460829 0.0967742 
0.00653595 0.0457516 0.0196078 0.00653595 0.00653595 0.0196078 0.00653595 0.0196078 0.00653595 0.0196078 0.00653595 0.00653595 0.0849673 0.464052 0.281046 
0.166523 0.000862813 0.452977 0.00603969 0.0284728 0.000862813 0.330457 0.00431406 0.000862813 0.00258844 0.000862813 0.00258844 0.000862813 0.000862813 0.000862813 
0.0243902 0.170732 0.0569106 0.00813008 0.186992 0.00813008 0.0243902 0.00813008 0.00813008 0.105691 0.0243902 0.00813008 0.00813008 0.170732 0.186992 
0.000539665 0.0656593 0.0152905 0.00845476 0.0106134 0.00521677 0.595611 0.0120525 0.000179888 0.000179888 0.00269833 0.000539665 0.270372 0.0106134 0.00197877 
0.0712373 0.000535619 0.000535619 0.00803428 0.00374933 0.495447 0.366899 0.000535619 0.00374933 0.000535619 0.000535619 0.00160686 0.00482057 0.0412426 0.000535619 
0.432213 0.00115875 0.490151 0.0104287 0.00115875 0.0104287 0.0104287 0.00115875 0.00347625 0.00115875 0.00115875 0.0127462 0.00579374 0.0173812 0.00115875 
0.00186916 0.00934579 0.000623053 0.00186916 0.0242991 0.280997 0.444237 0.000623053 0.000623053 0.0741433 0.00311526 0.000623053 0.0492212 0.046729 0.0616822 
0.263097 0.00518135 0.317214 0.0224525 0.0213011 0.0719632 0.0892343 0.00402994 0.0201497 0.000575705 0.00287853 0.00287853 0.000575705 0.17559 0.00287853 
0.0393879 0.00935109 0.00935109 0.0297535 0.0648909 0.346557 0.46047 0.000283366 0.00311703 0.00198356 0.000283366 0.000850099 0.00765089 0.0246529 0.00141683 
0.0171429 0.00571429 0.0171429 0.0514286 0.0171429 0.0171429 0.00571429 0.00571429 0.00571429 0.0857143 0.00571429 0.0171429 0.00571429 0.417143 0.325714 
0.281841 0.000821693 0.00739523 0.456039 0.000821693 0.000821693 0.125719 0.0188989 0.00246508 0.00246508 0.000821693 0.000821693 0.000821693 0.082991 0.0172555 
0.000481 0.001443 0.022607 0.445887 0.004329 0.003367 0.449735 0.002405 0.000481 0.002405 0.000481 0.004329 0.003367 0.0562771 0.002405 
0.0289017 0.32948 0.0751445 0.260116 0.00578035 0.00578035 0.00578035 0.00578035 0.0289017 0.00578035 0.0520231 0.0520231 0.00578035 0.017341 0.121387 
0.0611247 0.0171149 0.00733496 0.114914 0.0171149 0.00244499 0.432763 0.00244499 0.00244499 0.222494 0.00244499 0.00244499 0.00244499 0.0220049 0.0904645 
0.000187301 0.0110508 0.242555 0.00955235 0.00243491 0.00693014 0.638134 0.0140476 0.00693014 0.0245364 0.000936505 0.000936505 0.00355872 0.0380221 0.000187301 
0.324165 0.000654879 0.00327439 0.000654879 0.000654879 0.000654879 0.070072 0.000654879 0.00196464 0.0111329 0.000654879 0.00196464 0.00196464 0.580878 0.000654879 
0.331794 0.00692841 0.0161663 0.013087 0.0207852 0.0146266 0.293303 0.00846805 0.000769823 0.00230947 0.000769823 0.00538876 0.000769823 0.000769823 0.284065 
0.0866612 0.000814996 0.0165716 0.209454 0.0171149 0.000271665 0.524042 0.0111383 0.0345015 0.0187449 0.00570497 0.0502581 0.00570497 0.0176582 0.00135833 
0.153678 0.00509832 0.002185 0.0269483 0.433358 0.00364166 0.209031 0.000728332 0.00509832 0.0225783 0.000728332 0.000728332 0.0371449 0.0954115 0.00364166 
0.026455 0.00529101 0.037037 0.428571 0.037037 0.00529101 0.216931 0.015873 0.015873 0.00529101 0.015873 0.00529101 0.00529101 0.00529101 0.174603 
0.213389 0.0292887 0.138075 0.0292887 0.0125523 0.0041841 0.297071 0.0041841 0.0041841 0.0125523 0.0041841 0.0041841 0.0292887 0.0041841 0.213389 
0.120879 0.010989 0.003663 0.59707 0.003663 0.025641 0.003663 0.003663 0.003663 0.010989 0.003663 0.010989 0.003663 0.018315 0.179487 
0.0188679 0.0242588 0.00269542 0.3531 0.00269542 0.115903 0.169811 0.0512129 0.0188679 0.0350404 0.0134771 0.0350404 0.0188679 0.00269542 0.137466 
0.137869 0.00180614 0.0246839 0.440096 0.0812763 0.012643 0.242625 0.000602047 0.000602047 0.00421433 0.000602047 0.000602047 0.000602047 0.0162553 0.0355208 
0.00116469 0.0211973 0.000232937 0.048218 0.259725 0.00209644 0.567668 0.00722106 0.00582343 0.00815281 0.0305148 0.00908456 0.0337759 0.00395993 0.00116469 
0.000815566 0.00151462 0.000116509 0.000349528 0.000349528 0.000582547 0.507631 0.000815566 0.000349528 0.000116509 0.000116509 0.486427 0.000116509 0.000116509 0.000582547 
0.00982318 0.00196464 0.00196464 0.611002 0.00196464 0.00196464 0.131631 0.0530452 0.00196464 0.021611 0.00589391 0.00589391 0.0412574 0.0412574 0.0687623 
0.032967 0.010989 0.384615 0.032967 0.010989 0.032967 0.010989 0.010989 0.0769231 0.010989 0.010989 0.010989 0.010989 0.0549451 0.296703 
0.012987 0.0649351 0.116883 0.246753 0.012987 0.012987 0.012987 0.0649351 0.012987 0.012987 0.012987 0.012987 0.012987 0.012987 0.376623 
0.00952381 0.00952381 0.180952 0.0666667 0.180952 0.0285714 0.0857143 0.00952381 0.0285714 0.00952381 0.00952381 0.047619 0.00952381 0.257143 0.0666667 
0.0321581 0.000387447 0.0344828 0.000387447 0.0716776 0.00193723 0.503293 0.00658659 0.000387447 0.00426191 0.00193723 0.000387447 0.000387447 0.155366 0.186362 
0.0108488 0.000127632 0.0522017 0.00319081 0.0736439 0.0098277 0.554308 0.000638162 0.00191449 0.250798 0.000127632 0.014933 0.00216975 0.0251436 0.000127632 
0.457957 0.000694927 0.000694927 0.000694927 0.409312 0.00625434 0.100764 0.00625434 0.000694927 0.000694927 0.000694927 0.000694927 0.000694927 0.0132036 0.000694927 
0.0390707 0.554382 0.0031679 0.00105597 0.00527983 0.00105597 0.383316 0.00105597 0.00105597 0.00105597 0.00105597 0.00105597 0.0031679 0.0031679 0.00105597 
0.0145539 0.00274204 0.0305843 0.227589 0.0533643 0.00738241 0.58532 0.000210926 0.00696056 0.000210926 0.000632778 0.00442945 0.00358574 0.0622232 0.000210926 
0.306358 0.0520231 0.156069 0.00578035 0.0635838 0.00578035 0.0404624 0.0404624 0.00578035 0.0520231 0.0635838 0.0635838 0.00578035 0.00578035 0.132948 
0.284252 0.345685 0.00341297 0.000487567 0.0121892 0.000487567 0.287177 0.00633837 0.000487567 0.000487567 0.00633837 0.0014627 0.000487567 0.0502194 0.000487567 
0.0153846 0.0153846 0.353846 0.0153846 0.0461538 0.0153846 0.0153846 0.0153846 0.0461538 0.0769231 0.0153846 0.0153846 0.0153846 0.107692 0.230769 
0.364103 0.00512821 0.323077 0.0153846 0.0461538 0.0564103 0.0358974 0.00512821 0.00512821 0.00512821 0.0358974 0.0153846 0.00512821 0.0358974 0.0461538 
0.0594595 0.0378378 0.113514 0.232432 0.00540541 0.0702703 0.0486486 0.0594595 0.00540541 0.027027 0.00540541 0.0486486 0.00540541 0.00540541 0.275676 
0.0760234 0.0409357 0.204678 0.345029 0.00584795 0.00584795 0.0175439 0.00584795 0.00584795 0.0292398 0.0175439 0.0175439 0.0175439 0.0175439 0.192982 
0.115152 0.0545455 0.0181818 0.309091 0.00606061 0.030303 0.00606061 0.0787879 0.0424242 0.0181818 0.0181818 0.00606061 0.0181818 0.00606061 0.272727 
0.030303 0.010101 0.171717 0.191919 0.0707071 0.0909091 0.010101 0.010101 0.010101 0.030303 0.010101 0.010101 0.0505051 0.0707071 0.232323 
0.00215054 0.00215054 0.436559 0.0322581 0.00645161 0.0322581 0.165591 0.027957 0.0150538 0.0107527 0.00215054 0.00215054 0.00215054 0.230108 0.0322581 
0.0226119 0.000461467 0.0669128 0.0152284 0.0133826 0.161052 0.585602 0.0161514 0.00415321 0.00599908 0.000461467 0.00692201 0.0013844 0.0899862 0.00969082 
0.045475 0.000450248 0.370554 0.0364701 0.000450248 0.0103557 0.452499 0.00135074 0.000450248 0.00135074 0.000450248 0.00225124 0.0139577 0.0634849 0.000450248 
0.259259 0.000823045 0.00246914 0.00740741 0.000823045 0.392593 0.252675 0.00246914 0.00246914 0.000823045 0.00576132 0.000823045 0.000823045 0.055144 0.0156379 
0.135207 0.00133869 0.00133869 0.689424 0.00133869 0.00133869 0.116466 0.0174029 0.00133869 0.00133869 0.00133869 0.00937082 0.00133869 0.00133869 0.0200803 
0.0169218 0.00564061 0.0636583 0.339243 0.000805802 0.000805802 0.543916 0.000805802 0.00402901 0.00886382 0.000805802 0.00402901 0.000805802 0.00886382 0.000805802 
0.107678 0.00863244 0.0104498 0.0567924 0.000454339 0.0104498 0.0931395 0.576556 0.00136302 0.00136302 0.0222626 0.000454339 0.000454339 0.109496 0.000454339 
0.026087 0.304348 0.0550725 0.275362 0.026087 0.00869565 0.182609 0.0434783 0.0144928 0.00289855 0.00289855 0.00289855 0.00869565 0.00289855 0.0434783 
0.16849 0.00656455 0.531729 0.00218818 0.00218818 0.0109409 0.0547046 0.0109409 0.00656455 0.0196937 0.00218818 0.00218818 0.00218818 0.177243 0.00218818 
0.137845 0.0175439 0.0576441 0.373434 0.0225564 0.00250627 0.313283 0.00250627 0.00250627 0.0075188 0.00250627 0.00250627 0.00250627 0.0125313 0.0426065 
0.12559 0.0292729 0.0122757 0.000944287 0.00283286 0.184136 0.507082 0.0613787 0.0160529 0.0160529 0.000944287 0.000944287 0.000944287 0.0236072 0.0179415 
0.00848896 0.00169779 0.00509338 0.0118846 0.00169779 0.00169779 0.385399 0.0254669 0.466893 0.0186757 0.00169779 0.00169779 0.00169779 0.00169779 0.0662139 
0.0295599 0.000218962 0.00416028 0.0190497 0.382965 0.000218962 0.537552 0.00328443 0.00284651 0.000218962 0.00416028 0.0107291 0.000218962 0.00328443 0.00153273 
0.00775194 0.209302 0.162791 0.0542636 0.00775194 0.0232558 0.00775194 0.0232558 0.0232558 0.0387597 0.0232558 0.0232558 0.00775194 0.00775194 0.379845 
0.270767 0.0082435 0.0133164 0.000634115 0.00697527 0.000634115 0.0818009 0.00697527 0.00190235 0.0348763 0.000634115 0.000634115 0.000634115 0.571338 0.000634115 
0.0145353 0.0101307 0.000734107 0.00924974 0.289972 0.0127735 0.624725 0.00631332 0.000440464 0.00132139 0.00190868 0.00954339 0.00161503 0.0154162 0.00132139 
0.174255 0.461828 0.0297843 0.0154057 0.000342349 0.000342349 0.104416 0.11811 0.000342349 0.000342349 0.00513523 0.00239644 0.0126669 0.0742896 0.000342349 
0.0967251 0.00380807 0.300838 0.00228484 0.0586443 0.146992 0.378522 0.000761615 0.000761615 0.000761615 0.000761615 0.000761615 0.000761615 0.00380807 0.00380807 
0.0303907 0.00144718 0.00144718 0.250362 0.0680174 0.00144718 0.525326 0.00144718 0.00434153 0.00144718 0.00144718 0.00723589 0.0101302 0.0795948 0.015919 
0.229202 0.0288625 0.00169779 0.426146 0.00169779 0.00169779 0.147708 0.00848896 0.0186757 0.00848896 0.00509338 0.00169779 0.0118846 0.089983 0.0186757 
0.185029 0.000527148 0.000527148 0.229309 0.00263574 0.000527148 0.382182 0.00263574 0.000527148 0.0237217 0.00263574 0.0110701 0.00158144 0.0785451 0.0785451 
0.0898204 0.0538922 0.317365 0.149701 0.0419162 0.125749 0.0299401 0.0538922 0.00598802 0.00598802 0.00598802 0.00598802 0.00598802 0.0538922 0.0538922 
0.00671141 0.00671141 0.275168 0.409396 0.00671141 0.0201342 0.033557 0.00671141 0.00671141 0.0604027 0.033557 0.00671141 0.00671141 0.033557 0.0872483 
0.0204295 0.000523834 0.0015715 0.000523834 0.000523834 0.00261917 0.468832 0.063384 0.131482 0.000523834 0.000523834 0.0015715 0.00471451 0.28549 0.0172865 
0.150249 0.000995025 0.000995025 0.0308458 0.000995025 0.00497512 0.18806 0.0109453 0.00497512 0.0567164 0.00895522 0.0149254 0.0189055 0.504478 0.00298507 
0.0220713 0.00169779 0.00169779 0.606112 0.00169779 0.00169779 0.314092 0.0118846 0.00169779 0.00848896 0.00169779 0.00509338 0.00509338 0.00509338 0.0118846 
0.0184236 0.00208927 0.00208927 0.0017094 0.493637 0.000189934 0.472365 0.00132953 0.000189934 0.000949668 0.000189934 0.000569801 0.000189934 0.00588794 0.000189934 
0.103575 0.00274977 0.510541 0.0210816 0.00458295 0.00458295 0.24473 0.00091659 0.00091659 0.00824931 0.00824931 0.00274977 0.0119157 0.0742438 0.00091659 
0.0963647 0.00519331 0.000577034 0.00403924 0.0282747 0.000577034 0.0975188 0.657242 0.0698211 0.00403924 0.0017311 0.000577034 0.0178881 0.00403924 0.0121177 
0.814018 0.00208189 0.0159611 0.00208189 0.000693963 0.000693963 0.0992366 0.000693963 0.000693963 0.000693963 0.0478834 0.000693963 0.0131853 0.000693963 0.000693963 
0.0524109 0.12369 0.0901468 0.00209644 0.0146751 0.0356394 0.429769 0.0230608 0.0146751 0.0859539 0.0104822 0.00209644 0.106918 0.00209644 0.00628931 
0.0491803 0.0491803 0.0491803 0.0163934 0.0163934 0.0163934 0.0163934 0.0491803 0.114754 0.0163934 0.213115 0.0163934 0.147541 0.0163934 0.213115 
0.135165 0.000560852 0.0218732 0.0117779 0.406618 0.000560852 0.289961 0.101514 0.000560852 0.00504767 0.00168256 0.000560852 0.00280426 0.0128996 0.00841279 
0.104564 0.459272 0.0294627 0.0017331 0.000577701 0.000577701 0.299827 0.0479492 0.000577701 0.00751011 0.000577701 0.0144425 0.0294627 0.0028885 0.000577701 
0.0232558 0.0232558 0.0697674 0.0232558 0.0232558 0.0697674 0.0232558 0.0232558 0.0232558 0.0232558 0.209302 0.0232558 0.0697674 0.0232558 0.348837 
0.0153846 0.0153846 0.0153846 0.0153846 0.0153846 0.0153846 0.0153846 0.0769231 0.230769 0.0153846 0.0153846 0.107692 0.0153846 0.0153846 0.415385 
0.0123457 0.0123457 0.0123457 0.0123457 0.0123457 0.0617284 0.037037 0.0123457 0.0123457 0.037037 0.037037 0.0123457 0.0864198 0.037037 0.604938 
0.00938086 0.714822 0.00187617 0.00187617 0.00187617 0.00187617 0.204503 0.0206379 0.00562852 0.00187617 0.00187617 0.00187617 0.00187617 0.00187617 0.0281426 
0.0684474 0.00389538 0.000556483 0.000556483 0.00166945 0.00278242 0.479132 0.000556483 0.245409 0.000556483 0.000556483 0.0361714 0.138564 0.0139121 0.00723428 
0.0153846 0.0769231 0.0461538 0.0153846 0.323077 0.0153846 0.0153846 0.0153846 0.0461538 0.0153846 0.0153846 0.0769231 0.0153846 0.0153846 0.292308 
0.00299018 0.0012815 0.00213584 0.00555318 0.107219 0.000427168 0.315677 0.198633 0.000427168 0.0012815 0.305425 0.000427168 0.0226399 0.0328919 0.00299018 
0.0561798 0.011236 0.0337079 0.0561798 0.011236 0.146067 0.011236 0.011236 0.011236 0.011236 0.101124 0.011236 0.123596 0.0337079 0.370787 
0.000903342 0.0063234 0.000903342 0.0153568 0.123758 0.456188 0.289973 0.000903342 0.000903342 0.000903342 0.0767841 0.000903342 0.00993677 0.000903342 0.0153568 
0.0181818 0.0181818 0.0181818 0.0181818 0.0181818 0.0545455 0.0181818 0.0545455 0.0181818 0.0545455 0.0181818 0.0545455 0.0909091 0.0181818 0.527273 
0.126437 0.0114943 0.0114943 0.0114943 0.0114943 0.0114943 0.0574713 0.0114943 0.0804598 0.0114943 0.0344828 0.0114943 0.0574713 0.0114943 0.54023 
0.21202 0.00166945 0.00166945 0.00166945 0.0450751 0.00166945 0.0317195 0.0116861 0.609349 0.0383973 0.00166945 0.00166945 0.00166945 0.00166945 0.0383973 
0.210127 0.00253165 0.00253165 0.0126582 0.0379747 0.00253165 0.144304 0.00253165 0.458228 0.00759494 0.0278481 0.00253165 0.0227848 0.00759494 0.0582278 
0.258427 0.011236 0.011236 0.011236 0.011236 0.0786517 0.011236 0.011236 0.146067 0.0337079 0.011236 0.011236 0.011236 0.0337079 0.348315 
0.407666 0.000950269 0.00158378 0.000316756 0.000316756 0.000316756 0.000316756 0.00285081 0.581882 0.000316756 0.000316756 0.000950269 0.000316756 0.000316756 0.00158378 
0.00854701 0.00854701 0.00854701 0.00854701 0.00854701 0.025641 0.025641 0.0769231 0.418803 0.00854701 0.00854701 0.00854701 0.025641 0.025641 0.333333 
0.300912 0.00101317 0.00101317 0.0070922 0.00506586 0.00101317 0.0273556 0.00911854 0.120567 0.00101317 0.487335 0.00101317 0.00101317 0.0111449 0.0253293 
0.0344828 0.0114943 0.0114943 0.0114943 0.0114943 0.0114943 0.0114943 0.0114943 0.149425 0.0114943 0.333333 0.0114943 0.0114943 0.0114943 0.356322 
0.145394 0.0188679 0.00110988 0.0188679 0.0099889 0.00110988 0.107658 0.00554939 0.675916 0.00110988 0.00110988 0.00110988 0.00110988 0.0099889 0.00110988 
0.206589 0.000686342 0.000686342 0.000686342 0.000686342 0.00205903 0.00480439 0.323267 0.000686342 0.000686342 0.456417 0.000686342 0.000686342 0.000686342 0.000686342 
0.272727 0.0909091 0.00826446 0.00826446 0.00826446 0.0247934 0.00826446 0.0413223 0.0578512 0.00826446 0.00826446 0.00826446 0.0247934 0.00826446 0.421488 
0.0819672 0.147541 0.0163934 0.0819672 0.0163934 0.0163934 0.0491803 0.0491803 0.0163934 0.0163934 0.0163934 0.0163934 0.0163934 0.0491803 0.409836 
0.0126582 0.265823 0.0126582 0.0126582 0.0126582 0.0632911 0.0126582 0.0126582 0.0632911 0.0632911 0.0126582 0.0126582 0.0126582 0.0126582 0.417722 
0.0561798 0.168539 0.011236 0.191011 0.011236 0.011236 0.011236 0.011236 0.011236 0.011236 0.123596 0.011236 0.011236 0.011236 0.348315 
0.0175439 0.0175439 0.0175439 0.0175439 0.0175439 0.0877193 0.0175439 0.0175439 0.0175439 0.0526316 0.263158 0.0175439 0.0175439 0.0175439 0.403509 
0.0138597 0.000419992 0.000419992 0.000419992 0.000419992 0.00461991 0.449811 0.000419992 0.000419992 0.00209996 0.52205 0.00209996 0.00125997 0.00125997 0.000419992 
0.0232558 0.0232558 0.0232558 0.0232558 0.0232558 0.0697674 0.0232558 0.0697674 0.0232558 0.0232558 0.0232558 0.0232558 0.116279 0.0232558 0.488372 
0.0140845 0.0140845 0.0422535 0.0140845 0.15493 0.267606 0.0140845 0.0140845 0.15493 0.0140845 0.0422535 0.0140845 0.0704225 0.0422535 0.126761 
0.00598802 0.00598802 0.00598802 0.00598802 0.0179641 0.00598802 0.293413 0.00598802 0.00598802 0.00598802 0.0658683 0.00598802 0.00598802 0.0179641 0.54491 
0.104478 0.0149254 0.0149254 0.0149254 0.0149254 0.0447761 0.0149254 0.0149254 0.19403 0.0149254 0.0149254 0.0149254 0.0447761 0.0149254 0.462687 
0.0126582 0.113924 0.0126582 0.0126582 0.0379747 0.0632911 0.0379747 0.139241 0.0126582 0.0126582 0.0126582 0.0126582 0.139241 0.0126582 0.367089 
0.000302939 0.000908816 0.00333232 0.000302939 0.000908816 0.000302939 0.474099 0.00212057 0.000302939 0.000302939 0.000302939 0.000302939 0.515904 0.000302939 0.000302939 
0.0145509 0.0135474 0.00250878 0.0506774 0.0436528 0.00250878 0.326643 0.0356247 0.00351229 0.0115404 0.00451581 0.000501756 0.416959 0.0727546 0.000501756 
0.113924 0.0126582 0.0126582 0.291139 0.0126582 0.0126582 0.0126582 0.0126582 0.0126582 0.0126582 0.0126582 0.0126582 0.0126582 0.0126582 0.443038 
0.111111 0.0123457 0.037037 0.0123457 0.0123457 0.037037 0.0123457 0.037037 0.111111 0.0123457 0.0123457 0.0123457 0.111111 0.0123457 0.45679 
0.365079 0.000933707 0.0270775 0.000933707 0.000933707 0.0252101 0.182073 0.0121382 0.353875 0.000933707 0.00466853 0.000933707 0.00466853 0.00280112 0.0177404 
0.0993096 0.000531067 0.0260223 0.0100903 0.070632 0.000531067 0.443441 0.0228359 0.00796601 0.00796601 0.224642 0.0302708 0.0228359 0.00690388 0.0260223 
0.217712 0.00369004 0.00369004 0.0110701 0.0110701 0.00369004 0.0184502 0.0110701 0.0405904 0.00369004 0.0110701 0.00369004 0.0258303 0.0553506 0.579336 
0.145352 0.00062383 0.00062383 0.0118528 0.00062383 0.00311915 0.438553 0.0417966 0.245165 0.00686213 0.0131004 0.00935745 0.0742358 0.00187149 0.00686213 
0.012987 0.012987 0.012987 0.012987 0.012987 0.0649351 0.012987 0.012987 0.012987 0.012987 0.168831 0.142857 0.012987 0.116883 0.376623 
0.0163934 0.0819672 0.0163934 0.0163934 0.0163934 0.0163934 0.147541 0.0163934 0.0163934 0.0163934 0.114754 0.0491803 0.0819672 0.0491803 0.344262 
0.0666667 0.0222222 0.0222222 0.0222222 0.0222222 0.0222222 0.0222222 0.0222222 0.0222222 0.0666667 0.0222222 0.0222222 0.0222222 0.0222222 0.6 
0.0133333 0.146667 0.0133333 0.0133333 0.0133333 0.04 0.04 0.0133333 0.0133333 0.04 0.04 0.0133333 0.0133333 0.0133333 0.573333 
0.207463 0.00133274 0.000444247 0.000444247 0.386939 0.000444247 0.38072 0.000444247 0.000444247 0.00222124 0.0075522 0.00133274 0.00310973 0.000444247 0.00666371 
0.000360794 0.000120265 0.000120265 0.000120265 0.00324714 0.000360794 0.565123 0.000120265 0.00469032 0.000120265 0.422971 0.000120265 0.000360794 0.000120265 0.0020445 
0.0185874 0.0929368 0.0185874 0.0260223 0.063197 0.0483271 0.00371747 0.100372 0.0111524 0.0855019 0.39777 0.0408922 0.00371747 0.070632 0.0185874 
0.200898 0.129068 0.171717 0.00112233 0.00112233 0.00112233 0.0460157 0.245791 0.0415264 0.023569 0.0347924 0.00112233 0.0953984 0.00112233 0.00561167 
0.132227 0.00057241 0.00057241 0.00057241 0.00400687 0.0177447 0.419576 0.00057241 0.0131654 0.00057241 0.00171723 0.00286205 0.385232 0.00171723 0.0188895 
0.00740741 0.00740741 0.00740741 0.00740741 0.00740741 0.0814815 0.0222222 0.00740741 0.0666667 0.0222222 0.0666667 0.0518519 0.00740741 0.00740741 0.62963 
0.0114767 0.000765111 0.00994644 0.0665647 0.127774 0.061974 0.193573 0.0221882 0.000765111 0.00535578 0.00229533 0.000765111 0.325172 0.155318 0.0160673 
0.0214997 0.00157315 0.000524384 0.00891453 0.000524384 0.000524384 0.4043 0.00262192 0.00367069 0.000524384 0.00681699 0.509177 0.0372313 0.000524384 0.00157315 
0.124409 0.146457 0.0015748 0.0488189 0.00787402 0.0015748 0.262992 0.00787402 0.0110236 0.096063 0.0866142 0.12126 0.0740157 0.0015748 0.00787402 
0.2 0.2 0.0117647 0.0117647 0.0117647 0.0352941 0.0117647 0.0117647 0.0117647 0.0117647 0.0117647 0.0352941 0.0588235 0.0117647 0.364706 
0.00137931 0.00689655 0.017931 0.00137931 0.00137931 0.00413793 0.233103 0.0151724 0.663448 0.00137931 0.00137931 0.00689655 0.00137931 0.00137931 0.0427586 
0.0065703 0.00043802 0.00043802 0.00043802 0.00306614 0.00131406 0.293912 0.00043802 0.689006 0.0021901 0.00043802 0.00043802 0.00043802 0.00043802 0.00043802 
0.00900901 0.00900901 0.00900901 0.00900901 0.00900901 0.00900901 0.0810811 0.00900901 0.54955 0.0630631 0.00900901 0.0990991 0.00900901 0.045045 0.0810811 
0.126761 0.0985915 0.0140845 0.0140845 0.0140845 0.0422535 0.0140845 0.0140845 0.0422535 0.0422535 0.0140845 0.0140845 0.0140845 0.0140845 0.521127 
0.00337675 0.000482393 0.000482393 0.00144718 0.000482393 0.651712 0.329474 0.00434153 0.000482393 0.000482393 0.00144718 0.00241196 0.000482393 0.00144718 0.00144718 
0.273958 0.0628588 0.000441631 0.576329 0.000441631 0.00014721 0.041955 0.0136906 0.0245841 0.000736052 0.00014721 0.000736052 0.000736052 0.00220816 0.00103047 
0.0163934 0.180328 0.0163934 0.0163934 0.0163934 0.0163934 0.213115 0.0163934 0.0491803 0.0163934 0.0163934 0.0491803 0.114754 0.0163934 0.245902 
0.000487567 0.607996 0.000487567 0.000487567 0.000487567 0.00243784 0.375914 0.000487567 0.000487567 0.000487567 0.0043881 0.0043881 0.000487567 0.000487567 0.000487567 
