0.00081304 0.033039 0.301023 0.217914 0.206041 0.0974909 0.00081304 0.00081304 0.00081304 0.00081304 0.00081304 0.016078 0.00250914 0.00081304 0.0177741 0.00081304 0.00420524 0.0126858 0.00759745 0.0771376 
0.00669614 0.00669614 0.0206651 0.00669614 0.00669614 0.2302 0.00669614 0.104479 0.0625721 0.0206651 0.00669614 0.00669614 0.00669614 0.0346341 0.0206651 0.0905101 0.0206651 0.0625721 0.216231 0.0625721 
0.00449733 0.00449733 0.0326433 0.00449733 0.0326433 0.0983173 0.0138793 0.0326433 0.0138793 0.00449733 0.00449733 0.00449733 0.00449733 0.0607893 0.0607893 0.00449733 0.00449733 0.285957 0.323485 0.00449733 
0.0121089 0.0626304 0.0121089 0.0626304 0.0121089 0.466802 0.0121089 0.0121089 0.0373696 0.0121089 0.0121089 0.0626304 0.0121089 0.0373696 0.0878911 0.0121089 0.0121089 0.0121089 0.0121089 0.0373696 
0.0234816 0.193957 0.00453993 0.0424233 0.00453993 0.402316 0.00453993 0.00453993 0.137132 0.0140108 0.00453993 0.00453993 0.0234816 0.00453993 0.00453993 0.00453993 0.0140108 0.00453993 0.0992484 0.00453993 
0.0102895 0.0317546 0.353732 0.0532198 0.0317546 0.117615 0.0102895 0.0102895 0.0102895 0.0102895 0.0102895 0.0102895 0.0317546 0.0317546 0.0102895 0.0102895 0.0102895 0.0102895 0.203476 0.0317546 
0.000792868 0.00740895 0.00906297 0.247242 0.00740895 0.197621 0.25055 0.000792868 0.00244689 0.0834939 0.000792868 0.0421434 0.000792868 0.000792868 0.0289112 0.00244689 0.101688 0.00410091 0.010717 0.000792868 
0.0048846 0.0718682 0.00291449 0.308281 0.000944386 0.10339 0.138852 0.000944386 0.00291449 0.0935393 0.00291449 0.0324661 0.0186753 0.00291449 0.00882481 0.0048846 0.136882 0.000944386 0.000944386 0.0620176 
0.0102797 0.478952 0.00203324 0.128479 0.00753086 0.198573 0.00203324 0.000658832 0.0171517 0.00478205 0.000658832 0.0102797 0.00753086 0.00340764 0.10099 0.00203324 0.00340764 0.00478205 0.00203324 0.0144029 
0.00594832 0.353398 0.00594832 0.0928108 0.0307662 0.0307662 0.00594832 0.0679929 0.00594832 0.00594832 0.00594832 0.0804019 0.00594832 0.055584 0.142446 0.00594832 0.0307662 0.00594832 0.0431751 0.0183572 
0.00617832 0.070622 0.00617832 0.070622 0.00617832 0.49595 0.019067 0.00617832 0.0448445 0.019067 0.019067 0.00617832 0.019067 0.0319558 0.00617832 0.0319558 0.00617832 0.122177 0.00617832 0.00617832 
0.00346789 0.0198772 0.0105005 0.348063 0.00346789 0.406668 0.00346789 0.0011237 0.00346789 0.0011237 0.0011237 0.0339423 0.0011237 0.0011237 0.0222214 0.0011237 0.0011237 0.113645 0.00581208 0.017533 
0.0044145 0.0228329 0.0136237 0.0504605 0.0044145 0.538548 0.0044145 0.133343 0.0136237 0.0044145 0.0228329 0.0136237 0.0044145 0.0044145 0.0412513 0.0412513 0.0504605 0.0228329 0.0044145 0.0044145 
0.10084 0.0194963 0.0194963 0.0194963 0.0194963 0.0601679 0.0194963 0.0194963 0.0194963 0.0194963 0.0194963 0.0194963 0.0194963 0.0601679 0.10084 0.10084 0.222854 0.0194963 0.10084 0.0194963 
0.000652554 0.000652554 0.0578275 0.545176 0.00201386 0.0183496 0.00882041 0.00201386 0.00473648 0.00201386 0.00882041 0.0428531 0.00201386 0.000652554 0.215739 0.0673567 0.000652554 0.0129043 0.00473648 0.00201386 
0.0685015 0.100218 0.0367847 0.0156402 0.0050679 0.216513 0.0050679 0.0050679 0.0050679 0.216513 0.0156402 0.0050679 0.0473569 0.0050679 0.0367847 0.0790737 0.0050679 0.0685015 0.0156402 0.0473569 
0.00458592 0.00768585 0.00148598 0.196782 0.0107858 0.116184 0.0386852 0.00458592 0.00458592 0.0417852 0.00458592 0.00148598 0.00148598 0.0107858 0.00768585 0.00148598 0.00148598 0.531575 0.0107858 0.00148598 
0.00282662 0.114863 0.10307 0.238694 0.0382067 0.197417 0.0382067 0.00872329 0.00282662 0.01462 0.00282662 0.00282662 0.00872329 0.0205166 0.01462 0.06769 0.0382067 0.0264133 0.0558967 0.00282662 
0.00176502 0.0164933 0.0164933 0.20796 0.00176502 0.395745 0.0496318 0.00176502 0.00912914 0.00544708 0.00176502 0.00176502 0.0164933 0.00176502 0.0275394 0.00176502 0.00176502 0.222689 0.00544708 0.0128112 
0.00529168 0.00529168 0.0604871 0.159839 0.00529168 0.00529168 0.00529168 0.00529168 0.0163308 0.00529168 0.049448 0.0163308 0.0273699 0.0273699 0.00529168 0.51309 0.00529168 0.00529168 0.0163308 0.0604871 
0.0324512 0.0543872 0.0543872 0.164067 0.0105152 0.0763232 0.0105152 0.0105152 0.0105152 0.0105152 0.0105152 0.0105152 0.0105152 0.0105152 0.0105152 0.0105152 0.0105152 0.449235 0.0324512 0.0105152 
0.0170852 0.00553613 0.132576 0.0748305 0.00553613 0.167223 0.109478 0.0170852 0.00553613 0.0170852 0.0286342 0.00553613 0.00553613 0.00553613 0.0170852 0.00553613 0.0286342 0.340459 0.00553613 0.00553613 
0.00587541 0.10393 0.0549027 0.00587541 0.0181322 0.189728 0.00587541 0.00587541 0.10393 0.0303891 0.0671596 0.0916732 0.0671596 0.0916732 0.0426459 0.0181322 0.00587541 0.00587541 0.0303891 0.0549027 
0.0529555 0.0884219 0.0174892 0.00566703 0.0174892 0.206643 0.0884219 0.0411334 0.0529555 0.0411334 0.0293113 0.0174892 0.0293113 0.0647777 0.0411334 0.0293113 0.0765998 0.00566703 0.0884219 0.00566703 
0.000853577 0.0311249 0.0329056 0.317812 0.000853577 0.422872 0.0240023 0.0133182 0.0257829 0.0222216 0.000853577 0.00975691 0.0204409 0.0418089 0.00263424 0.000853577 0.00263424 0.0240023 0.000853577 0.00441491 
0.0416089 0.561855 0.0248268 0.0583911 0.0248268 0.00804465 0.00804465 0.00804465 0.00804465 0.0416089 0.00804465 0.0416089 0.00804465 0.00804465 0.00804465 0.0248268 0.0248268 0.0751732 0.00804465 0.00804465 
0.00518852 0.0111534 0.0633465 0.380979 0.00518852 0.00817099 0.0156271 0.00518852 0.0186096 0.00518852 0.0126447 0.000714833 0.000714833 0.000714833 0.00966222 0.0141359 0.00667976 0.00220606 0.122996 0.310891 
0.0283827 0.0528551 0.0365402 0.0528551 0.0202253 0.0528551 0.0202253 0.00391034 0.0936424 0.00391034 0.00391034 0.00391034 0.00391034 0.00391034 0.0120678 0.0202253 0.191532 0.0528551 0.273107 0.06917 
0.00348403 0.061629 0.148846 0.0107522 0.00348403 0.0252884 0.0325565 0.0107522 0.0325565 0.061629 0.00348403 0.0180203 0.061629 0.0107522 0.00348403 0.432303 0.0107522 0.0325565 0.0107522 0.0252884 
0.0127532 0.0925677 0.0127532 0.0127532 0.0127532 0.0659629 0.0925677 0.0127532 0.0127532 0.0127532 0.0393581 0.0127532 0.0393581 0.0127532 0.0127532 0.0127532 0.119173 0.225592 0.172382 0.0127532 
0.0715441 0.04543 0.00625899 0.00625899 0.00625899 0.267399 0.019316 0.00625899 0.00625899 0.019316 0.0584871 0.032373 0.00625899 0.00625899 0.162943 0.019316 0.00625899 0.228228 0.019316 0.00625899 
0.00105449 0.00105449 0.00105449 0.293628 0.00105449 0.00325429 0.614798 0.00325429 0.0120535 0.00105449 0.00105449 0.0120535 0.00105449 0.00105449 0.00545409 0.00985368 0.0340515 0.00105449 0.00105449 0.00105449 
0.00394251 0.0779635 0.0286162 0.0615144 0.0121671 0.209556 0.0121671 0.0203916 0.00394251 0.00394251 0.0121671 0.0203916 0.0121671 0.0121671 0.0121671 0.0286162 0.0121671 0.423395 0.0203916 0.0121671 
0.0311804 0.0204774 0.0008551 0.247026 0.00263894 0.00263894 0.00263894 0.498548 0.00977432 0.0258289 0.0186935 0.0276128 0.0008551 0.0008551 0.0008551 0.0579381 0.0008551 0.036532 0.00620663 0.00799048 
0.00195987 0.00195987 0.00195987 0.161412 0.00195987 0.513025 0.0142254 0.026491 0.0142254 0.00195987 0.018314 0.00195987 0.00195987 0.00604839 0.00195987 0.00195987 0.0101369 0.177766 0.0387566 0.00195987 
0.00625899 0.162943 0.0715441 0.00625899 0.00625899 0.00625899 0.0846011 0.00625899 0.00625899 0.04543 0.019316 0.0584871 0.00625899 0.019316 0.019316 0.00625899 0.39797 0.00625899 0.032373 0.032373 
0.0068886 0.0212591 0.0212591 0.35178 0.05 0.0212591 0.0212591 0.0068886 0.0068886 0.0068886 0.0068886 0.0068886 0.136223 0.0068886 0.0068886 0.0068886 0.0787409 0.0212591 0.0068886 0.208075 
0.00373022 0.0970262 0.051639 0.0743326 0.00877325 0.046596 0.384479 0.00120871 0.00625174 0.00373022 0.00373022 0.00120871 0.00877325 0.00877325 0.0440744 0.0138163 0.0415529 0.139892 0.0592035 0.00120871 
0.0538611 0.155215 0.0377732 0.0377732 0.0104239 0.0442084 0.00720632 0.00398875 0.000771184 0.00559754 0.0458172 0.000771184 0.0763841 0.0200766 0.287135 0.00398875 0.0120327 0.00720632 0.179346 0.0104239 
0.0244731 0.0244731 0.0244731 0.0244731 0.177635 0.279742 0.0244731 0.0755269 0.0244731 0.0244731 0.0755269 0.0244731 0.0244731 0.0244731 0.0244731 0.0244731 0.0244731 0.0244731 0.0244731 0.0244731 
0.00517737 0.00517737 0.0915824 0.275193 0.00517737 0.307595 0.00517737 0.00517737 0.00517737 0.0267786 0.0699812 0.00517737 0.00517737 0.0375793 0.00517737 0.0807818 0.015978 0.00517737 0.00517737 0.0375793 
0.0169139 0.010092 0.064667 0.36483 0.00327012 0.187461 0.22157 0.00327012 0.00327012 0.00327012 0.0237358 0.00327012 0.0442014 0.010092 0.00327012 0.010092 0.010092 0.00327012 0.00327012 0.010092 
0.0867298 0.0167683 0.0167683 0.191672 0.0167683 0.0867298 0.0167683 0.0167683 0.0167683 0.0167683 0.0167683 0.121711 0.0167683 0.051749 0.051749 0.0167683 0.0167683 0.0867298 0.051749 0.0867298 
0.0131018 0.0131018 0.0131018 0.0404338 0.0131018 0.0131018 0.0131018 0.0677658 0.12243 0.0131018 0.0131018 0.0131018 0.0131018 0.0404338 0.0131018 0.0404338 0.0131018 0.368418 0.0131018 0.149762 
0.00234305 0.0316704 0.109877 0.0463341 0.0121188 0.359159 0.00723094 0.00234305 0.0170067 0.00234305 0.00723094 0.00234305 0.00234305 0.00234305 0.0756614 0.0170067 0.00234305 0.00234305 0.295617 0.00234305 
0.0409222 0.00791187 0.222479 0.0409222 0.024417 0.0904376 0.00791187 0.024417 0.00791187 0.00791187 0.00791187 0.00791187 0.024417 0.00791187 0.00791187 0.024417 0.00791187 0.404035 0.024417 0.00791187 
0.000585592 0.0812123 0.000585592 0.0323476 0.00669368 0.000585592 0.000585592 0.00547206 0.00302883 0.0360125 0.015245 0.00302883 0.000585592 0.00669368 0.00180721 0.127634 0.0164666 0.62361 0.0372341 0.000585592 
0.000498507 0.0431363 0.0379366 0.3728 0.0181776 0.413358 0.0441763 0.00673819 0.00153845 0.000498507 0.0212975 0.00361835 0.0171377 0.000498507 0.000498507 0.000498507 0.000498507 0.00153845 0.0150578 0.000498507 
0.0798253 0.0109977 0.0109977 0.0109977 0.0109977 0.0798253 0.332193 0.0109977 0.0109977 0.0109977 0.0568828 0.0109977 0.0109977 0.0109977 0.0109977 0.0339402 0.0109977 0.148653 0.12571 0.0109977 
0.00135188 0.0831371 0.00699224 0.218506 0.0380142 0.568208 0.00135188 0.0154528 0.00135188 0.00417206 0.00417206 0.00417206 0.00981242 0.00135188 0.00135188 0.00417206 0.00135188 0.00135188 0.0295537 0.00417206 
0.0174776 0.0291523 0.00079948 0.132557 0.00246729 0.0241489 0.00413511 0.00413511 0.00079948 0.00079948 0.00246729 0.00413511 0.00246729 0.00079948 0.00079948 0.66459 0.00913855 0.0958649 0.00246729 0.00079948 
0.000634418 0.00460484 0.0403386 0.136952 0.000634418 0.0231335 0.000634418 0.00195789 0.000634418 0.0165161 0.000634418 0.500908 0.0178396 0.00195789 0.159451 0.00195789 0.000634418 0.0178396 0.072102 0.000634418 
0.000757774 0.000757774 0.0671518 0.299531 0.0181467 0.49397 0.000757774 0.0055002 0.000757774 0.000757774 0.0055002 0.000757774 0.000757774 0.00233858 0.000757774 0.0892831 0.000757774 0.0055002 0.0055002 0.000757774 
0.0167683 0.0167683 0.0867298 0.051749 0.0167683 0.156691 0.0167683 0.121711 0.0167683 0.0167683 0.0167683 0.0167683 0.0167683 0.051749 0.0167683 0.0167683 0.226653 0.0167683 0.0167683 0.0867298 
0.0162016 0.0162016 0.0162016 0.151395 0.05 0.0837984 0.0162016 0.185194 0.05 0.0162016 0.0162016 0.05 0.0162016 0.0162016 0.0162016 0.117597 0.05 0.0837984 0.0162016 0.0162016 
0.0115047 0.0192815 0.042612 0.205925 0.00372788 0.042612 0.042612 0.0115047 0.00372788 0.0270584 0.00372788 0.0192815 0.00372788 0.0192815 0.0115047 0.0115047 0.345908 0.0192815 0.0970498 0.0581657 
0.000919037 0.0181741 0.0181741 0.441881 0.000919037 0.0277602 0.00475349 0.0105052 0.00475349 0.00667071 0.0200913 0.000919037 0.00283626 0.000919037 0.0469324 0.000919037 0.000919037 0.00283626 0.00283626 0.386281 
0.00204341 0.00204341 0.00204341 0.458164 0.00630622 0.0276203 0.40701 0.00630622 0.00204341 0.00204341 0.00204341 0.00630622 0.00204341 0.0489343 0.010569 0.00204341 0.00204341 0.00204341 0.00204341 0.00630622 
0.00573596 0.066733 0.0354102 0.152458 0.00243882 0.393149 0.00573596 0.0502473 0.000790254 0.00243882 0.00408739 0.000790254 0.000790254 0.000790254 0.200267 0.0354102 0.000790254 0.0354102 0.00408739 0.00243882 
0.0127532 0.0127532 0.0127532 0.0127532 0.0127532 0.518245 0.0127532 0.0127532 0.0925677 0.0127532 0.0127532 0.0127532 0.0127532 0.0393581 0.0393581 0.0127532 0.0393581 0.0925677 0.0127532 0.0127532 
0.0138594 0.0138594 0.100597 0.187334 0.0138594 0.0427719 0.129509 0.0427719 0.0138594 0.0138594 0.0427719 0.100597 0.0138594 0.0138594 0.0138594 0.0138594 0.0716843 0.0427719 0.100597 0.0138594 
0.0180297 0.0180297 0.0180297 0.0180297 0.093254 0.0180297 0.0556418 0.0180297 0.0180297 0.0180297 0.0180297 0.0180297 0.0180297 0.0556418 0.0180297 0.0180297 0.0180297 0.506988 0.0180297 0.0180297 
0.0006499 0.00336144 0.0155634 0.199948 0.0142076 0.46568 0.0006499 0.00878453 0.0372557 0.00200567 0.00336144 0.0006499 0.0006499 0.0006499 0.0169192 0.00336144 0.0155634 0.0508135 0.0426788 0.117246 
0.0131018 0.313754 0.0131018 0.0950978 0.0404338 0.0404338 0.0677658 0.0131018 0.0131018 0.0131018 0.0404338 0.0131018 0.0404338 0.0131018 0.0950978 0.0677658 0.0677658 0.0131018 0.0131018 0.0131018 
0.00425766 0.0220217 0.00425766 0.217426 0.00425766 0.395066 0.0220217 0.00425766 0.00425766 0.0131397 0.00425766 0.0220217 0.00425766 0.0131397 0.0131397 0.0486677 0.0309037 0.10196 0.0397857 0.0309037 
0.0661636 0.0091155 0.0281315 0.0281315 0.0091155 0.0851797 0.0281315 0.142228 0.0091155 0.0091155 0.0281315 0.0091155 0.104196 0.0471476 0.0091155 0.0091155 0.0091155 0.332388 0.0091155 0.0281315 
0.0115266 0.0115266 0.0115266 0.0115266 0.0115266 0.0115266 0.0355725 0.0596184 0.0115266 0.0115266 0.0115266 0.0355725 0.0115266 0.0115266 0.300077 0.0115266 0.0596184 0.348169 0.0115266 0.0115266 
0.00232037 0.00232037 0.00232037 0.118494 0.00232037 0.113654 0.00232037 0.00716094 0.0120015 0.00232037 0.0362044 0.00716094 0.00232037 0.00716094 0.0216827 0.0120015 0.0410449 0.481537 0.123335 0.00232037 
0.0958667 0.0514796 0.0218882 0.110662 0.0366839 0.125458 0.317802 0.0218882 0.00709244 0.0218882 0.00709244 0.0218882 0.00709244 0.0218882 0.00709244 0.0514796 0.00709244 0.0514796 0.00709244 0.00709244 
0.0132879 0.120476 0.0561633 0.200868 0.0132879 0.0240068 0.0240068 0.00256908 0.0347256 0.0132879 0.0186474 0.00792851 0.0400851 0.00256908 0.0508039 0.00256908 0.00256908 0.00256908 0.109758 0.259822 
0.244526 0.0483653 0.0156719 0.146446 0.0483653 0.179139 0.0156719 0.0156719 0.0156719 0.0156719 0.0156719 0.0156719 0.0483653 0.0156719 0.0483653 0.0156719 0.0483653 0.0156719 0.0156719 0.0156719 
0.0118106 0.0118106 0.0118106 0.0118106 0.0118106 0.0364489 0.258194 0.0118106 0.0118106 0.0118106 0.0118106 0.0118106 0.0364489 0.282832 0.0118106 0.0857256 0.0118106 0.0118106 0.0857256 0.0610873 
0.000684223 0.0021116 0.0349412 0.348964 0.000684223 0.518821 0.0320865 0.000684223 0.0021116 0.00353897 0.000684223 0.000684223 0.000684223 0.0106758 0.0192401 0.0021116 0.000684223 0.000684223 0.014958 0.00496635 
0.0173761 0.162371 0.162371 0.0173761 0.0173761 0.0536249 0.0898736 0.0536249 0.0898736 0.0173761 0.0173761 0.0898736 0.0173761 0.0536249 0.0173761 0.0173761 0.0173761 0.0173761 0.0173761 0.0536249 
0.00948663 0.00602395 0.000829932 0.367874 0.000829932 0.0614268 0.0146807 0.011218 0.00256127 0.00948663 0.000829932 0.000829932 0.0129493 0.000829932 0.00256127 0.00429261 0.449247 0.00429261 0.00256127 0.0371881 
0.0143575 0.077007 0.115951 0.0583815 0.0228237 0.00419812 0.000811663 0.00927781 0.00250489 0.00419812 0.00589135 0.000811663 0.00419812 0.00250489 0.535872 0.0600747 0.0346763 0.0143575 0.0295966 0.00250489 
0.01471 0.01471 0.01471 0.01471 0.01471 0.106771 0.01471 0.444327 0.01471 0.01471 0.01471 0.01471 0.045397 0.0760839 0.01471 0.0760839 0.01471 0.01471 0.01471 0.045397 
0.00496296 0.00496296 0.0256696 0.00496296 0.0153163 0.0153163 0.00496296 0.0153163 0.00496296 0.036023 0.00496296 0.0463763 0.00496296 0.263797 0.00496296 0.52263 0.00496296 0.00496296 0.00496296 0.00496296 
0.00947588 0.00947588 0.00947588 0.0490116 0.00947588 0.0687795 0.266458 0.0292437 0.0292437 0.00947588 0.00947588 0.00947588 0.0687795 0.0292437 0.00947588 0.0490116 0.0687795 0.187387 0.00947588 0.0687795 
0.0121089 0.0121089 0.138413 0.0373696 0.0121089 0.0878911 0.0121089 0.0121089 0.0121089 0.0121089 0.0121089 0.0373696 0.0121089 0.264716 0.0121089 0.0121089 0.0878911 0.138413 0.0121089 0.0626304 
0.00986594 0.00986594 0.00986594 0.00986594 0.0304475 0.0304475 0.215682 0.00986594 0.00986594 0.133355 0.00986594 0.00986594 0.00986594 0.00986594 0.400916 0.00986594 0.0510291 0.00986594 0.00986594 0.00986594 
0.00237792 0.116472 0.344662 0.00237792 0.00237792 0.0321417 0.042063 0.00237792 0.00733855 0.176 0.00733855 0.00237792 0.00733855 0.0718268 0.00237792 0.042063 0.00237792 0.0371024 0.0817481 0.0172598 
0.0173761 0.0173761 0.126122 0.0173761 0.0173761 0.0898736 0.0898736 0.0173761 0.0173761 0.0173761 0.0173761 0.0173761 0.0173761 0.0173761 0.0536249 0.0173761 0.234869 0.0898736 0.0536249 0.0536249 
0.0124227 0.0124227 0.0642534 0.0642534 0.0124227 0.582561 0.0383381 0.0124227 0.0124227 0.0124227 0.0124227 0.0124227 0.0124227 0.0124227 0.0383381 0.0383381 0.0124227 0.0124227 0.0124227 0.0124227 
0.00986594 0.0716106 0.00986594 0.1951 0.0510291 0.0921922 0.0716106 0.00986594 0.0304475 0.0304475 0.00986594 0.0304475 0.00986594 0.00986594 0.00986594 0.00986594 0.174518 0.0510291 0.0921922 0.0304475 
0.0356818 0.0907518 0.0136538 0.00263982 0.00263982 0.00814682 0.00814682 0.0356818 0.00263982 0.00814682 0.00263982 0.00263982 0.00814682 0.00263982 0.00814682 0.162343 0.162343 0.421172 0.0191608 0.00263982 
0.0092922 0.0092922 0.0092922 0.183754 0.0868309 0.106216 0.0092922 0.0286769 0.0480615 0.0868309 0.0092922 0.0092922 0.0092922 0.0092922 0.0674462 0.0092922 0.0092922 0.0286769 0.106216 0.16437 
0.01347 0.04157 0.01347 0.06967 0.01347 0.18207 0.06967 0.04157 0.01347 0.01347 0.04157 0.01347 0.06967 0.04157 0.23827 0.06967 0.01347 0.01347 0.01347 0.01347 
0.000684223 0.00639372 0.0021116 0.169114 0.000684223 0.0106758 0.000684223 0.0249496 0.000684223 0.000684223 0.000684223 0.000684223 0.000684223 0.000684223 0.176251 0.601609 0.000684223 0.000684223 0.000684223 0.000684223 
0.0280684 0.00926991 0.00300374 0.0218022 0.00300374 0.00300374 0.00926991 0.00300374 0.00926991 0.00300374 0.00300374 0.0531331 0.00926991 0.00926991 0.0656654 0.00300374 0.00300374 0.748678 0.00300374 0.00926991 
0.0784926 0.0151757 0.0151757 0.110151 0.0151757 0.141809 0.0784926 0.0151757 0.0784926 0.0151757 0.0151757 0.0151757 0.0468342 0.0151757 0.0784926 0.0151757 0.0468342 0.110151 0.0468342 0.0468342 
0.00384757 0.100166 0.124245 0.0199006 0.00384757 0.164378 0.148325 0.00384757 0.0118741 0.00384757 0.00384757 0.00384757 0.0118741 0.0439801 0.0760862 0.00384757 0.0439801 0.0439801 0.140298 0.0439801 
0.0162016 0.0162016 0.0162016 0.05 0.0162016 0.05 0.0837984 0.117597 0.0162016 0.0162016 0.0162016 0.0162016 0.0162016 0.05 0.0162016 0.0162016 0.0162016 0.387984 0.0162016 0.05 
0.00254804 0.0490527 0.00427043 0.321191 0.00427043 0.445203 0.0352735 0.00427043 0.00254804 0.0404407 0.00771522 0.000825643 0.028384 0.000825643 0.0214944 0.0249392 0.000825643 0.00254804 0.00254804 0.000825643 
0.0124227 0.0642534 0.0124227 0.0901688 0.0124227 0.0124227 0.0124227 0.0124227 0.0124227 0.0642534 0.0124227 0.0642534 0.0383381 0.0124227 0.0124227 0.0124227 0.219746 0.297492 0.0124227 0.0124227 
0.00947588 0.00947588 0.00947588 0.503672 0.00947588 0.00947588 0.00947588 0.0885473 0.00947588 0.00947588 0.0292437 0.00947588 0.00947588 0.0687795 0.0490116 0.00947588 0.0490116 0.0687795 0.00947588 0.0292437 
0.016143 0.13334 0.00963204 0.00312108 0.022654 0.00312108 0.00963204 0.00312108 0.00312108 0.146362 0.00312108 0.00312108 0.00963204 0.00963204 0.00963204 0.00312108 0.0682307 0.426334 0.0942745 0.022654 
0.000457583 0.0701415 0.0252765 0.219055 0.0290948 0.0233674 0.0882784 0.00618503 0.0472317 0.00427588 0.00236673 0.000457583 0.00141216 0.00236673 0.000457583 0.000457583 0.000457583 0.36415 0.113097 0.00141216 
0.000841588 0.00786422 0.000841588 0.262435 0.00610856 0.0113755 0.000841588 0.000841588 0.0289321 0.000841588 0.00259725 0.0780905 0.00610856 0.00259725 0.00610856 0.564408 0.00610856 0.00610856 0.00610856 0.000841588 
0.00173941 0.375487 0.0380256 0.0779403 0.00173941 0.00173941 0.0452828 0.0126253 0.0307683 0.00536802 0.0126253 0.00173941 0.00536802 0.00173941 0.00173941 0.00536802 0.00173941 0.277514 0.099712 0.00173941 
0.00535074 0.273246 0.0165131 0.0276754 0.0388377 0.0611623 0.150461 0.150461 0.00535074 0.0165131 0.00535074 0.0276754 0.0165131 0.139299 0.0165131 0.00535074 0.0165131 0.0165131 0.00535074 0.00535074 
0.01471 0.045397 0.01471 0.01471 0.045397 0.41364 0.01471 0.01471 0.01471 0.01471 0.01471 0.045397 0.168145 0.01471 0.01471 0.01471 0.0760839 0.01471 0.01471 0.01471 
0.0121089 0.138413 0.214195 0.0373696 0.0121089 0.0373696 0.0121089 0.0121089 0.0121089 0.0121089 0.0121089 0.0121089 0.0121089 0.0121089 0.0121089 0.0373696 0.0373696 0.340498 0.0121089 0.0121089 
0.357118 0.0768814 0.0113913 0.0586051 0.00529916 0.0250985 0.0174834 0.00377613 0.00682218 0.000730075 0.0190064 0.0174834 0.0022531 0.0022531 0.20177 0.0403288 0.0190064 0.000730075 0.0738354 0.0601281 
0.0292437 0.0292437 0.0490116 0.00947588 0.00947588 0.52344 0.00947588 0.00947588 0.00947588 0.0292437 0.00947588 0.00947588 0.0292437 0.0292437 0.0885473 0.00947588 0.0885473 0.00947588 0.00947588 0.00947588 
0.00259692 0.00259692 0.121782 0.00259692 0.0567719 0.240967 0.00801441 0.00259692 0.00801441 0.100112 0.0242669 0.0242669 0.00259692 0.0134319 0.0134319 0.00801441 0.00259692 0.165122 0.127199 0.0730244 
0.00837749 0.399119 0.00271457 0.0197033 0.00837749 0.217906 0.0933214 0.0140404 0.0140404 0.0140404 0.0819955 0.00271457 0.0197033 0.00271457 0.00837749 0.00271457 0.00271457 0.00271457 0.0819955 0.00271457 
0.0115266 0.0596184 0.0355725 0.0115266 0.0355725 0.0115266 0.0115266 0.0115266 0.0836642 0.0355725 0.0355725 0.0836642 0.10771 0.10771 0.300077 0.0115266 0.0115266 0.0115266 0.0115266 0.0115266 
0.00257465 0.0652283 0.0130169 0.0391226 0.00257465 0.608227 0.00605541 0.0217188 0.0199784 0.0182381 0.000834265 0.000834265 0.000834265 0.00257465 0.136584 0.00779579 0.00431503 0.00257465 0.0460841 0.000834265 
0.0118106 0.0118106 0.0118106 0.0857256 0.0118106 0.159641 0.0857256 0.0364489 0.0118106 0.0118106 0.0118106 0.0857256 0.0118106 0.0118106 0.0118106 0.0364489 0.233556 0.0118106 0.0857256 0.0610873 
0.00529168 0.00529168 0.00529168 0.0936044 0.0273699 0.314386 0.00529168 0.0273699 0.00529168 0.00529168 0.00529168 0.00529168 0.00529168 0.00529168 0.00529168 0.0163308 0.038409 0.380621 0.0163308 0.0273699 
0.000831371 0.174266 0.000831371 0.186406 0.00256571 0.0459243 0.00256571 0.00430006 0.0060344 0.0233778 0.0060344 0.0112374 0.0060344 0.000831371 0.0667364 0.443089 0.0060344 0.00256571 0.00256571 0.00776874 
0.305406 0.0393581 0.0393581 0.119173 0.0127532 0.0127532 0.0127532 0.0925677 0.0393581 0.0127532 0.0127532 0.0127532 0.0127532 0.0127532 0.0127532 0.172382 0.0127532 0.0393581 0.0127532 0.0127532 
0.00361542 0.229882 0.00361542 0.109206 0.00361542 0.00361542 0.0186998 0.0111576 0.0186998 0.00361542 0.00361542 0.00361542 0.00361542 0.00361542 0.448606 0.00361542 0.0714953 0.00361542 0.0488687 0.00361542 
0.00859977 0.00859977 0.38182 0.280482 0.00118481 0.114881 0.0160147 0.00118481 0.00365646 0.00118481 0.00859977 0.00118481 0.00365646 0.00118481 0.00118481 0.00612812 0.00118481 0.107466 0.0184864 0.0333163 
0.0906039 0.00512205 0.0158073 0.197456 0.00512205 0.00512205 0.111974 0.00512205 0.0371777 0.0264925 0.00512205 0.00512205 0.0158073 0.0158073 0.0264925 0.00512205 0.400475 0.00512205 0.00512205 0.0158073 
0.06967 0.01347 0.06967 0.01347 0.01347 0.04157 0.01347 0.01347 0.21017 0.01347 0.04157 0.01347 0.06967 0.01347 0.01347 0.01347 0.01347 0.01347 0.12587 0.21017 
0.352003 0.229122 0.0353488 0.00226553 0.00226553 0.134599 0.00699172 0.00699172 0.00226553 0.00226553 0.00699172 0.101515 0.00226553 0.0211703 0.0117179 0.00226553 0.00699172 0.00226553 0.0637059 0.00699172 
0.0206383 0.00284338 0.0147067 0.0443649 0.00877503 0.501102 0.00284338 0.00284338 0.103681 0.0147067 0.00877503 0.00877503 0.0206383 0.00877503 0.0325016 0.0502966 0.00284338 0.0384333 0.103681 0.00877503 
0.0162016 0.05 0.151395 0.286589 0.0162016 0.05 0.0162016 0.0162016 0.05 0.05 0.05 0.0162016 0.05 0.0162016 0.0162016 0.0162016 0.0162016 0.05 0.05 0.0162016 
0.0037571 0.0194327 0.0037571 0.121324 0.0037571 0.466186 0.0115949 0.0115949 0.0037571 0.0351082 0.0037571 0.0037571 0.0272704 0.0664593 0.144837 0.0194327 0.0194327 0.0037571 0.0272704 0.0037571 
0.00642682 0.649969 0.100277 0.0332411 0.00642682 0.00642682 0.00642682 0.00642682 0.00642682 0.00642682 0.00642682 0.0198339 0.0198339 0.0600554 0.00642682 0.00642682 0.00642682 0.0332411 0.00642682 0.00642682 
0.00313034 0.00101433 0.0369865 0.267632 0.00313034 0.161831 0.00101433 0.00947837 0.00736236 0.00736236 0.00101433 0.180875 0.00101433 0.00101433 0.00101433 0.00101433 0.00101433 0.00101433 0.00947837 0.303604 
0.0574273 0.106943 0.00791187 0.024417 0.00791187 0.0904376 0.0574273 0.024417 0.00791187 0.0739325 0.156458 0.00791187 0.00791187 0.00791187 0.106943 0.00791187 0.00791187 0.222479 0.00791187 0.00791187 
0.000772427 0.0104407 0.0184976 0.0732844 0.0475024 0.0313886 0.0217203 0.0023838 0.00399518 0.020109 0.00399518 0.0475024 0.000772427 0.0136634 0.00399518 0.472906 0.0313886 0.100678 0.0877868 0.00721794 
0.00120871 0.0818971 0.00625174 0.777835 0.00373022 0.0415529 0.00120871 0.00373022 0.00120871 0.061725 0.00373022 0.00120871 0.00120871 0.00120871 0.00373022 0.00373022 0.00120871 0.00120871 0.00120871 0.00120871 
0.00757062 0.447096 0.164233 0.153354 0.00104302 0.00104302 0.0924294 0.00104302 0.00104302 0.00539475 0.0119223 0.00104302 0.00104302 0.00104302 0.0946052 0.00321888 0.00104302 0.00104302 0.00539475 0.00539475 
0.0432431 0.0219057 0.0159786 0.108441 0.00175365 0.0183494 0.000568238 0.0302036 0.0479848 0.00886614 0.051541 0.00175365 0.00175365 0.000568238 0.0325744 0.0100515 0.000568238 0.0693222 0.203274 0.331299 
0.00269616 0.127752 0.00378361 0.331104 0.00487105 0.0222702 0.00269616 0.00378361 0.000521275 0.000521275 0.00269616 0.000521275 0.000521275 0.0157455 0.440936 0.000521275 0.00160872 0.0353195 0.000521275 0.00160872 
0.00926169 0.0521441 0.0307029 0.170786 0.0135499 0.000685201 0.00497344 0.000685201 0.00640286 0.000685201 0.00783227 0.000685201 0.000685201 0.182221 0.42808 0.0492853 0.0392794 0.000685201 0.000685201 0.000685201 
0.00529168 0.369582 0.0163308 0.0163308 0.00529168 0.402699 0.0273699 0.00529168 0.0163308 0.0163308 0.00529168 0.00529168 0.00529168 0.038409 0.00529168 0.00529168 0.00529168 0.00529168 0.0273699 0.0163308 
0.000783793 0.0563769 0.0122294 0.223156 0.000783793 0.0122294 0.00241888 0.000783793 0.00241888 0.0988892 0.000783793 0.000783793 0.000783793 0.00241888 0.00405397 0.0122294 0.000783793 0.56162 0.00568906 0.000783793 
0.010971 0.017744 0.00250489 0.19892 0.00250489 0.166748 0.46645 0.000811663 0.00589135 0.0753138 0.00758458 0.00250489 0.00758458 0.00927781 0.00250489 0.000811663 0.00419812 0.00250489 0.0143575 0.000811663 
0.00587541 0.0181322 0.00587541 0.00587541 0.0549027 0.00587541 0.00587541 0.0181322 0.00587541 0.00587541 0.0181322 0.0181322 0.00587541 0.0303891 0.0181322 0.422608 0.275526 0.0671596 0.00587541 0.00587541 
0.00407662 0.00407662 0.0721113 0.106129 0.0125809 0.28472 0.00407662 0.157155 0.0295896 0.0551026 0.00407662 0.0125809 0.00407662 0.0380939 0.0210853 0.00407662 0.00407662 0.174163 0.00407662 0.00407662 
0.0102095 0.108491 0.00201936 0.246359 0.00474941 0.149442 0.255914 0.0156696 0.0607154 0.0238598 0.00611444 0.000654336 0.000654336 0.00338439 0.0579854 0.000654336 0.00884449 0.000654336 0.0429701 0.000654336 
0.00658904 0.509242 0.00177896 0.332472 0.00177896 0.004184 0.000576437 0.00177896 0.0222218 0.0258294 0.000576437 0.00538652 0.00298148 0.0150067 0.000576437 0.000576437 0.000576437 0.00177896 0.0330445 0.0330445 
0.00656994 0.00468168 0.0122347 0.312469 0.014123 0.129307 0.000905154 0.0197878 0.0160113 0.000905154 0.0122347 0.000905154 0.0915418 0.308692 0.0462235 0.0122347 0.000905154 0.000905154 0.000905154 0.00845821 
0.00867106 0.0822308 0.000927932 0.264194 0.000927932 0.0570656 0.00867106 0.00286371 0.000927932 0.00286371 0.0396436 0.109332 0.0377078 0.283552 0.00286371 0.0299647 0.000927932 0.0454509 0.00867106 0.0125426 
0.00280401 0.0274445 0.000908585 0.254895 0.000908585 0.0255491 0.000908585 0.00659485 0.00469943 0.0312353 0.378097 0.000908585 0.000908585 0.0179674 0.218882 0.000908585 0.016072 0.000908585 0.000908585 0.00849027 
0.0047656 0.0047656 0.0842986 0.0047656 0.0047656 0.0047656 0.0445321 0.0047656 0.0445321 0.0544737 0.0345905 0.0147072 0.0047656 0.0047656 0.0047656 0.0047656 0.0047656 0.58138 0.074357 0.0147072 
0.0231053 0.00982393 0.0297459 0.116075 0.00982393 0.175841 0.00318326 0.00318326 0.00318326 0.00318326 0.00318326 0.00982393 0.00318326 0.00982393 0.0231053 0.00982393 0.0828713 0.474671 0.00318326 0.00318326 
0.00988961 0.0165747 0.0232597 0.0366299 0.00320454 0.00320454 0.0232597 0.05 0.00320454 0.0165747 0.00988961 0.00320454 0.0165747 0.0165747 0.00988961 0.304032 0.424364 0.0165747 0.00320454 0.00988961 
0.0667519 0.011619 0.032824 0.0688724 0.032824 0.011619 0.00313698 0.0222215 0.00313698 0.00313698 0.00313698 0.0540289 0.00101648 0.00949847 0.00313698 0.543864 0.00101648 0.00313698 0.121885 0.00313698 
0.000652554 0.000652554 0.0673567 0.315115 0.000652554 0.00609779 0.00201386 0.326005 0.00201386 0.000652554 0.00201386 0.0183496 0.000652554 0.000652554 0.170816 0.00201386 0.00337517 0.000652554 0.0632728 0.0169883 
0.0203378 0.0266155 0.00150464 0.0611429 0.00150464 0.0360321 0.00150464 0.0203378 0.00150464 0.0423098 0.0454487 0.00150464 0.00150464 0.0203378 0.0391709 0.00778235 0.00778235 0.607304 0.0328932 0.0234766 
0.0109977 0.0339402 0.0109977 0.12571 0.0109977 0.515733 0.0109977 0.0109977 0.0109977 0.0339402 0.0109977 0.0339402 0.0109977 0.0109977 0.0109977 0.0109977 0.0568828 0.0339402 0.0109977 0.0339402 
0.0138594 0.0427719 0.0138594 0.0138594 0.0138594 0.158422 0.0138594 0.0138594 0.0138594 0.0138594 0.0138594 0.0427719 0.0138594 0.0427719 0.0138594 0.0138594 0.187334 0.331897 0.0138594 0.0138594 
0.00878152 0.100378 0.00878152 0.0454202 0.0271008 0.100378 0.137017 0.00878152 0.00878152 0.00878152 0.118697 0.0454202 0.118697 0.00878152 0.0271008 0.0637395 0.00878152 0.0271008 0.00878152 0.118697 
0.000783793 0.102159 0.00568906 0.146307 0.000783793 0.350693 0.00241888 0.000783793 0.0629172 0.000783793 0.00568906 0.041661 0.000783793 0.00241888 0.128321 0.00895924 0.000783793 0.00568906 0.0465663 0.0858085 
0.00348917 0.00208188 0.00348917 0.660692 0.00208188 0.00348917 0.000674594 0.00208188 0.00348917 0.000674594 0.000674594 0.000674594 0.000674594 0.000674594 0.000674594 0.00208188 0.283539 0.00489645 0.000674594 0.0231912 
0.000618058 0.0122222 0.0019074 0.13471 0.0315624 0.48928 0.0238263 0.0019074 0.000618058 0.000618058 0.0212476 0.034141 0.030273 0.0109328 0.097319 0.00577544 0.000618058 0.034141 0.067664 0.000618058 
0.000758974 0.00550891 0.000758974 0.488419 0.00234229 0.000758974 0.000758974 0.0102589 0.00234229 0.000758974 0.00234229 0.000758974 0.000758974 0.000758974 0.472586 0.000758974 0.00234229 0.00234229 0.000758974 0.0039256 
0.020484 0.00875581 0.0283028 0.165132 0.0146199 0.0048464 0.0028917 0.0048464 0.0165746 0.000937002 0.0048464 0.000937002 0.0028917 0.000937002 0.0243934 0.493522 0.000937002 0.0028917 0.196407 0.0048464 
0.00247142 0.212967 0.00414202 0.141131 0.00247142 0.411769 0.0692954 0.000800816 0.0141656 0.00247142 0.00247142 0.00247142 0.00581262 0.0191774 0.00247142 0.0275304 0.000800816 0.045907 0.0141656 0.0175068 
0.0163308 0.00529168 0.0163308 0.0163308 0.00529168 0.038409 0.00529168 0.0273699 0.00529168 0.0163308 0.038409 0.00529168 0.0163308 0.479973 0.0273699 0.137761 0.038409 0.0604871 0.0163308 0.0273699 
0.0166995 0.00541115 0.0844294 0.332772 0.0166995 0.152159 0.00541115 0.0279878 0.0166995 0.0957177 0.00541115 0.0166995 0.0392761 0.0166995 0.0166995 0.00541115 0.0618527 0.00541115 0.0166995 0.0618527 
0.000633579 0.0865457 0.0019553 0.629775 0.0164943 0.00459875 0.0204595 0.0019553 0.000633579 0.0019553 0.000633579 0.0508591 0.00459875 0.0019553 0.0495374 0.109015 0.00327703 0.000633579 0.000633579 0.0138508 
0.0156719 0.211833 0.0156719 0.0810588 0.0156719 0.0483653 0.0156719 0.0156719 0.0156719 0.0156719 0.0483653 0.0156719 0.0156719 0.0810588 0.244526 0.0156719 0.0810588 0.0156719 0.0156719 0.0156719 
0.00437422 0.00437422 0.00437422 0.460632 0.00437422 0.405881 0.00437422 0.0226245 0.00437422 0.0134994 0.00437422 0.0134994 0.0134994 0.00437422 0.00437422 0.00437422 0.00437422 0.00437422 0.00437422 0.0134994 
0.0052339 0.0161525 0.0161525 0.0489081 0.0052339 0.256361 0.0052339 0.0161525 0.0598267 0.158094 0.0161525 0.0052339 0.0816638 0.0052339 0.0379896 0.027071 0.0052339 0.223605 0.0052339 0.0052339 
0.0168901 0.0283073 0.108228 0.0168901 0.00547293 0.393658 0.00547293 0.0168901 0.00547293 0.00547293 0.0283073 0.00547293 0.00547293 0.00547293 0.0283073 0.0283073 0.153897 0.0853933 0.0397245 0.0168901 
0.0049121 0.0049121 0.0868901 0.0049121 0.0663956 0.0356539 0.0561483 0.0049121 0.0049121 0.127879 0.0561483 0.0049121 0.0049121 0.0356539 0.0151594 0.0049121 0.0049121 0.343071 0.107385 0.0254066 
0.010751 0.212603 0.055607 0.010751 0.010751 0.055607 0.145319 0.010751 0.010751 0.010751 0.010751 0.033179 0.010751 0.033179 0.010751 0.010751 0.145319 0.167747 0.033179 0.010751 
0.0267285 0.247509 0.140102 0.00286035 0.00286035 0.175905 0.0744649 0.00286035 0.00286035 0.0804319 0.00286035 0.0147944 0.1043 0.00286035 0.0505967 0.00286035 0.00286035 0.0565637 0.00286035 0.00286035 
0.00630622 0.240761 0.0404087 0.0404087 0.0659855 0.441113 0.0318831 0.010569 0.0276203 0.00630622 0.00204341 0.00204341 0.0190946 0.0276203 0.00204341 0.010569 0.0148318 0.00204341 0.00630622 0.00204341 
0.00212678 0.0538816 0.000689142 0.327032 0.0121902 0.475108 0.00212678 0.000689142 0.000689142 0.000689142 0.000689142 0.00356441 0.00356441 0.00500204 0.00643968 0.00356441 0.00212678 0.0323171 0.0380676 0.0294418 
0.0116685 0.0329638 0.00102081 0.803854 0.0159275 0.0074094 0.00315034 0.00953893 0.018057 0.00102081 0.00315034 0.00102081 0.00102081 0.00102081 0.00953893 0.0074094 0.0606477 0.00102081 0.00527987 0.00527987 
0.0712663 0.0479252 0.00383664 0.0997942 0.00383664 0.00902353 0.0142104 0.011617 0.00124319 0.0168039 0.00124319 0.011617 0.0375515 0.00902353 0.0142104 0.561428 0.0168039 0.0634859 0.00383664 0.00124319 
0.00138308 0.0186947 0.00138308 0.237976 0.00138308 0.28414 0.0100389 0.00426836 0.0302359 0.0273506 0.00138308 0.00426836 0.00138308 0.00426836 0.00138308 0.00138308 0.0186947 0.318764 0.02158 0.0100389 
0.000788953 0.0386436 0.00243481 0.117645 0.00243481 0.07979 0.000788953 0.0123099 0.000788953 0.122582 0.00243481 0.000788953 0.000788953 0.00243481 0.00243481 0.565317 0.00243481 0.033706 0.0106641 0.000788953 
0.0402577 0.00778341 0.0402577 0.00778341 0.0402577 0.072732 0.0402577 0.00778341 0.0240206 0.0402577 0.00778341 0.00778341 0.0240206 0.0564949 0.137681 0.218866 0.105206 0.00778341 0.0564949 0.0564949 
0.0100141 0.191768 0.02617 0.167534 0.0059751 0.288704 0.127145 0.00193612 0.030209 0.0463649 0.00193612 0.0059751 0.0059751 0.0100141 0.00193612 0.02617 0.018092 0.00193612 0.02617 0.0059751 
0.00296656 0.00296656 0.027721 0.157682 0.00915517 0.269077 0.00296656 0.00296656 0.0153438 0.00296656 0.00296656 0.0153438 0.00915517 0.00296656 0.0648527 0.0215324 0.00296656 0.380472 0.00296656 0.00296656 
0.00181859 0.0169938 0.244623 0.210478 0.00181859 0.00561241 0.187715 0.0207877 0.00181859 0.0890763 0.0283753 0.054932 0.00181859 0.00181859 0.00561241 0.00940622 0.0169938 0.0587258 0.00561241 0.0359629 
0.00259692 0.00259692 0.0134319 0.0134319 0.00259692 0.0459369 0.00801441 0.00259692 0.0567719 0.0188494 0.0188494 0.0676069 0.0188494 0.593104 0.00259692 0.0621894 0.00259692 0.00259692 0.0567719 0.00801441 
0.475269 0.00443862 0.00622885 0.102901 0.00622885 0.0187605 0.00980932 0.0205507 0.00264839 0.0366628 0.0115995 0.00443862 0.00801909 0.000858162 0.142286 0.0581456 0.0295019 0.0312921 0.0295019 0.000858162 
0.27847 0.0625928 0.00862354 0.00862354 0.00862354 0.134552 0.00862354 0.00862354 0.00862354 0.00862354 0.0266133 0.00862354 0.0446031 0.188521 0.00862354 0.00862354 0.0985724 0.00862354 0.0446031 0.0266133 
0.00137121 0.00137121 0.00995276 0.218771 0.00423173 0.0299764 0.533427 0.00709225 0.0128133 0.00137121 0.00137121 0.00137121 0.00137121 0.0185343 0.05 0.0414184 0.00137121 0.00137121 0.00137121 0.0614421 
0.000636947 0.0471432 0.00595195 0.0325269 0.0537869 0.0471432 0.00329445 0.0205682 0.0179107 0.00860945 0.00329445 0.000636947 0.0019657 0.00595195 0.647738 0.0019657 0.000636947 0.0099382 0.0896632 0.000636947 
0.000288668 0.0580995 0.00811722 0.159871 0.000890864 0.00691283 0.0948335 0.0370227 0.000288668 0.000288668 0.0159458 0.208649 0.00149306 0.000890864 0.000288668 0.400749 0.00209526 0.000288668 0.00269745 0.000288668 
0.00104987 0.042663 0.00104987 0.235397 0.00104987 0.0251417 0.00324003 0.0054302 0.00104987 0.00981052 0.00324003 0.0448531 0.0054302 0.00104987 0.176263 0.00104987 0.432512 0.00762036 0.00104987 0.00104987 
0.0194827 0.0922763 0.00268417 0.0138832 0.0138832 0.467443 0.00268417 0.00828368 0.00268417 0.00268417 0.0194827 0.00828368 0.00828368 0.00268417 0.243463 0.00828368 0.00268417 0.0642787 0.0138832 0.00268417 
0.0383381 0.0642534 0.0124227 0.0124227 0.0383381 0.0124227 0.0383381 0.452984 0.0124227 0.0124227 0.0124227 0.0124227 0.0124227 0.0124227 0.0124227 0.0383381 0.167915 0.0124227 0.0124227 0.0124227 
0.0194233 0.11535 0.0494005 0.232261 0.0314142 0.00143698 0.0194233 0.00143698 0.00143698 0.0164256 0.00743241 0.0044347 0.0044347 0.00143698 0.0044347 0.043405 0.00143698 0.439104 0.0044347 0.00143698 
0.0060344 0.122235 0.410136 0.20375 0.00776874 0.000831371 0.0060344 0.000831371 0.000831371 0.0181748 0.000831371 0.00430006 0.00430006 0.000831371 0.00430006 0.0129718 0.0060344 0.12397 0.0112374 0.054596 
0.00594832 0.167264 0.0307662 0.0307662 0.0307662 0.142446 0.10522 0.0307662 0.00594832 0.00594832 0.0307662 0.0183572 0.0183572 0.00594832 0.00594832 0.00594832 0.00594832 0.340989 0.00594832 0.00594832 
0.00095 0.363623 0.00887727 0.141659 0.0128409 0.00293182 0.00491364 0.00293182 0.04455 0.157514 0.00491364 0.00491364 0.0564409 0.0504955 0.00293182 0.00887727 0.00095 0.0762591 0.0524773 0.00095 
0.00788624 0.018548 0.00788624 0.178474 0.00255539 0.00255539 0.00788624 0.00255539 0.00255539 0.00255539 0.00788624 0.0452022 0.0238788 0.00255539 0.00255539 0.199797 0.00255539 0.477002 0.00255539 0.00255539 
0.244829 0.0705917 0.048152 0.0679517 0.0125126 0.0639918 0.0151525 0.0098726 0.0125126 0.0798316 0.00855262 0.0098726 0.000632743 0.000632743 0.19995 0.052112 0.000632743 0.0349522 0.0666317 0.000632743 
0.000807561 0.0614558 0.0210236 0.127158 0.00249223 0.480939 0.000807561 0.00249223 0.019339 0.00586158 0.000807561 0.00249223 0.00249223 0.00249223 0.0176543 0.0547171 0.00586158 0.0934646 0.0917799 0.00586158 
0.000514009 0.0176706 0.0101646 0.0573452 0.000514009 0.0101646 0.00265858 0.00265858 0.023032 0.00802001 0.00587544 0.58491 0.0691403 0.152779 0.000514009 0.000514009 0.000514009 0.00480315 0.0316103 0.0165983 
0.00211764 0.000686182 0.000686182 0.895349 0.000686182 0.0035491 0.000686182 0.00211764 0.000686182 0.000686182 0.00498056 0.000686182 0.00211764 0.0507873 0.000686182 0.00641202 0.000686182 0.000686182 0.025021 0.000686182 
0.00322611 0.0436064 0.0166862 0.104177 0.0907168 0.00322611 0.205128 0.00322611 0.0234163 0.0301463 0.00322611 0.0301463 0.0234163 0.104177 0.00995616 0.131097 0.0166862 0.00322611 0.131097 0.0234163 
0.0536249 0.0173761 0.0173761 0.0173761 0.0173761 0.0173761 0.0536249 0.0173761 0.0173761 0.0173761 0.0173761 0.0173761 0.0173761 0.524859 0.0173761 0.0173761 0.0536249 0.0173761 0.0536249 0.0173761 
