0.000171939 0.000171939 0.00189133 0.211657 0.0208047 0.000171939 0.000171939 0.340612 0.000171939 0.000171939 0.0225241 0.000171939 0.000171939 0.000171939 0.400791 0.000171939 
0.0330189 0.00157233 0.127358 0.00157233 0.00157233 0.00157233 0.00157233 0.00157233 0.504717 0.00157233 0.00157233 0.00157233 0.0172956 0.00157233 0.00157233 0.300314 
0.0010142 0.0010142 0.0010142 0.0010142 0.0314402 0.0010142 0.0415822 0.0010142 0.477688 0.426978 0.0010142 0.0111562 0.0010142 0.0010142 0.0010142 0.0010142 
0.00316456 0.0348101 0.0348101 0.0664557 0.00316456 0.00316456 0.00316456 0.00316456 0.00316456 0.00316456 0.0981013 0.00316456 0.161392 0.0348101 0.00316456 0.541139 
0.00102459 0.00102459 0.00102459 0.00102459 0.00102459 0.0420082 0.00102459 0.0625 0.185451 0.00102459 0.00102459 0.175205 0.23668 0.185451 0.0522541 0.0522541 
0.0284974 0.00259067 0.00259067 0.494819 0.00259067 0.00259067 0.00259067 0.00259067 0.00259067 0.00259067 0.00259067 0.235751 0.00259067 0.209845 0.00259067 0.00259067 
0.00351995 0.0236339 0.213041 0.129232 0.0487764 0.00854844 0.000167616 0.000167616 0.000167616 0.000167616 0.000167616 0.000167616 0.000167616 0.333724 0.196279 0.0420717 
0.00020016 0.056245 0.00820657 0.0522418 0.120296 0.00020016 0.00020016 0.00020016 0.00020016 0.00020016 0.00020016 0.00020016 0.00020016 0.334468 0.266413 0.160328 
0.000138966 0.000138966 0.000138966 0.0140356 0.00708727 0.00569761 0.00152863 0.335047 0.000138966 0.0140356 0.000138966 0.00152863 0.00152863 0.421206 0.184964 0.0126459 
0.00137741 0.0426997 0.00137741 0.00137741 0.00137741 0.00137741 0.0289256 0.00137741 0.00137741 0.221763 0.00137741 0.00137741 0.00137741 0.27686 0.00137741 0.414601 
0.00143678 0.130747 0.00143678 0.00143678 0.00143678 0.0301724 0.00143678 0.00143678 0.159483 0.00143678 0.00143678 0.00143678 0.489943 0.0158046 0.130747 0.0301724 
0.000238892 0.000238892 0.000238892 0.112518 0.000238892 0.000238892 0.000238892 0.000238892 0.339465 0.000238892 0.000238892 0.00262781 0.000238892 0.0504061 0.387243 0.105351 
0.000994036 0.000994036 0.000994036 0.0407555 0.000994036 0.000994036 0.0208748 0.0805169 0.140159 0.000994036 0.0506958 0.000994036 0.587475 0.000994036 0.000994036 0.0705765 
0.0060241 0.0060241 0.0060241 0.0060241 0.0060241 0.0060241 0.0060241 0.0060241 0.0060241 0.246988 0.0060241 0.0060241 0.0662651 0.0060241 0.0060241 0.608434 
0.0111478 0.000137627 0.000137627 0.000137627 0.300165 0.000137627 0.000137627 0.000137627 0.000137627 0.0317919 0.0015139 0.0317919 0.115745 0.0015139 0.326314 0.179053 
0.0127021 0.00115473 0.0242494 0.347575 0.0473441 0.00115473 0.00115473 0.0473441 0.382217 0.0127021 0.00115473 0.0242494 0.0127021 0.0704388 0.00115473 0.0127021 
0.000317864 0.000317864 0.000317864 0.0924984 0.000317864 0.000317864 0.000317864 0.000317864 0.620153 0.000317864 0.000317864 0.000317864 0.143357 0.000317864 0.136999 0.0034965 
0.0253713 0.000618812 0.0191832 0.378094 0.000618812 0.0748762 0.000618812 0.000618812 0.0810644 0.012995 0.000618812 0.000618812 0.303837 0.0996287 0.000618812 0.000618812 
0.000379363 0.0762519 0.000379363 0.000379363 0.000379363 0.000379363 0.000379363 0.000379363 0.421472 0.000379363 0.000379363 0.000379363 0.197648 0.0459029 0.254552 0.000379363 
0.00121065 0.00121065 0.00121065 0.00121065 0.00121065 0.00121065 0.00121065 0.00121065 0.00121065 0.00121065 0.679177 0.0133172 0.00121065 0.0133172 0.267554 0.0133172 
0.00265957 0.00265957 0.00265957 0.00265957 0.00265957 0.00265957 0.00265957 0.00265957 0.481383 0.00265957 0.00265957 0.00265957 0.321809 0.00265957 0.162234 0.00265957 
0.00127226 0.00127226 0.00127226 0.166667 0.00127226 0.00127226 0.00127226 0.00127226 0.433842 0.00127226 0.0139949 0.00127226 0.293893 0.0776081 0.00127226 0.00127226 
0.21875 0.0013587 0.0013587 0.0013587 0.0013587 0.110054 0.0013587 0.0013587 0.0013587 0.259511 0.0013587 0.0013587 0.368207 0.0013587 0.0013587 0.0285326 
0.249347 0.00130548 0.04047 0.00130548 0.00130548 0.00130548 0.00130548 0.0274151 0.00130548 0.301567 0.00130548 0.00130548 0.366841 0.00130548 0.00130548 0.00130548 
0.00198699 0.00198699 0.000180636 0.0579841 0.000180636 0.00559971 0.00198699 0.000180636 0.0308887 0.0796604 0.0200506 0.000180636 0.53125 0.0254697 0.242233 0.000180636 
0.00193798 0.00193798 0.00193798 0.00193798 0.118217 0.0406977 0.00193798 0.00193798 0.00193798 0.0600775 0.00193798 0.00193798 0.00193798 0.757752 0.00193798 0.00193798 
0.000150921 0.305011 0.000150921 0.157108 0.000150921 0.00166013 0.0348627 0.000150921 0.000150921 0.122397 0.000150921 0.000150921 0.000150921 0.00769695 0.320103 0.0499547 
0.0183246 0.0008726 0.0008726 0.323735 0.0008726 0.0008726 0.0183246 0.0008726 0.297557 0.175393 0.0008726 0.0008726 0.0008726 0.123037 0.0183246 0.0183246 
0.0162037 0.000771605 0.000771605 0.448302 0.363426 0.000771605 0.000771605 0.000771605 0.000771605 0.000771605 0.124228 0.000771605 0.000771605 0.0393519 0.000771605 0.000771605 
0.00337838 0.00337838 0.00337838 0.00337838 0.00337838 0.00337838 0.0371622 0.0371622 0.476351 0.206081 0.0709459 0.00337838 0.00337838 0.10473 0.00337838 0.0371622 
0.00145773 0.00145773 0.00145773 0.00145773 0.00145773 0.00145773 0.00145773 0.263848 0.599125 0.00145773 0.118076 0.00145773 0.00145773 0.00145773 0.00145773 0.00145773 
0.00918047 0.000223914 0.000223914 0.00246305 0.000223914 0.000223914 0.0920287 0.000223914 0.000223914 0.000223914 0.000223914 0.481639 0.000223914 0.000223914 0.412226 0.000223914 
0.256162 0.000880282 0.000880282 0.000880282 0.000880282 0.000880282 0.000880282 0.000880282 0.414613 0.000880282 0.000880282 0.000880282 0.000880282 0.247359 0.0096831 0.0625 
0.000180963 0.000180963 0.000180963 0.000180963 0.000180963 0.000180963 0.000180963 0.000180963 0.559356 0.0598987 0.000180963 0.000180963 0.000180963 0.0454216 0.144951 0.188382 
0.000422654 0.000422654 0.000422654 0.034235 0.000422654 0.000422654 0.000422654 0.000422654 0.270921 0.000422654 0.000422654 0.0173288 0.672443 0.000422654 0.000422654 0.000422654 
0.526239 0.00145773 0.14723 0.00145773 0.00145773 0.00145773 0.00145773 0.00145773 0.0451895 0.00145773 0.00145773 0.00145773 0.0597668 0.190962 0.00145773 0.016035 
0.00162338 0.00162338 0.00162338 0.00162338 0.00162338 0.00162338 0.00162338 0.00162338 0.277597 0.00162338 0.0503247 0.00162338 0.212662 0.00162338 0.407468 0.0340909 
0.0774575 0.000257334 0.000257334 0.000257334 0.000257334 0.000257334 0.013124 0.000257334 0.437725 0.139218 0.000257334 0.0311374 0.234431 0.0105507 0.0542975 0.000257334 
0.0409061 0.000162973 0.000162973 0.000162973 0.000162973 0.000162973 0.01809 0.251141 0.0490548 0.159876 0.047425 0.000162973 0.0017927 0.215287 0.0360169 0.179433 
0.00862069 0.00862069 0.00862069 0.00862069 0.00862069 0.00862069 0.00862069 0.00862069 0.00862069 0.00862069 0.00862069 0.00862069 0.87069 0.00862069 0.00862069 0.00862069 
0.00118203 0.0130024 0.00118203 0.355792 0.00118203 0.00118203 0.00118203 0.00118203 0.0130024 0.00118203 0.00118203 0.00118203 0.29669 0.00118203 0.28487 0.0248227 
0.000721501 0.000721501 0.000721501 0.000721501 0.000721501 0.000721501 0.000721501 0.000721501 0.000721501 0.000721501 0.0584416 0.000721501 0.736652 0.0512266 0.145022 0.000721501 
0.0533981 0.0533981 0.00485437 0.00485437 0.00485437 0.00485437 0.00485437 0.00485437 0.296117 0.00485437 0.00485437 0.101942 0.34466 0.00485437 0.00485437 0.101942 
0.0034965 0.0034965 0.0384615 0.178322 0.0034965 0.0034965 0.0384615 0.0034965 0.702797 0.0034965 0.0034965 0.0034965 0.0034965 0.0034965 0.0034965 0.0034965 
0.000508647 0.000508647 0.000508647 0.117497 0.000508647 0.000508647 0.000508647 0.00559512 0.0208545 0.356562 0.000508647 0.000508647 0.483723 0.000508647 0.000508647 0.0106816 
0.00190114 0.00190114 0.039924 0.572243 0.00190114 0.00190114 0.00190114 0.00190114 0.363118 0.00190114 0.00190114 0.00190114 0.00190114 0.00190114 0.00190114 0.00190114 
0.60338 0.000123365 0.000123365 0.000123365 0.00382433 0.000123365 0.000123365 0.00135702 0.213546 0.0914138 0.0260301 0.00505798 0.000123365 0.0531705 0.00135702 0.000123365 
0.00115352 0.0368079 0.000104866 0.0137374 0.000104866 0.000104866 0.000104866 0.000104866 0.000104866 0.0200294 0.000104866 0.000104866 0.510801 0.125944 0.267513 0.0231753 
0.00280899 0.00280899 0.00280899 0.00280899 0.0308989 0.00280899 0.00280899 0.00280899 0.0589888 0.0870787 0.0589888 0.0308989 0.705056 0.00280899 0.00280899 0.00280899 
0.00894403 0.000288517 0.000288517 0.00605886 0.000288517 0.00317369 0.000288517 0.00605886 0.000288517 0.0724178 0.000288517 0.000288517 0.542701 0.000288517 0.352279 0.00605886 
0.809838 0.000169033 0.000169033 0.000169033 0.000169033 0.000169033 0.000169033 0.000169033 0.000169033 0.000169033 0.000169033 0.000169033 0.000169033 0.0796146 0.10835 0.000169033 
0.000133761 0.256956 0.000133761 0.0830658 0.000133761 0.000133761 0.000133761 0.000133761 0.0282236 0.163323 0.00280899 0.000133761 0.000133761 0.000133761 0.00147138 0.462948 
0.00176113 0.000160102 0.000160102 0.000160102 0.0465898 0.000160102 0.000160102 0.000160102 0.000160102 0.000160102 0.0834134 0.000160102 0.626161 0.0289785 0.209894 0.00176113 
0.00485437 0.00485437 0.00485437 0.00485437 0.00485437 0.00485437 0.0533981 0.00485437 0.538835 0.00485437 0.00485437 0.00485437 0.34466 0.00485437 0.00485437 0.00485437 
0.699074 0.00462963 0.00462963 0.00462963 0.143519 0.00462963 0.00462963 0.00462963 0.00462963 0.00462963 0.00462963 0.0509259 0.0509259 0.00462963 0.00462963 0.00462963 
0.000829187 0.000829187 0.000829187 0.0174129 0.000829187 0.000829187 0.00912106 0.000829187 0.000829187 0.116915 0.000829187 0.000829187 0.8466 0.000829187 0.000829187 0.000829187 
0.000194704 0.000194704 0.000194704 0.0586059 0.000194704 0.000194704 0.000194704 0.000194704 0.631036 0.000194704 0.000194704 0.000194704 0.000194704 0.00798287 0.245522 0.0547118 
0.000441306 0.000441306 0.000441306 0.000441306 0.000441306 0.0225066 0.309356 0.000441306 0.000441306 0.000441306 0.000441306 0.000441306 0.30053 0.000441306 0.362312 0.000441306 
0.0135316 0.000167056 0.000167056 0.0152021 0.000167056 0.000167056 0.000167056 0.000167056 0.224023 0.0686602 0.00350819 0.000167056 0.219011 0.0202138 0.138824 0.295857 
0.00337838 0.00337838 0.00337838 0.00337838 0.00337838 0.00337838 0.00337838 0.00337838 0.239865 0.00337838 0.00337838 0.00337838 0.712838 0.00337838 0.00337838 0.00337838 
0.0037594 0.0037594 0.0037594 0.116541 0.0037594 0.0037594 0.492481 0.0037594 0.0037594 0.0037594 0.0037594 0.0037594 0.154135 0.0789474 0.116541 0.0037594 
0.543011 0.00537634 0.00537634 0.00537634 0.00537634 0.00537634 0.00537634 0.00537634 0.327957 0.00537634 0.00537634 0.00537634 0.0591398 0.00537634 0.00537634 0.00537634 
0.00150768 0.000137061 0.000137061 0.00150768 0.000137061 0.000137061 0.000137061 0.307155 0.000137061 0.089227 0.0823739 0.00287829 0.253701 0.0426261 0.16187 0.0563322 
0.0034965 0.0034965 0.0034965 0.143357 0.0034965 0.0034965 0.0034965 0.0034965 0.0034965 0.0034965 0.0734266 0.0034965 0.0384615 0.458042 0.0034965 0.248252 
0.000956023 0.000956023 0.000956023 0.0105163 0.0105163 0.000956023 0.0391969 0.000956023 0.106119 0.106119 0.0105163 0.000956023 0.488528 0.000956023 0.0296367 0.192161 
0.00224215 0.00224215 0.00224215 0.248879 0.0246637 0.00224215 0.00224215 0.00224215 0.517937 0.00224215 0.00224215 0.00224215 0.0695067 0.00224215 0.0695067 0.0470852 
0.00297619 0.00297619 0.00297619 0.00297619 0.00297619 0.00297619 0.00297619 0.00297619 0.657738 0.00297619 0.00297619 0.00297619 0.00297619 0.00297619 0.00297619 0.300595 
0.000503525 0.000503525 0.000503525 0.000503525 0.000503525 0.000503525 0.00553877 0.000503525 0.695368 0.010574 0.000503525 0.0458207 0.000503525 0.000503525 0.23716 0.000503525 
0.00167785 0.00167785 0.00167785 0.169463 0.00167785 0.00167785 0.00167785 0.00167785 0.219799 0.00167785 0.00167785 0.00167785 0.588926 0.00167785 0.00167785 0.00167785 
0.00055991 0.00055991 0.00055991 0.0453527 0.00055991 0.162934 0.0677492 0.00055991 0.00055991 0.18533 0.00055991 0.00055991 0.0397536 0.0173572 0.241321 0.235722 
0.00442478 0.0486726 0.00442478 0.358407 0.00442478 0.00442478 0.00442478 0.137168 0.225664 0.00442478 0.00442478 0.00442478 0.00442478 0.00442478 0.00442478 0.181416 
0.00306748 0.00306748 0.00306748 0.187117 0.00306748 0.0337423 0.217791 0.00306748 0.0644172 0.00306748 0.00306748 0.00306748 0.432515 0.00306748 0.0337423 0.00306748 
0.000144383 0.000144383 0.000144383 0.000144383 0.000144383 0.000144383 0.00447589 0.000144383 0.000144383 0.0391279 0.000144383 0.000144383 0.618106 0.0203581 0.316344 0.000144383 
0.00510204 0.00510204 0.00510204 0.260204 0.00510204 0.0561224 0.00510204 0.00510204 0.00510204 0.00510204 0.00510204 0.00510204 0.311224 0.311224 0.00510204 0.00510204 
0.0914677 0.000175562 0.0194874 0.000175562 0.00719803 0.000175562 0.337254 0.000175562 0.0142205 0.000175562 0.000175562 0.000175562 0.0932233 0.0036868 0.374122 0.058111 
0.110024 0.00188809 0.00188809 0.0997254 0.000171644 0.00188809 0.000171644 0.0259183 0.309131 0.0242019 0.000171644 0.000171644 0.000171644 0.00703742 0.00532097 0.412118 
0.00406504 0.166667 0.00406504 0.00406504 0.776423 0.00406504 0.00406504 0.00406504 0.00406504 0.00406504 0.00406504 0.00406504 0.00406504 0.00406504 0.00406504 0.00406504 
0.486456 0.373589 0.0349887 0.00112867 0.0801354 0.0124153 0.00112867 0.00112867 0.00112867 0.00112867 0.00112867 0.00112867 0.00112867 0.00112867 0.00112867 0.00112867 
0.00234742 0.0258216 0.00234742 0.00234742 0.284038 0.00234742 0.143192 0.00234742 0.00234742 0.00234742 0.0258216 0.00234742 0.448357 0.0492958 0.00234742 0.00234742 
0.287975 0.31962 0.193038 0.00316456 0.00316456 0.0664557 0.0348101 0.00316456 0.00316456 0.00316456 0.00316456 0.00316456 0.00316456 0.0348101 0.0348101 0.00316456 
0.00246305 0.00246305 0.00246305 0.00246305 0.0763547 0.0517241 0.199507 0.00246305 0.00246305 0.0270936 0.00246305 0.00246305 0.00246305 0.0270936 0.00246305 0.593596 
0.026343 0.000516529 0.0108471 0.253616 0.000516529 0.000516529 0.155475 0.000516529 0.098657 0.0934917 0.170971 0.000516529 0.000516529 0.186467 0.000516529 0.000516529 
0.00510204 0.00510204 0.00510204 0.00510204 0.00510204 0.00510204 0.00510204 0.00510204 0.668367 0.00510204 0.00510204 0.00510204 0.00510204 0.00510204 0.00510204 0.260204 
0.00326797 0.00326797 0.00326797 0.00326797 0.00326797 0.00326797 0.00326797 0.0359477 0.00326797 0.00326797 0.00326797 0.00326797 0.820261 0.00326797 0.101307 0.00326797 
0.0517241 0.00246305 0.00246305 0.00246305 0.00246305 0.00246305 0.00246305 0.00246305 0.00246305 0.224138 0.00246305 0.150246 0.0270936 0.421182 0.100985 0.00246305 
0.449885 0.000576037 0.000576037 0.000576037 0.000576037 0.000576037 0.000576037 0.000576037 0.398041 0.0639401 0.000576037 0.000576037 0.000576037 0.0697005 0.000576037 0.0120968 
0.00229358 0.00229358 0.598624 0.0481651 0.00229358 0.139908 0.00229358 0.0481651 0.0252294 0.00229358 0.00229358 0.00229358 0.116972 0.00229358 0.00229358 0.00229358 
0.00362319 0.00362319 0.00362319 0.00362319 0.0398551 0.00362319 0.00362319 0.00362319 0.00362319 0.00362319 0.00362319 0.00362319 0.184783 0.32971 0.00362319 0.402174 
0.000144383 0.000144383 0.000144383 0.000144383 0.00158822 0.00303205 0.000144383 0.000144383 0.000144383 0.000144383 0.609443 0.000144383 0.000144383 0.000144383 0.143084 0.241265 
0.000659631 0.000659631 0.000659631 0.0138522 0.000659631 0.000659631 0.000659631 0.000659631 0.937335 0.0402375 0.000659631 0.000659631 0.000659631 0.000659631 0.000659631 0.000659631 
0.0466102 0.00423729 0.00423729 0.00423729 0.00423729 0.00423729 0.0466102 0.00423729 0.131356 0.00423729 0.0466102 0.00423729 0.512712 0.173729 0.00423729 0.00423729 
0.0180103 0.000857633 0.000857633 0.11235 0.163808 0.000857633 0.138079 0.00943396 0.000857633 0.172384 0.000857633 0.000857633 0.000857633 0.20669 0.00943396 0.163808 
0.00462963 0.00462963 0.00462963 0.00462963 0.00462963 0.0509259 0.00462963 0.0509259 0.837963 0.00462963 0.00462963 0.00462963 0.00462963 0.00462963 0.00462963 0.00462963 
0.00192106 0.00716032 0.014146 0.0211317 0.00192106 0.00192106 0.0298638 0.183549 0.000174642 0.000174642 0.000174642 0.000174642 0.337234 0.068285 0.291827 0.0403423 
0.852941 0.00326797 0.00326797 0.00326797 0.00326797 0.00326797 0.00326797 0.00326797 0.00326797 0.00326797 0.00326797 0.00326797 0.0686275 0.00326797 0.0359477 0.00326797 
0.00234742 0.00234742 0.00234742 0.63615 0.00234742 0.0258216 0.00234742 0.00234742 0.0258216 0.00234742 0.00234742 0.00234742 0.190141 0.00234742 0.00234742 0.0962441 
0.000686813 0.000686813 0.0350275 0.000686813 0.000686813 0.000686813 0.000686813 0.000686813 0.742445 0.0350275 0.000686813 0.000686813 0.000686813 0.179258 0.000686813 0.000686813 
9.61908e-05 9.61908e-05 9.61908e-05 0.0376106 9.61908e-05 9.61908e-05 0.0164486 9.61908e-05 0.48586 0.222297 9.61908e-05 9.61908e-05 0.0606964 0.033763 0.136687 0.00586764 
0.000178063 0.000178063 0.000178063 0.0553775 0.000178063 0.000178063 0.000178063 0.000178063 0.000178063 0.101674 0.557514 0.000178063 0.000178063 0.000178063 0.283298 0.000178063 
0.000373692 0.0190583 0.000373692 0.000373692 0.000373692 0.000373692 0.0302691 0.000373692 0.306801 0.101271 0.000373692 0.000373692 0.000373692 0.448804 0.0900598 0.000373692 
0.00122549 0.00122549 0.00122549 0.356618 0.00122549 0.00122549 0.160539 0.0134804 0.00122549 0.00122549 0.00122549 0.00122549 0.148284 0.258578 0.00122549 0.0502451 
0.00406504 0.00406504 0.00406504 0.00406504 0.00406504 0.00406504 0.00406504 0.00406504 0.00406504 0.00406504 0.00406504 0.00406504 0.939024 0.00406504 0.00406504 0.00406504 
0.00316456 0.00316456 0.00316456 0.0981013 0.00316456 0.00316456 0.00316456 0.00316456 0.794304 0.0664557 0.00316456 0.00316456 0.00316456 0.00316456 0.00316456 0.00316456 
0.000154178 0.000154178 0.0124884 0.000154178 0.000154178 0.00632131 0.000154178 0.037157 0.424144 0.118871 0.0572001 0.000154178 0.0417823 0.000154178 0.00786309 0.293093 
0.00234742 0.00234742 0.00234742 0.00234742 0.00234742 0.00234742 0.00234742 0.07277 0.00234742 0.00234742 0.00234742 0.00234742 0.448357 0.190141 0.00234742 0.260563 
0.000566251 0.0175538 0.000566251 0.136467 0.000566251 0.0118913 0.000566251 0.000566251 0.340317 0.147792 0.0175538 0.000566251 0.32333 0.000566251 0.000566251 0.000566251 
0.00059312 0.00059312 0.00059312 0.00059312 0.00059312 0.00059312 0.00652432 0.0124555 0.125148 0.00059312 0.00059312 0.119217 0.0836299 0.647094 0.00059312 0.00059312 
0.00297619 0.00297619 0.0327381 0.00297619 0.00297619 0.00297619 0.00297619 0.0327381 0.00297619 0.0922619 0.00297619 0.00297619 0.00297619 0.00297619 0.00297619 0.806548 
0.000176491 0.00723615 0.000176491 0.0019414 0.000176491 0.000176491 0.00370632 0.557889 0.00723615 0.00723615 0.000176491 0.000176491 0.00370632 0.148429 0.0990116 0.162549 
0.156442 0.187117 0.00306748 0.00306748 0.00306748 0.00306748 0.00306748 0.00306748 0.0337423 0.00306748 0.00306748 0.00306748 0.58589 0.00306748 0.00306748 0.00306748 
0.00121065 0.00121065 0.00121065 0.00121065 0.00121065 0.00121065 0.00121065 0.00121065 0.582324 0.00121065 0.00121065 0.00121065 0.400726 0.00121065 0.00121065 0.00121065 
0.0195216 0.000175871 0.00193458 0.0265565 0.000175871 0.00193458 0.000175871 0.000175871 0.000175871 0.0107281 0.3484 0.000175871 0.0371087 0.204186 0.207703 0.140872 
0.00337838 0.0709459 0.00337838 0.00337838 0.00337838 0.00337838 0.00337838 0.00337838 0.00337838 0.00337838 0.611486 0.00337838 0.00337838 0.00337838 0.273649 0.00337838 
0.000802568 0.000802568 0.000802568 0.000802568 0.000802568 0.000802568 0.0248796 0.000802568 0.000802568 0.185393 0.000802568 0.000802568 0.000802568 0.26565 0.000802568 0.514446 
0.000252143 0.000252143 0.000252143 0.310388 0.000252143 0.000252143 0.000252143 0.000252143 0.322995 0.000252143 0.000252143 0.0204236 0.0305093 0.00277358 0.310388 0.000252143 
0.398364 0.00116822 0.0128505 0.00116822 0.00116822 0.00116822 0.00116822 0.00116822 0.00116822 0.0128505 0.00116822 0.00116822 0.538551 0.00116822 0.0245327 0.00116822 
0.00362319 0.00362319 0.00362319 0.00362319 0.0398551 0.112319 0.00362319 0.00362319 0.00362319 0.474638 0.00362319 0.00362319 0.32971 0.00362319 0.00362319 0.00362319 
0.0103143 0.000491159 0.000491159 0.0152259 0.000491159 0.000491159 0.000491159 0.000491159 0.000491159 0.000491159 0.000491159 0.747053 0.000491159 0.221513 0.000491159 0.000491159 
0.000622665 0.000622665 0.000622665 0.000622665 0.000622665 0.000622665 0.000622665 0.0940224 0.199875 0.131382 0.000622665 0.0504359 0.324408 0.000622665 0.168742 0.0255293 
0.00462963 0.00462963 0.00462963 0.467593 0.00462963 0.00462963 0.00462963 0.00462963 0.189815 0.00462963 0.00462963 0.0972222 0.00462963 0.00462963 0.189815 0.00462963 
0.00083612 0.00083612 0.00083612 0.0510033 0.00919732 0.0259197 0.00083612 0.00083612 0.00083612 0.00083612 0.00083612 0.00083612 0.535953 0.00083612 0.16806 0.201505 
0.0015015 0.0015015 0.0015015 0.0015015 0.0765766 0.0015015 0.0015015 0.0015015 0.0015015 0.0015015 0.0015015 0.0165165 0.0615616 0.827327 0.0015015 0.0015015 
0.000215239 0.000215239 0.000215239 0.0497202 0.000215239 0.000215239 0.00236763 0.663151 0.000215239 0.000215239 0.000215239 0.000215239 0.0088248 0.000215239 0.178864 0.0949204 
0.0969582 0.0209125 0.00190114 0.00190114 0.00190114 0.00190114 0.00190114 0.00190114 0.344106 0.0209125 0.00190114 0.00190114 0.00190114 0.287072 0.192015 0.0209125 
0.12096 0.106268 0.000163239 0.0181195 0.000163239 0.000163239 0.024649 0.000163239 0.0230167 0.0703559 0.463761 0.00342801 0.00342801 0.0377081 0.0850473 0.0426053 
0.000257334 0.000257334 0.000257334 0.000257334 0.000257334 0.000257334 0.375965 0.000257334 0.000257334 0.000257334 0.000257334 0.000257334 0.118631 0.0182707 0.481472 0.00283067 
0.000221435 0.000221435 0.000221435 0.0821523 0.000221435 0.000221435 0.000221435 0.00243578 0.124225 0.0511515 0.000221435 0.000221435 0.000221435 0.511736 0.0887954 0.137511 
0.000119674 0.000119674 0.000119674 0.0132839 0.00730014 0.0120871 0.00131642 0.0061034 0.381881 0.348372 0.000119674 0.000119674 0.000119674 0.0228578 0.10304 0.10304 
0.000109697 0.000109697 0.000109697 0.000109697 0.000109697 0.000109697 0.000109697 0.000109697 0.302874 0.0176613 0.000109697 0.000109697 0.000109697 0.164656 0.307262 0.206341 
0.000144592 0.000144592 0.000144592 0.0073742 0.000144592 0.000144592 0.000144592 0.0464141 0.378976 0.00448236 0.0073742 0.000144592 0.000144592 0.0753326 0.251735 0.227154 
0.0254237 0.00121065 0.00121065 0.00121065 0.00121065 0.00121065 0.0133172 0.497579 0.0254237 0.00121065 0.00121065 0.00121065 0.0254237 0.400726 0.00121065 0.00121065 
0.000165673 0.00347913 0.000165673 0.0796885 0.000165673 0.000165673 0.000165673 0.000165673 0.57505 0.000165673 0.000165673 0.000165673 0.0018224 0.104539 0.233764 0.000165673 
0.0327841 0.00360453 0.0259183 0.000171644 0.000171644 0.00532097 0.000171644 0.000171644 0.000171644 0.000171644 0.000171644 0.000171644 0.727944 0.0602472 0.142636 0.000171644 
0.572011 0.0013587 0.0013587 0.0013587 0.0964674 0.0013587 0.0013587 0.0013587 0.0149457 0.0013587 0.191576 0.0013587 0.0828804 0.0149457 0.0013587 0.0149457 
0.000912409 0.000912409 0.000912409 0.229015 0.000912409 0.0100365 0.000912409 0.000912409 0.447993 0.000912409 0.000912409 0.000912409 0.219891 0.000912409 0.000912409 0.0830292 
0.000138007 0.000138007 0.0235992 0.00289815 0.00151808 0.000138007 0.00289815 0.324455 0.000138007 0.150566 0.000138007 0.0111786 0.0995032 0.143665 0.198868 0.0401601 
0.000121418 0.00254978 0.000121418 0.131253 0.000121418 0.000121418 0.000121418 0.252671 0.000121418 0.0547596 0.000121418 0.000121418 0.000121418 0.292739 0.264813 0.000121418 
0.000191718 0.000191718 0.000191718 0.120974 0.000191718 0.0021089 0.000191718 0.0021089 0.35487 0.000191718 0.000191718 0.0116948 0.147814 0.000191718 0.287768 0.0711273 
0.0375541 0.120134 0.000196618 0.120134 0.000196618 0.000196618 0.000196618 0.0021628 0.159457 0.0847424 0.0434526 0.00806134 0.0926072 0.0709792 0.192882 0.0670468 
0.000192456 0.000192456 0.000192456 0.0117398 0.00211701 0.000192456 0.0136644 0.26963 0.000192456 0.0329099 0.00211701 0.000192456 0.00211701 0.119515 0.233064 0.311971 
0.0442765 0.00107991 0.00107991 0.206263 0.00107991 0.00107991 0.011879 0.00107991 0.508639 0.217063 0.00107991 0.00107991 0.00107991 0.00107991 0.00107991 0.00107991 
0.000701262 0.000701262 0.000701262 0.21108 0.000701262 0.000701262 0.000701262 0.000701262 0.715989 0.000701262 0.000701262 0.000701262 0.00771388 0.000701262 0.0568022 0.000701262 
0.83404 0.000706215 0.0218927 0.000706215 0.000706215 0.000706215 0.00776836 0.000706215 0.000706215 0.000706215 0.000706215 0.000706215 0.0783898 0.000706215 0.0501412 0.000706215 
0.0153149 0.000215703 0.0066868 0.000215703 0.017472 0.0929681 0.000215703 0.0239431 0.000215703 0.20082 0.466135 0.0498274 0.000215703 0.00237274 0.118852 0.00452977 
0.000137627 0.000137627 0.000137627 0.00289017 0.000137627 0.0015139 0.0015139 0.000137627 0.000137627 0.115745 0.037297 0.000137627 0.000137627 0.000137627 0.651115 0.188687 
0.0614939 0.000321958 0.0486156 0.000321958 0.000321958 0.000321958 0.00354153 0.000321958 0.660335 0.0743722 0.000321958 0.000321958 0.000321958 0.0647135 0.0132003 0.0711526 
0.00280899 0.00280899 0.00280899 0.00280899 0.00280899 0.00280899 0.00280899 0.0308989 0.00280899 0.00280899 0.0589888 0.255618 0.536517 0.00280899 0.00280899 0.0870787 
0.0037594 0.0037594 0.0037594 0.0037594 0.0037594 0.0037594 0.0037594 0.0037594 0.530075 0.0037594 0.0037594 0.0037594 0.0037594 0.0037594 0.0037594 0.417293 
0.0236052 0.0236052 0.00214592 0.00214592 0.00214592 0.00214592 0.45279 0.00214592 0.00214592 0.17382 0.0236052 0.0665236 0.216738 0.00214592 0.00214592 0.00214592 
0.000165673 0.000165673 0.000165673 0.000165673 0.000165673 0.000165673 0.0134195 0.40275 0.000165673 0.12939 0.000165673 0.000165673 0.000165673 0.107853 0.169152 0.175779 
0.000142328 0.000142328 0.000142328 0.000142328 0.000142328 0.000142328 0.000142328 0.000142328 0.000142328 0.00156561 0.000142328 0.000142328 0.000142328 0.000142328 0.996442 0.000142328 
0.00924961 0.000130276 0.000130276 0.000130276 0.000130276 0.000130276 0.000130276 0.0027358 0.000130276 0.155159 0.00143304 0.000130276 0.535565 0.0704794 0.0874153 0.13692 
0.000160359 0.000160359 0.000160359 0.000160359 0.000160359 0.000160359 0.000160359 0.000160359 0.000160359 0.000160359 0.000160359 0.00176395 0.000160359 0.000160359 0.445959 0.550192 
0.00019857 0.00019857 0.00019857 0.00416998 0.623709 0.00019857 0.00019857 0.00019857 0.00019857 0.194797 0.00019857 0.00019857 0.00019857 0.00019857 0.123312 0.0518268 
0.000169319 0.000169319 0.000169319 0.000169319 0.000169319 0.000169319 0.000169319 0.0187944 0.470877 0.084829 0.000169319 0.000169319 0.113613 0.19658 0.101761 0.0120217 
0.364407 0.376513 0.00121065 0.0738499 0.00121065 0.00121065 0.00121065 0.0133172 0.00121065 0.00121065 0.00121065 0.0738499 0.0496368 0.0254237 0.00121065 0.0133172 
0.00124069 0.00124069 0.00124069 0.373449 0.212159 0.00124069 0.0756824 0.00124069 0.0260546 0.0260546 0.00124069 0.00124069 0.274194 0.00124069 0.00124069 0.00124069 
0.000133583 0.000133583 0.00146941 0.000133583 0.354128 0.00146941 0.000133583 0.000133583 0.000133583 0.0522308 0.000133583 0.000133583 0.000133583 0.0375367 0.4463 0.105664 
0.00442478 0.00442478 0.00442478 0.00442478 0.00442478 0.00442478 0.137168 0.00442478 0.00442478 0.00442478 0.00442478 0.00442478 0.00442478 0.0929204 0.00442478 0.712389 
0.000984252 0.000984252 0.000984252 0.13878 0.000984252 0.000984252 0.000984252 0.0600394 0.000984252 0.000984252 0.000984252 0.0206693 0.41437 0.000984252 0.355315 0.000984252 
0.00119617 0.00119617 0.0610048 0.288278 0.132775 0.0131579 0.00119617 0.00119617 0.132775 0.00119617 0.00119617 0.00119617 0.360048 0.00119617 0.00119617 0.00119617 
0.0389447 0.0138191 0.00125628 0.23995 0.0263819 0.00125628 0.00125628 0.00125628 0.202261 0.00125628 0.00125628 0.00125628 0.453518 0.0138191 0.00125628 0.00125628 
0.00111607 0.00111607 0.00111607 0.302455 0.00111607 0.00111607 0.00111607 0.00111607 0.447545 0.146205 0.00111607 0.00111607 0.0792411 0.0122768 0.00111607 0.00111607 
0.221311 0.00273224 0.00273224 0.193989 0.00273224 0.00273224 0.00273224 0.00273224 0.275956 0.057377 0.00273224 0.00273224 0.057377 0.00273224 0.00273224 0.166667 
0.000626566 0.000626566 0.000626566 0.157268 0.163534 0.000626566 0.0883459 0.000626566 0.000626566 0.000626566 0.000626566 0.000626566 0.0883459 0.495614 0.000626566 0.000626566 
0.0136805 0.000441306 0.000441306 0.000441306 0.000441306 0.000441306 0.0710503 0.000441306 0.048985 0.132833 0.000441306 0.000441306 0.415269 0.282877 0.000441306 0.0313327 
0.000145433 0.00596277 0.000145433 0.000145433 0.000145433 0.000145433 0.000145433 0.000145433 0.366638 0.0321408 0.000145433 0.00596277 0.131035 0.122309 0.334642 0.000145433 
0.000216638 0.000216638 0.0110485 0.000216638 0.000216638 0.00238302 0.000216638 0.000216638 0.000216638 0.000216638 0.000216638 0.000216638 0.000216638 0.0370451 0.816941 0.130199 
0.235964 0.00291314 0.000264831 0.0479343 0.00820975 0.000264831 0.000264831 0.000264831 0.537871 0.000264831 0.000264831 0.000264831 0.000264831 0.045286 0.119439 0.000264831 
0.000295334 0.000295334 0.000295334 0.000295334 0.00620201 0.000295334 0.000295334 0.000295334 0.552569 0.000295334 0.000295334 0.000295334 0.254282 0.000295334 0.183402 0.000295334 
0.0535357 0.00517011 0.0418612 0.0768846 0.000166778 0.000166778 0.000166778 0.000166778 0.505504 0.000166778 0.0685457 0.0101734 0.000166778 0.0852235 0.148599 0.00350233 
0.0205224 0.00186567 0.00186567 0.00186567 0.00186567 0.0205224 0.00186567 0.00186567 0.561567 0.0391791 0.0391791 0.00186567 0.113806 0.00186567 0.188433 0.00186567 
0.000417362 0.000417362 0.000417362 0.113105 0.000417362 0.000417362 0.000417362 0.0880634 0.000417362 0.000417362 0.000417362 0.000417362 0.288397 0.250835 0.184057 0.0713689 
0.000651042 0.000651042 0.000651042 0.130859 0.000651042 0.000651042 0.000651042 0.000651042 0.645182 0.000651042 0.000651042 0.000651042 0.000651042 0.000651042 0.000651042 0.215495 
0.0043036 0.0043036 0.0121283 0.39554 0.266432 0.000391236 0.000391236 0.000391236 0.000391236 0.0708138 0.000391236 0.000391236 0.000391236 0.000391236 0.242958 0.000391236 
0.629105 0.000566251 0.000566251 0.000566251 0.000566251 0.0288788 0.000566251 0.000566251 0.000566251 0.32333 0.000566251 0.000566251 0.000566251 0.000566251 0.000566251 0.0118913 
0.143661 0.00018162 0.0110788 0.0564838 0.00018162 0.00018162 0.00018162 0.00018162 0.465129 0.105521 0.00018162 0.00018162 0.0419542 0.00563022 0.00018162 0.169088 
0.233193 0.0441176 0.00210084 0.27521 0.00210084 0.00210084 0.00210084 0.00210084 0.00210084 0.00210084 0.0441176 0.00210084 0.380252 0.00210084 0.00210084 0.00210084 
0.00029274 0.00029274 0.360363 0.00029274 0.00029274 0.00029274 0.237412 0.00029274 0.00029274 0.00029274 0.00322014 0.00029274 0.0881148 0.00029274 0.187646 0.120316 
0.0001343 0.0189363 0.0014773 0.0256514 0.0001343 0.0001343 0.0014773 0.0001343 0.0296804 0.161295 0.00819232 0.0001343 0.0001343 0.0457964 0.0001343 0.706554 
0.0182137 6.05107e-05 6.05107e-05 0.0472589 6.05107e-05 6.05107e-05 0.000665618 0.000665618 6.05107e-05 0.142866 0.50593 6.05107e-05 0.0194239 0.0563355 0.208217 6.05107e-05 
0.000222916 0.000222916 0.417075 0.000222916 0.00691039 0.000222916 0.000222916 0.000222916 0.000222916 0.000222916 0.000222916 0.000222916 0.000222916 0.000222916 0.185243 0.388096 
0.000586166 0.000586166 0.000586166 0.111958 0.000586166 0.00644783 0.000586166 0.188159 0.235053 0.000586166 0.000586166 0.000586166 0.141266 0.123681 0.000586166 0.188159 
0.00326797 0.00326797 0.656863 0.00326797 0.00326797 0.00326797 0.00326797 0.00326797 0.00326797 0.00326797 0.00326797 0.0359477 0.00326797 0.232026 0.0359477 0.00326797 
0.123157 0.000307125 0.000307125 0.0893735 0.000307125 0.000307125 0.00337838 0.000307125 0.464066 0.00337838 0.000307125 0.000307125 0.000307125 0.126229 0.184582 0.00337838 
0.000175871 0.000175871 0.000175871 0.508442 0.000175871 0.000175871 0.00545199 0.000175871 0.202427 0.0283152 0.000175871 0.000175871 0.000175871 0.109216 0.135596 0.0089694 
0.00137741 0.00137741 0.00137741 0.0426997 0.00137741 0.00137741 0.084022 0.00137741 0.483471 0.00137741 0.00137741 0.00137741 0.290634 0.084022 0.00137741 0.00137741 
0.000201369 0.0465163 0.000201369 0.211639 0.000201369 0.0706806 0.000201369 0.000201369 0.000201369 0.139146 0.000201369 0.000201369 0.000201369 0.521748 0.00825614 0.000201369 
0.000556793 0.00612472 0.000556793 0.000556793 0.000556793 0.000556793 0.00612472 0.0283964 0.713252 0.000556793 0.000556793 0.000556793 0.000556793 0.0339644 0.20657 0.000556793 
0.0348186 0.00280149 0.0161419 0.112193 0.000133404 0.0294824 0.000133404 0.0441569 0.000133404 0.157551 0.309632 0.000133404 0.0294824 0.0895144 0.000133404 0.173559 
0.000170765 0.000170765 0.000170765 0.000170765 0.00187842 0.00870902 0.000170765 0.000170765 0.526127 0.106045 0.0104167 0.000170765 0.100922 0.0838456 0.0838456 0.077015 
0.000108155 0.000108155 0.00984209 0.0055159 0.000108155 0.297534 0.02931 0.00227125 0.000108155 0.512762 0.00227125 0.000108155 0.000108155 0.0260653 0.113671 0.000108155 
0.000144802 0.000144802 0.000144802 0.000144802 0.000144802 0.000144802 0.000144802 0.000144802 0.000144802 0.000144802 0.000144802 0.000144802 0.000144802 0.000144802 0.997828 0.000144802 
0.0504979 0.000711238 0.000711238 0.000711238 0.000711238 0.192745 0.157183 0.000711238 0.000711238 0.171408 0.0220484 0.121622 0.000711238 0.000711238 0.157183 0.121622 
0.0561224 0.00510204 0.00510204 0.0561224 0.00510204 0.464286 0.00510204 0.00510204 0.00510204 0.260204 0.00510204 0.00510204 0.00510204 0.00510204 0.00510204 0.107143 
0.0171594 0.00186884 0.000169895 0.0358478 0.000169895 0.000169895 0.000169895 0.314475 0.105505 0.00186884 0.000169895 0.000169895 0.000169895 0.000169895 0.180258 0.341658 
0.000123671 0.000123671 0.000123671 0.236334 0.510883 0.00136038 0.0298046 0.000123671 0.0063072 0.000123671 0.000123671 0.000123671 0.000123671 0.0298046 0.184393 0.000123671 
0.00943396 0.00943396 0.00943396 0.00943396 0.00943396 0.858491 0.00943396 0.00943396 0.00943396 0.00943396 0.00943396 0.00943396 0.00943396 0.00943396 0.00943396 0.00943396 
0.00462963 0.0509259 0.00462963 0.00462963 0.00462963 0.652778 0.00462963 0.00462963 0.00462963 0.189815 0.00462963 0.00462963 0.0509259 0.00462963 0.00462963 0.00462963 
0.00326797 0.00326797 0.00326797 0.0359477 0.00326797 0.591503 0.00326797 0.00326797 0.00326797 0.330065 0.00326797 0.00326797 0.00326797 0.00326797 0.00326797 0.00326797 
0.000400641 0.000400641 0.0284455 0.000400641 0.733574 0.000400641 0.000400641 0.000400641 0.000400641 0.0204327 0.00440705 0.0124199 0.0124199 0.0124199 0.172676 0.000400641 
0.000165948 0.00182542 0.0748423 0.169432 0.000165948 0.649021 0.000165948 0.000165948 0.000165948 0.0466313 0.000165948 0.000165948 0.000165948 0.0532692 0.0034849 0.000165948 
0.00462963 0.00462963 0.00462963 0.00462963 0.00462963 0.00462963 0.00462963 0.00462963 0.00462963 0.00462963 0.00462963 0.00462963 0.00462963 0.0509259 0.00462963 0.884259 
0.000138007 0.000138007 0.00565829 0.0926028 0.000138007 0.000138007 0.00151808 0.00703837 0.357577 0.000138007 0.000138007 0.000138007 0.000138007 0.000138007 0.107784 0.42658 
0.129747 0.0348101 0.00316456 0.161392 0.00316456 0.446203 0.00316456 0.00316456 0.0348101 0.00316456 0.00316456 0.0348101 0.129747 0.00316456 0.00316456 0.00316456 
0.00326797 0.00326797 0.00326797 0.00326797 0.00326797 0.493464 0.101307 0.00326797 0.0359477 0.0359477 0.00326797 0.0686275 0.00326797 0.00326797 0.00326797 0.232026 
0.00537634 0.00537634 0.00537634 0.112903 0.00537634 0.704301 0.00537634 0.00537634 0.00537634 0.00537634 0.00537634 0.112903 0.00537634 0.00537634 0.00537634 0.00537634 
0.00316456 0.00316456 0.00316456 0.00316456 0.00316456 0.509494 0.00316456 0.00316456 0.00316456 0.00316456 0.351266 0.00316456 0.00316456 0.00316456 0.0981013 0.00316456 
0.219568 0.010144 0.000327225 0.0134162 0.000327225 0.451898 0.137762 0.000327225 0.000327225 0.00359948 0.000327225 0.000327225 0.000327225 0.000327225 0.160668 0.000327225 
0.0717192 0.0615463 0.000508647 0.178535 0.000508647 0.468464 0.000508647 0.000508647 0.0412004 0.112411 0.000508647 0.00559512 0.000508647 0.000508647 0.0462869 0.0106816 
0.00289017 0.00289017 0.00289017 0.320809 0.00289017 0.465318 0.00289017 0.00289017 0.00289017 0.00289017 0.00289017 0.00289017 0.00289017 0.00289017 0.176301 0.00289017 
6.04741e-05 0.697932 6.04741e-05 6.04741e-05 6.04741e-05 6.04741e-05 6.04741e-05 6.04741e-05 6.04741e-05 0.000665215 6.04741e-05 6.04741e-05 6.04741e-05 6.04741e-05 0.300012 0.000665215 
0.00214592 0.17382 0.00214592 0.495708 0.00214592 0.302575 0.00214592 0.00214592 0.00214592 0.00214592 0.00214592 0.00214592 0.00214592 0.00214592 0.00214592 0.00214592 
0.0487262 0.0325516 0.000202184 0.0547918 0.000202184 0.0770319 0.000202184 0.000202184 0.000202184 0.000202184 0.568338 0.000202184 0.000202184 0.000202184 0.198342 0.0183987 
0.10473 0.0371622 0.00337838 0.0371622 0.00337838 0.476351 0.00337838 0.00337838 0.00337838 0.00337838 0.307432 0.00337838 0.00337838 0.00337838 0.00337838 0.00337838 
0.0723625 0.108431 0.00247971 0.00698828 0.000225428 0.735122 0.000225428 0.000225428 0.000225428 0.000225428 0.000225428 0.000225428 0.000225428 0.000225428 0.0723625 0.000225428 
0.301471 0.0808824 0.00735294 0.00735294 0.0808824 0.448529 0.00735294 0.00735294 0.00735294 0.00735294 0.00735294 0.00735294 0.00735294 0.00735294 0.00735294 0.00735294 
0.82564 0.000126807 0.00139488 0.00266295 0.000126807 0.000126807 0.000126807 0.000126807 0.000126807 0.16878 0.000126807 0.000126807 0.000126807 0.000126807 0.000126807 0.000126807 
0.00165017 0.0346535 0.00165017 0.19967 0.166667 0.0841584 0.00165017 0.00165017 0.265677 0.00165017 0.0511551 0.00165017 0.00165017 0.00165017 0.183168 0.00165017 
0.00485437 0.00485437 0.00485437 0.296117 0.00485437 0.00485437 0.00485437 0.00485437 0.00485437 0.00485437 0.150485 0.00485437 0.00485437 0.00485437 0.00485437 0.490291 
0.00297619 0.00297619 0.00297619 0.00297619 0.00297619 0.00297619 0.00297619 0.0327381 0.181548 0.00297619 0.53869 0.00297619 0.21131 0.00297619 0.00297619 0.00297619 
0.915541 0.00337838 0.00337838 0.0371622 0.00337838 0.00337838 0.00337838 0.00337838 0.00337838 0.00337838 0.00337838 0.00337838 0.00337838 0.00337838 0.00337838 0.00337838 
0.00537634 0.00537634 0.00537634 0.00537634 0.0591398 0.489247 0.00537634 0.00537634 0.00537634 0.00537634 0.00537634 0.00537634 0.00537634 0.00537634 0.38172 0.00537634 
0.32643 0.000183284 0.000183284 0.11382 0.0661657 0.407075 0.000183284 0.000183284 0.000183284 0.027676 0.00384897 0.000183284 0.000183284 0.000183284 0.0533358 0.000183284 
0.746622 0.00337838 0.00337838 0.00337838 0.00337838 0.172297 0.00337838 0.00337838 0.00337838 0.0371622 0.00337838 0.00337838 0.00337838 0.00337838 0.00337838 0.00337838 
0.00862069 0.00862069 0.00862069 0.00862069 0.00862069 0.612069 0.00862069 0.00862069 0.00862069 0.267241 0.00862069 0.00862069 0.00862069 0.00862069 0.00862069 0.00862069 
0.00641026 0.262821 0.00641026 0.00641026 0.00641026 0.583333 0.00641026 0.00641026 0.00641026 0.00641026 0.00641026 0.00641026 0.0705128 0.00641026 0.00641026 0.00641026 
0.0734266 0.0034965 0.0034965 0.0034965 0.0034965 0.807692 0.0034965 0.0034965 0.0034965 0.0034965 0.0034965 0.0034965 0.0034965 0.0034965 0.0384615 0.0384615 
0.0486726 0.00442478 0.00442478 0.0929204 0.00442478 0.49115 0.00442478 0.00442478 0.00442478 0.0929204 0.00442478 0.00442478 0.00442478 0.00442478 0.225664 0.00442478 
0.0034965 0.0034965 0.0034965 0.0034965 0.0034965 0.143357 0.0384615 0.0034965 0.0034965 0.248252 0.0384615 0.108392 0.0034965 0.0034965 0.388112 0.0034965 
0.000144802 0.000144802 0.000144802 0.000144802 0.000144802 0.115986 0.415725 0.000144802 0.0377932 0.0305531 0.000144802 0.000144802 0.000144802 0.104402 0.157979 0.136258 
