0.011583 0.003861 0.0162162 0.000772201 0.0100386 0.400772 0.383784 0.000772201 0.00694981 0.003861 0.000772201 0.110425 0.000772201 0.0023166 0.0471042 
0.00775194 0.00775194 0.178295 0.00775194 0.00775194 0.116279 0.348837 0.116279 0.00775194 0.0542636 0.0232558 0.0232558 0.00775194 0.0697674 0.0232558 
0.290452 0.00100503 0.167839 0.258291 0.0150754 0.00301508 0.21005 0.0231156 0.00502513 0.00100503 0.00904523 0.00100503 0.00502513 0.00904523 0.00100503 
0.164835 0.0549451 0.0989011 0.010989 0.0989011 0.010989 0.0989011 0.010989 0.010989 0.010989 0.032967 0.010989 0.010989 0.032967 0.340659 
0.0909091 0.010101 0.0909091 0.0505051 0.030303 0.010101 0.0707071 0.010101 0.030303 0.0909091 0.010101 0.010101 0.0505051 0.0505051 0.393939 
0.0624688 0.00249875 0.00049975 0.00049975 0.00049975 0.430285 0.4003 0.0464768 0.00149925 0.00049975 0.00449775 0.00149925 0.00049975 0.0464768 0.00149925 
0.194063 0.000549753 0.0654206 0.00494777 0.00714678 0.297416 0.295217 0.0269379 0.000549753 0.00384827 0.00384827 0.00164926 0.000549753 0.0973062 0.000549753 
0.0449796 0.00227169 0.0731486 0.00590641 0.00227169 0.00227169 0.344843 0.000454339 0.000454339 0.00227169 0.00227169 0.0113585 0.00318037 0.502045 0.00227169 
0.00621118 0.00621118 0.00621118 0.00621118 0.279503 0.0807453 0.279503 0.00621118 0.00621118 0.0559006 0.00621118 0.00621118 0.0310559 0.10559 0.118012 
0.0700637 0.00636943 0.426752 0.0191083 0.00636943 0.0573248 0.0700637 0.0191083 0.00636943 0.0573248 0.00636943 0.00636943 0.00636943 0.0191083 0.22293 
0.314041 0.00107181 0.129689 0.281886 0.0160772 0.00107181 0.127546 0.0418006 0.00750268 0.00321543 0.00107181 0.00321543 0.00321543 0.0375134 0.0310825 
0.0439883 0.00293255 0.343109 0.208211 0.00293255 0.0322581 0.290323 0.00293255 0.00293255 0.026393 0.00293255 0.00293255 0.00293255 0.0322581 0.00293255 
0.0181818 0.0181818 0.0545455 0.0181818 0.345455 0.0181818 0.0181818 0.0181818 0.0181818 0.0181818 0.0181818 0.0545455 0.0181818 0.0181818 0.345455 
0.177843 0.0662224 0.0445648 0.00458142 0.122032 0.205331 0.370262 0.000416493 0.000416493 0.00291545 0.000416493 0.00291545 0.000416493 0.00124948 0.000416493 
0.0898204 0.00598802 0.0419162 0.209581 0.00598802 0.0299401 0.00598802 0.00598802 0.00598802 0.0538922 0.0299401 0.00598802 0.0898204 0.149701 0.269461 
0.246978 0.00172712 0.126079 0.512953 0.00863558 0.00172712 0.0397237 0.00518135 0.00518135 0.015544 0.00172712 0.00172712 0.00518135 0.0224525 0.00518135 
0.161677 0.00199601 0.225549 0.0139721 0.00199601 0.00598802 0.305389 0.0459082 0.00199601 0.117764 0.00199601 0.0578842 0.00199601 0.0538922 0.00199601 
0.181651 0.00550459 0.299083 0.218349 0.00183486 0.00183486 0.188991 0.00183486 0.00183486 0.00550459 0.00183486 0.00183486 0.00550459 0.0458716 0.0385321 
0.190751 0.479769 0.0404624 0.00578035 0.017341 0.00578035 0.0404624 0.00578035 0.00578035 0.00578035 0.00578035 0.00578035 0.00578035 0.00578035 0.179191 
0.032967 0.032967 0.120879 0.252747 0.010989 0.010989 0.010989 0.010989 0.010989 0.032967 0.010989 0.0769231 0.010989 0.010989 0.362637 
0.0289017 0.00578035 0.0982659 0.00578035 0.121387 0.0751445 0.00578035 0.00578035 0.132948 0.294798 0.0520231 0.0751445 0.0404624 0.017341 0.0404624 
0.0391061 0.00558659 0.150838 0.0167598 0.0502793 0.117318 0.0949721 0.0614525 0.150838 0.22905 0.0391061 0.0167598 0.00558659 0.00558659 0.0167598 
0.112698 0.00866905 0.134115 0.000509944 0.0382458 0.0280469 0.217746 0.0188679 0.0158083 0.373789 0.00764916 0.00254972 0.00152983 0.0331464 0.00662927 
0.00492611 0.0147783 0.00492611 0.0147783 0.0246305 0.0147783 0.320197 0.00492611 0.00492611 0.00492611 0.0147783 0.0147783 0.00492611 0.507389 0.044335 
0.588562 0.00873709 0.0548054 0.000794281 0.000794281 0.000794281 0.196187 0.000794281 0.00397141 0.0420969 0.000794281 0.0135028 0.00873709 0.0103257 0.0691025 
0.0627615 0.0125523 0.0292887 0.263598 0.0041841 0.0460251 0.0627615 0.121339 0.0125523 0.0627615 0.0041841 0.0041841 0.0041841 0.0292887 0.280335 
0.00636943 0.324841 0.00382166 0.00127389 0.0140127 0.00127389 0.480255 0.00127389 0.00636943 0.100637 0.0089172 0.0089172 0.00127389 0.0267516 0.0140127 
0.0117647 0.0117647 0.0352941 0.270588 0.0117647 0.0588235 0.0352941 0.0117647 0.0117647 0.0117647 0.0588235 0.0117647 0.0117647 0.0352941 0.411765 
0.225444 0.00280636 0.311506 0.000935454 0.00280636 0.00467727 0.101964 0.0177736 0.00280636 0.0121609 0.00280636 0.00280636 0.29841 0.0121609 0.000935454 
0.004329 0.004329 0.004329 0.489177 0.0909091 0.004329 0.004329 0.038961 0.004329 0.004329 0.012987 0.004329 0.012987 0.220779 0.0995671 
0.302498 0.000925069 0.00277521 0.00647549 0.0360777 0.00277521 0.0656799 0.0656799 0.00277521 0.000925069 0.380204 0.000925069 0.0120259 0.117484 0.00277521 
0.0254545 0.00363636 0.563636 0.0157576 0.00121212 0.00121212 0.367273 0.00121212 0.0109091 0.00121212 0.00121212 0.00121212 0.00121212 0.00121212 0.00363636 
0.026178 0.0157068 0.0052356 0.0471204 0.0575916 0.204188 0.13089 0.0052356 0.0052356 0.0366492 0.026178 0.0052356 0.0890052 0.246073 0.0994764 
0.0777202 0.00863558 0.0224525 0.443869 0.00172712 0.00172712 0.0777202 0.029361 0.00172712 0.1019 0.00518135 0.0189983 0.00518135 0.198618 0.00518135 
0.313869 0.0218978 0.124088 0.00729927 0.0218978 0.00729927 0.0218978 0.00729927 0.00729927 0.00729927 0.00729927 0.124088 0.080292 0.00729927 0.240876 
0.0183899 0.00286065 0.123008 0.106661 0.0380057 0.00694728 0.438496 0.0044953 0.0241112 0.221904 0.00204332 0.000408664 0.0118512 0.000408664 0.000408664 
0.361612 0.0392365 0.028632 0.00106045 0.00106045 0.208908 0.183457 0.00106045 0.00318134 0.0180276 0.00106045 0.0137858 0.00318134 0.124072 0.0116649 
0.0194071 0.00447857 0.00234592 0.00149286 0.253999 0.00319898 0.612711 0.000639795 0.00277245 0.000213265 0.00234592 0.000213265 0.0428663 0.0518234 0.00149286 
0.0196078 0.0196078 0.137255 0.0588235 0.0196078 0.0980392 0.0196078 0.0196078 0.0196078 0.0196078 0.0588235 0.0196078 0.0196078 0.0980392 0.372549 
0.339713 0.00478469 0.157895 0.00478469 0.00478469 0.0526316 0.186603 0.00478469 0.00478469 0.0143541 0.00478469 0.00478469 0.00478469 0.0526316 0.157895 
0.123043 0.00223714 0.440716 0.00223714 0.00223714 0.01566 0.248322 0.0246085 0.00223714 0.00223714 0.0111857 0.0290828 0.00671141 0.0872483 0.00223714 
0.147541 0.0163934 0.0819672 0.0163934 0.0491803 0.0163934 0.0163934 0.0491803 0.0163934 0.0491803 0.0163934 0.0163934 0.0163934 0.0819672 0.409836 
0.0126582 0.0126582 0.0126582 0.189873 0.0632911 0.0126582 0.0126582 0.0379747 0.0126582 0.0632911 0.0126582 0.0126582 0.0379747 0.0126582 0.493671 
0.00755668 0.0125945 0.360202 0.00251889 0.00251889 0.00755668 0.410579 0.00251889 0.00251889 0.093199 0.00251889 0.02267 0.00755668 0.0629723 0.00251889 
0.0787879 0.00606061 0.10303 0.466667 0.00606061 0.00606061 0.0666667 0.00606061 0.00606061 0.00606061 0.00606061 0.00606061 0.00606061 0.030303 0.2 
0.0162647 0.0207515 0.00168256 0.632081 0.00504767 0.000560852 0.248458 0.0185081 0.00168256 0.00280426 0.00504767 0.000560852 0.000560852 0.0398205 0.00616938 
0.199779 0.00166021 0.561704 0.00166021 0.00276702 0.00498063 0.121195 0.000553403 0.0160487 0.00276702 0.000553403 0.00166021 0.000553403 0.0813503 0.00276702 
0.0379747 0.0126582 0.493671 0.0126582 0.0886076 0.0379747 0.0126582 0.0126582 0.0379747 0.0126582 0.0379747 0.0126582 0.0126582 0.0126582 0.164557 
0.119854 0.00640439 0.430924 0.00457457 0.000914913 0.0137237 0.335773 0.0173833 0.000914913 0.032022 0.00274474 0.000914913 0.0118939 0.00457457 0.0173833 
0.0863938 0.00104932 0.00244841 0.434068 0.00174886 0.00734523 0.425673 0.00104932 0.00104932 0.00874432 0.00174886 0.00104932 0.00174886 0.012242 0.0136411 
0.0663857 0.00273973 0.00358272 0.0183351 0.0474183 0.0158061 0.488725 0.00906217 0.00400421 0.106849 0.000632244 0.209273 0.000210748 0.0255005 0.00147524 
0.174775 0.0834835 0.422222 0.003003 0.000600601 0.00780781 0.262462 0.003003 0.000600601 0.0018018 0.0018018 0.0042042 0.0114114 0.00540541 0.0174174 
0.0746269 0.134328 0.0149254 0.223881 0.0447761 0.0149254 0.0149254 0.0149254 0.0149254 0.0149254 0.0149254 0.0149254 0.0447761 0.0149254 0.343284 
0.298805 0.0278884 0.0438247 0.00398406 0.00398406 0.306773 0.0756972 0.00398406 0.0119522 0.0119522 0.0199203 0.0119522 0.00398406 0.00398406 0.171315 
0.239466 0.00308325 0.0483042 0.0133607 0.00102775 0.482014 0.128469 0.00102775 0.00102775 0.0133607 0.00308325 0.00102775 0.00513875 0.0565262 0.00308325 
0.463736 0.0021978 0.468132 0.010989 0.0021978 0.00659341 0.0021978 0.010989 0.00659341 0.0021978 0.0021978 0.0021978 0.0021978 0.0153846 0.0021978 
0.00404169 0.000638162 0.0410551 0.00276537 0.434588 0.000638162 0.511168 0.000212721 0.000212721 0.00148904 0.000212721 0.000212721 0.000638162 0.00191449 0.000212721 
0.0379747 0.0379747 0.620253 0.139241 0.0126582 0.0126582 0.0126582 0.0126582 0.0126582 0.0126582 0.0126582 0.0126582 0.0379747 0.0126582 0.0126582 
0.0684932 0.0136986 0.0684932 0.0136986 0.0136986 0.123288 0.123288 0.0136986 0.0136986 0.0136986 0.0136986 0.178082 0.0136986 0.0410959 0.287671 
0.0508475 0.0169492 0.186441 0.389831 0.0169492 0.0169492 0.0169492 0.0169492 0.0169492 0.0169492 0.0169492 0.0169492 0.0169492 0.0169492 0.186441 
0.210323 0.00387097 0.00903226 0.532903 0.00129032 0.00129032 0.130323 0.00387097 0.00387097 0.00129032 0.00129032 0.00129032 0.0219355 0.0245161 0.0529032 
0.000457666 0.000457666 0.08955 0.00259344 0.0132723 0.188711 0.674447 0.000152555 0.00106789 0.000152555 0.000762777 0.00167811 0.0263921 0.000152555 0.000152555 
0.0117647 0.0117647 0.0588235 0.0117647 0.0117647 0.0117647 0.0117647 0.0117647 0.0117647 0.0823529 0.0588235 0.0352941 0.0117647 0.317647 0.341176 
0.0195489 0.0315789 0.148872 0.190977 0.0135338 0.00451128 0.437594 0.00150376 0.00150376 0.0285714 0.00150376 0.0315789 0.00451128 0.0105263 0.0736842 
0.151515 0.030303 0.030303 0.292929 0.0505051 0.030303 0.030303 0.030303 0.010101 0.0505051 0.010101 0.030303 0.010101 0.010101 0.232323 
0.0118577 0.00395257 0.0671937 0.494071 0.00395257 0.00395257 0.00395257 0.0197628 0.0118577 0.0118577 0.00395257 0.00395257 0.0355731 0.288538 0.0355731 
0.0114943 0.0804598 0.126437 0.402299 0.0114943 0.0344828 0.0114943 0.0114943 0.0114943 0.0114943 0.0114943 0.0114943 0.0114943 0.0574713 0.195402 
0.0402576 0.00161031 0.0112721 0.500805 0.00483092 0.00483092 0.323671 0.00483092 0.00483092 0.00161031 0.00161031 0.00161031 0.00483092 0.0499195 0.0434783 
0.294964 0.00719424 0.410072 0.0215827 0.00719424 0.00719424 0.00719424 0.00719424 0.00719424 0.00719424 0.00719424 0.00719424 0.00719424 0.0215827 0.179856 
0.0429448 0.00204499 0.132924 0.00204499 0.0593047 0.0102249 0.284254 0.00204499 0.00204499 0.0838446 0.00204499 0.0143149 0.00613497 0.165644 0.190184 
0.015873 0.015873 0.142857 0.0793651 0.047619 0.015873 0.047619 0.047619 0.015873 0.015873 0.0793651 0.015873 0.047619 0.015873 0.396825 
0.0107527 0.0537634 0.333333 0.0537634 0.0107527 0.0107527 0.139785 0.0107527 0.0107527 0.0107527 0.0537634 0.0107527 0.0107527 0.0107527 0.268817 
0.25109 0.00186916 0.475389 0.000623053 0.00934579 0.011838 0.233645 0.00436137 0.000623053 0.00436137 0.000623053 0.000623053 0.00186916 0.00311526 0.000623053 
0.0175439 0.0175439 0.0877193 0.0175439 0.0526316 0.0175439 0.0175439 0.0526316 0.0175439 0.0175439 0.0175439 0.0526316 0.0175439 0.0175439 0.578947 
0.21243 0.00458482 0.378502 0.00866021 0.0392257 0.0402445 0.302089 0.00560367 0.000509424 0.000509424 0.000509424 0.00254712 0.00356597 0.000509424 0.000509424 
0.00438982 0.00556043 0.00204858 0.0254609 0.0400936 0.000292654 0.598478 0.000877963 0.00263389 0.000292654 0.000292654 0.297044 0.00146327 0.0178519 0.0032192 
0.0153846 0.0153846 0.0769231 0.0461538 0.169231 0.0153846 0.0461538 0.0153846 0.107692 0.0461538 0.0461538 0.0153846 0.0153846 0.0153846 0.353846 
0.00483092 0.0724638 0.0144928 0.0241546 0.00483092 0.0821256 0.227053 0.0144928 0.0531401 0.00483092 0.458937 0.0144928 0.00483092 0.00483092 0.0144928 
0.0289017 0.017341 0.375723 0.00578035 0.00578035 0.0520231 0.260116 0.00578035 0.0289017 0.00578035 0.00578035 0.017341 0.00578035 0.00578035 0.179191 
0.0973451 0.00884956 0.274336 0.0265487 0.00884956 0.0973451 0.0265487 0.00884956 0.00884956 0.0442478 0.00884956 0.00884956 0.00884956 0.00884956 0.362832 
0.0105263 0.0315789 0.0105263 0.0736842 0.0526316 0.0105263 0.0105263 0.0105263 0.221053 0.0105263 0.0105263 0.0526316 0.0526316 0.0105263 0.431579 
0.0742857 0.28 0.0171429 0.00571429 0.108571 0.00571429 0.234286 0.00571429 0.0171429 0.00571429 0.04 0.0285714 0.0171429 0.108571 0.0514286 
0.138241 0.0197487 0.170557 0.02693 0.0197487 0.00179533 0.18851 0.037702 0.0197487 0.0125673 0.005386 0.00179533 0.00897666 0.29623 0.0520646 
0.0514286 0.00571429 0.0171429 0.131429 0.0514286 0.0285714 0.12 0.0171429 0.0628571 0.291429 0.00571429 0.0171429 0.00571429 0.142857 0.0514286 
0.385749 0.0515971 0.385749 0.002457 0.002457 0.012285 0.022113 0.002457 0.022113 0.00737101 0.002457 0.041769 0.002457 0.017199 0.041769 
0.0981818 0.00363636 0.643636 0.00363636 0.00363636 0.00363636 0.0690909 0.00363636 0.0109091 0.0836364 0.00363636 0.0327273 0.0109091 0.0109091 0.0181818 
0.0505051 0.010101 0.030303 0.030303 0.010101 0.010101 0.0505051 0.0505051 0.010101 0.0707071 0.030303 0.010101 0.212121 0.212121 0.212121 
0.0810811 0.003003 0.003003 0.555556 0.003003 0.00900901 0.195195 0.021021 0.003003 0.015015 0.003003 0.003003 0.003003 0.027027 0.0750751 
0.0133333 0.0133333 0.226667 0.04 0.146667 0.0666667 0.0133333 0.04 0.0133333 0.04 0.0133333 0.0133333 0.0133333 0.173333 0.173333 
0.0971289 0.00549786 0.00183262 0.348809 0.00549786 0.000610874 0.159438 0.0360415 0.000610874 0.0409285 0.00183262 0.000610874 0.00305437 0.290165 0.00794136 
0.00144858 0.60309 0.00241429 0.000482859 0.000482859 0.000482859 0.372284 0.000482859 0.00338001 0.000482859 0.00241429 0.01014 0.00144858 0.000482859 0.000482859 
0.012987 0.012987 0.012987 0.376623 0.012987 0.012987 0.012987 0.012987 0.012987 0.012987 0.0909091 0.012987 0.038961 0.012987 0.350649 
0.037037 0.0123457 0.135802 0.283951 0.0123457 0.0123457 0.037037 0.0123457 0.0123457 0.0123457 0.111111 0.0617284 0.037037 0.0617284 0.160494 
0.00389105 0.0194553 0.322957 0.00389105 0.00389105 0.0194553 0.120623 0.00389105 0.0272374 0.00389105 0.00389105 0.0583658 0.00389105 0.206226 0.198444 
0.0508475 0.0169492 0.0169492 0.457627 0.0169492 0.0169492 0.0169492 0.0508475 0.0169492 0.0169492 0.0508475 0.0169492 0.0169492 0.0169492 0.220339 
0.175647 0.00489853 0.514346 0.0174948 0.00349895 0.00069979 0.227432 0.0146956 0.00909727 0.00349895 0.00209937 0.00069979 0.0202939 0.00489853 0.00069979 
0.0379747 0.0126582 0.0126582 0.164557 0.0126582 0.0632911 0.0126582 0.0379747 0.0379747 0.0379747 0.0886076 0.0126582 0.0126582 0.164557 0.291139 
0.417476 0.00970874 0.145631 0.00970874 0.0291262 0.0873786 0.00970874 0.00970874 0.00970874 0.0679612 0.00970874 0.00970874 0.00970874 0.00970874 0.165049 
0.00338983 0.0101695 0.0237288 0.572881 0.0237288 0.00338983 0.138983 0.0711864 0.0101695 0.0237288 0.00338983 0.00338983 0.0101695 0.0372881 0.0644068 
0.0143847 0.000532765 0.103889 0.47789 0.000532765 0.000532765 0.380927 0.000532765 0.000532765 0.00905701 0.000532765 0.000532765 0.000532765 0.00905701 0.000532765 
0.00140647 0.00140647 0.00140647 0.324895 0.00984529 0.00140647 0.414909 0.00421941 0.00140647 0.0126582 0.00703235 0.00140647 0.00140647 0.170183 0.0464135 
0.486061 0.00363636 0.0545455 0.04 0.00121212 0.00363636 0.233939 0.0206061 0.00848485 0.00121212 0.00363636 0.00121212 0.00121212 0.100606 0.04 
0.268859 0.00193424 0.0560928 0.562863 0.00193424 0.0135397 0.0522244 0.00193424 0.00193424 0.00193424 0.00580271 0.00580271 0.00580271 0.00193424 0.0174081 
0.015873 0.015873 0.428571 0.015873 0.015873 0.015873 0.015873 0.015873 0.047619 0.0793651 0.015873 0.015873 0.015873 0.015873 0.269841 
0.0272953 0.00744417 0.00248139 0.523573 0.00248139 0.00744417 0.25062 0.0471464 0.00744417 0.0173697 0.00248139 0.00248139 0.00248139 0.00248139 0.0967742 
0.00592145 0.00060423 0.00229607 0.000120846 0.292568 0.00398792 0.61281 0.00398792 0.00108761 0.000120846 0.0126888 0.00350453 0.027432 0.0325076 0.000362538 
0.104762 0.00952381 0.27619 0.142857 0.00952381 0.00952381 0.00952381 0.0285714 0.0285714 0.00952381 0.0285714 0.00952381 0.0285714 0.0857143 0.219048 
0.0945055 0.0241758 0.164835 0.248352 0.0153846 0.010989 0.27033 0.032967 0.00659341 0.00659341 0.010989 0.103297 0.0021978 0.0021978 0.00659341 
0.00481541 0.00160514 0.110754 0.00481541 0.00160514 0.0433387 0.454254 0.00160514 0.011236 0.0337079 0.0176565 0.011236 0.00160514 0.284109 0.0176565 
0.0526316 0.2 0.0736842 0.0947368 0.178947 0.0105263 0.0105263 0.0105263 0.0105263 0.0105263 0.0105263 0.0315789 0.0315789 0.0105263 0.263158 
0.0020008 0.00040016 0.327731 0.00040016 0.0732293 0.0060024 0.509404 0.00440176 0.00040016 0.0140056 0.00520208 0.0020008 0.0172069 0.0364146 0.00120048 
0.186441 0.0169492 0.0169492 0.186441 0.0169492 0.0169492 0.0508475 0.0169492 0.0169492 0.0508475 0.0169492 0.0169492 0.0169492 0.0169492 0.355932 
0.0165543 0.411404 0.055794 0.0116493 0.00551809 0.0214592 0.0889025 0.26916 0.0239117 0.000613121 0.000613121 0.0030656 0.000613121 0.0901288 0.000613121 
0.0684932 0.260274 0.0136986 0.0958904 0.0136986 0.0136986 0.0136986 0.0410959 0.0136986 0.0136986 0.0136986 0.0136986 0.0410959 0.0958904 0.287671 
0.0639175 0.00206186 0.0226804 0.00206186 0.0762887 0.129897 0.385567 0.00206186 0.014433 0.00206186 0.00618557 0.0103093 0.00206186 0.187629 0.0927835 
0.311604 0.00130378 0.0378096 0.102999 0.00130378 0.0195567 0.235984 0.00130378 0.00130378 0.0065189 0.0065189 0.25163 0.00391134 0.00130378 0.0169492 
0.114754 0.0273224 0.202186 0.278689 0.0491803 0.0273224 0.0163934 0.147541 0.00546448 0.0273224 0.00546448 0.00546448 0.00546448 0.0273224 0.0601093 
0.0769231 0.00699301 0.020979 0.00699301 0.0909091 0.160839 0.370629 0.00699301 0.00699301 0.020979 0.00699301 0.00699301 0.00699301 0.034965 0.174825 
0.00431655 0.00143885 0.499281 0.0215827 0.00143885 0.00143885 0.358273 0.00143885 0.00431655 0.00719424 0.00143885 0.00431655 0.00431655 0.0877698 0.00143885 
0.0759878 0.0273556 0.428571 0.0942249 0.00303951 0.0212766 0.270517 0.0212766 0.00303951 0.00911854 0.00303951 0.00303951 0.00303951 0.0273556 0.00911854 
0.0746269 0.0447761 0.0746269 0.0447761 0.0447761 0.0149254 0.0149254 0.164179 0.0447761 0.0149254 0.0746269 0.0149254 0.0149254 0.0149254 0.343284 
0.253456 0.0138249 0.511521 0.00460829 0.142857 0.00460829 0.00460829 0.00460829 0.00460829 0.0138249 0.00460829 0.00460829 0.00460829 0.00460829 0.0230415 
0.00653595 0.137255 0.00653595 0.00653595 0.00653595 0.00653595 0.0457516 0.0326797 0.00653595 0.00653595 0.00653595 0.00653595 0.00653595 0.477124 0.24183 
0.169974 0.000862813 0.430544 0.000862813 0.092321 0.00258844 0.275237 0.00258844 0.000862813 0.00258844 0.000862813 0.00949094 0.000862813 0.00258844 0.00776531 
0.105691 0.0569106 0.0731707 0.0731707 0.0894309 0.00813008 0.0406504 0.0243902 0.0243902 0.00813008 0.00813008 0.00813008 0.0243902 0.186992 0.268293 
0.00269833 0.0257241 0.0124123 0.0260838 0.0196078 0.00377766 0.604965 0.00593632 0.000539665 0.000179888 0.00269833 0.000179888 0.284763 0.0102536 0.000179888 
0.0594537 0.000535619 0.000535619 0.00696304 0.0101768 0.516872 0.36797 0.000535619 0.000535619 0.000535619 0.00160686 0.00160686 0.000535619 0.0305303 0.00160686 
0.413673 0.00115875 0.193511 0.300116 0.00347625 0.00115875 0.0498262 0.00347625 0.00115875 0.00579374 0.00115875 0.00115875 0.00347625 0.0150637 0.00579374 
0.000623053 0.00560748 0.000623053 0.00186916 0.0143302 0.288474 0.43053 0.00186916 0.00186916 0.0903427 0.000623053 0.00186916 0.070405 0.0579439 0.0330218 
0.282671 0.0166955 0.334485 0.0420265 0.000575705 0.0132412 0.120322 0.000575705 0.00172712 0.00172712 0.000575705 0.000575705 0.00172712 0.182499 0.000575705 
0.0745254 0.00198356 0.0512893 0.0784925 0.054123 0.106262 0.462737 0.000850099 0.0025503 0.00311703 0.000283366 0.00991782 0.1431 0.00708416 0.00368376 
0.00571429 0.00571429 0.0285714 0.0514286 0.0514286 0.00571429 0.04 0.00571429 0.00571429 0.00571429 0.00571429 0.0171429 0.00571429 0.451429 0.314286 
0.216105 0.000821693 0.000821693 0.511915 0.00575185 0.000821693 0.161873 0.00410846 0.000821693 0.00246508 0.000821693 0.000821693 0.00246508 0.0895645 0.000821693 
0.004329 0.000481 0.027417 0.456469 0.001443 0.000481 0.448773 0.013949 0.000481 0.002405 0.001443 0.000481 0.002405 0.038961 0.000481 
0.017341 0.32948 0.0751445 0.32948 0.00578035 0.017341 0.00578035 0.00578035 0.00578035 0.017341 0.017341 0.0520231 0.00578035 0.00578035 0.109827 
0.0220049 0.0122249 0.0464548 0.0660147 0.00733496 0.00244499 0.476773 0.0122249 0.0660147 0.212714 0.00733496 0.00244499 0.00733496 0.00244499 0.0562347 
0.00730474 0.0118 0.261659 0.00917775 0.000561903 0.00280951 0.624649 0.0234126 0.00543173 0.015546 0.000561903 0.000561903 0.00131111 0.0350253 0.000187301 
0.318926 0.00196464 0.00196464 0.000654879 0.000654879 0.000654879 0.0530452 0.000654879 0.000654879 0.00458415 0.000654879 0.000654879 0.000654879 0.613621 0.000654879 
0.336413 0.00692841 0.00846805 0.0192456 0.039261 0.00692841 0.26097 0.000769823 0.00692841 0.00230947 0.00692841 0.00846805 0.000769823 0.000769823 0.294842 
0.108394 0.00190166 0.000814996 0.209454 0.0236349 0.00298832 0.500679 0.0328715 0.0122249 0.0171149 0.00353165 0.061668 0.000814996 0.0203749 0.00353165 
0.179898 0.00801165 0.00364166 0.000728332 0.490168 0.00655499 0.204661 0.002185 0.000728332 0.000728332 0.00364166 0.000728332 0.000728332 0.0852149 0.0123816 
0.026455 0.00529101 0.037037 0.428571 0.00529101 0.00529101 0.227513 0.00529101 0.015873 0.015873 0.00529101 0.00529101 0.00529101 0.026455 0.185185 
0.25523 0.0041841 0.0543933 0.0125523 0.0041841 0.0125523 0.263598 0.0041841 0.0041841 0.0292887 0.0041841 0.0041841 0.0209205 0.0543933 0.271967 
0.0989011 0.025641 0.003663 0.59707 0.010989 0.003663 0.040293 0.003663 0.010989 0.010989 0.018315 0.003663 0.003663 0.003663 0.164835 
0.0458221 0.00269542 0.0188679 0.28841 0.00269542 0.0727763 0.142857 0.0512129 0.083558 0.00808625 0.121294 0.0512129 0.00269542 0.00808625 0.0997305 
0.184828 0.00180614 0.0367249 0.424443 0.0608067 0.00180614 0.237809 0.000602047 0.00180614 0.000602047 0.000602047 0.000602047 0.000602047 0.0295003 0.0174594 
0.00768693 0.00349406 0.00163056 0.0458887 0.276497 0.00302819 0.591894 0.00116469 0.000698812 0.00861868 0.0207314 0.00116469 0.0356394 0.00163056 0.000232937 
0.000116509 0.000116509 0.000116509 0.000116509 0.000582547 0.000116509 0.488291 0.000116509 0.000116509 0.000582547 0.000116509 0.508563 0.000116509 0.000815566 0.000116509 
0.00196464 0.0176817 0.0294695 0.603143 0.00196464 0.00196464 0.13556 0.0844794 0.00589391 0.021611 0.00196464 0.00589391 0.0726916 0.00196464 0.0137525 
0.010989 0.010989 0.384615 0.0549451 0.010989 0.010989 0.032967 0.032967 0.010989 0.032967 0.010989 0.032967 0.0549451 0.032967 0.274725 
0.038961 0.116883 0.142857 0.116883 0.012987 0.012987 0.012987 0.038961 0.012987 0.012987 0.012987 0.0649351 0.038961 0.012987 0.350649 
0.00952381 0.00952381 0.180952 0.0857143 0.00952381 0.00952381 0.0285714 0.00952381 0.0857143 0.0857143 0.00952381 0.00952381 0.00952381 0.257143 0.2 
0.0406819 0.00193723 0.0321581 0.00503681 0.0592793 0.00193723 0.532739 0.00116234 0.00116234 0.00193723 0.000387447 0.00658659 0.000387447 0.111972 0.202635 
0.0151883 0.00140396 0.0343331 0.00931717 0.0848756 0.00140396 0.567071 0.000893427 0.000638162 0.238545 0.000638162 0.0182514 0.00140396 0.0243778 0.00165922 
0.417651 0.0104239 0.000694927 0.00347464 0.403753 0.00347464 0.111883 0.000694927 0.00347464 0.000694927 0.000694927 0.000694927 0.00208478 0.0368311 0.00347464 
0.0031679 0.634636 0.00105597 0.00105597 0.00105597 0.0031679 0.341077 0.00105597 0.00527983 0.00105597 0.00105597 0.00105597 0.00105597 0.00105597 0.0031679 
0.00189833 0.000210926 0.0196161 0.247416 0.059692 0.00991352 0.595866 0.000210926 0.000632778 0.000632778 0.000210926 0.0103354 0.00358574 0.0495676 0.000210926 
0.236994 0.00578035 0.421965 0.0404624 0.0404624 0.00578035 0.0289017 0.0289017 0.00578035 0.0404624 0.00578035 0.0635838 0.00578035 0.00578035 0.0635838 
0.223793 0.324232 0.00731351 0.0014627 0.0336421 0.0014627 0.335934 0.000487567 0.0014627 0.0043881 0.011214 0.000487567 0.0014627 0.0414432 0.011214 
0.0153846 0.0461538 0.0769231 0.0769231 0.0461538 0.0461538 0.0153846 0.0153846 0.0769231 0.0769231 0.0153846 0.0153846 0.0153846 0.107692 0.353846 
0.415385 0.00512821 0.394872 0.00512821 0.025641 0.00512821 0.025641 0.00512821 0.025641 0.00512821 0.0153846 0.00512821 0.00512821 0.0358974 0.025641 
0.0810811 0.00540541 0.145946 0.145946 0.0378378 0.0162162 0.113514 0.0486486 0.00540541 0.0378378 0.0486486 0.0378378 0.00540541 0.00540541 0.264865 
0.251462 0.00584795 0.0409357 0.415205 0.00584795 0.0175439 0.00584795 0.0175439 0.00584795 0.0292398 0.00584795 0.00584795 0.00584795 0.00584795 0.181287 
0.151515 0.00606061 0.0424242 0.224242 0.0181818 0.00606061 0.00606061 0.10303 0.0424242 0.0787879 0.00606061 0.00606061 0.0181818 0.0181818 0.272727 
0.0505051 0.010101 0.171717 0.111111 0.010101 0.010101 0.010101 0.010101 0.030303 0.010101 0.010101 0.010101 0.010101 0.151515 0.393939 
0.00215054 0.00215054 0.47957 0.0236559 0.00645161 0.0494624 0.152688 0.00645161 0.0193548 0.0150538 0.00645161 0.00215054 0.00215054 0.2 0.0322581 
0.0198431 0.0013844 0.0724504 0.0161514 0.000461467 0.15736 0.594832 0.0604522 0.00692201 0.00876788 0.000461467 0.0124596 0.000461467 0.0466082 0.0013844 
0.0607834 0.000450248 0.384962 0.0220621 0.00135074 0.00405223 0.457001 0.00135074 0.000450248 0.00225124 0.000450248 0.000450248 0.00585322 0.0580819 0.000450248 
0.315226 0.000823045 0.0139918 0.00246914 0.000823045 0.37284 0.211523 0.01893 0.00411523 0.00576132 0.000823045 0.00246914 0.000823045 0.037037 0.0123457 
0.124498 0.00133869 0.00133869 0.710843 0.0120482 0.00401606 0.116466 0.00669344 0.00133869 0.00401606 0.00401606 0.00133869 0.00133869 0.00401606 0.00669344 
0.00725222 0.000805802 0.0717164 0.331185 0.00241741 0.0104754 0.558421 0.000805802 0.00241741 0.00886382 0.00241741 0.000805802 0.000805802 0.000805802 0.000805802 
0.111313 0.00318037 0.0313494 0.052249 0.00227169 0.000454339 0.0995002 0.586552 0.0113585 0.00318037 0.0159019 0.000454339 0.0140845 0.0667878 0.00136302 
0.0724638 0.234783 0.0492754 0.362319 0.00289855 0.00289855 0.118841 0.0608696 0.00289855 0.0202899 0.00289855 0.00289855 0.00869565 0.0144928 0.0434783 
0.177243 0.00656455 0.47046 0.00656455 0.00218818 0.00218818 0.00656455 0.00218818 0.00218818 0.00656455 0.00218818 0.00218818 0.00218818 0.269147 0.0415755 
0.132832 0.0125313 0.0325815 0.418546 0.0726817 0.0075188 0.24812 0.00250627 0.00250627 0.00250627 0.0075188 0.0275689 0.00250627 0.0275689 0.00250627 
0.140699 0.0141643 0.0141643 0.00472144 0.000944287 0.223796 0.490085 0.0368272 0.01983 0.0236072 0.000944287 0.000944287 0.000944287 0.0273843 0.000944287 
0.00509338 0.00169779 0.0288625 0.00169779 0.00169779 0.0152801 0.348048 0.0118846 0.466893 0.00848896 0.00169779 0.00169779 0.00169779 0.00169779 0.103565 
0.0475148 0.00678783 0.00197066 0.022991 0.389096 0.000656886 0.518721 0.000218962 0.0081016 0.000218962 0.000218962 0.000656886 0.000218962 0.00109481 0.00153273 
0.100775 0.0697674 0.0852713 0.0852713 0.00775194 0.00775194 0.00775194 0.0232558 0.0387597 0.0387597 0.00775194 0.0697674 0.00775194 0.0542636 0.395349 
0.296132 0.0082435 0.00570704 0.00443881 0.00697527 0.00697527 0.0412175 0.0196576 0.000634115 0.0209258 0.000634115 0.000634115 0.00190235 0.58402 0.00190235 
0.0233446 0.00102775 0.000146821 0.00337689 0.293496 0.000146821 0.642931 0.00367053 0.000146821 0.00102775 0.00161503 0.0101307 0.00220232 0.0151226 0.00161503 
0.163985 0.179733 0.00650462 0.247518 0.00102705 0.00445053 0.100308 0.129065 0.00102705 0.000342349 0.00102705 0.00239644 0.044163 0.11811 0.000342349 
0.0952018 0.000761615 0.270373 0.000761615 0.0677837 0.156131 0.389185 0.000761615 0.00228484 0.000761615 0.000761615 0.000761615 0.000761615 0.0129474 0.000761615 
0.00723589 0.00144718 0.0477569 0.18958 0.0680174 0.0419682 0.522431 0.00144718 0.00144718 0.00144718 0.00144718 0.00144718 0.0101302 0.0998553 0.00434153 
0.232598 0.0424448 0.00848896 0.409168 0.00509338 0.0152801 0.208829 0.00169779 0.0118846 0.00169779 0.00169779 0.00169779 0.0118846 0.0458404 0.00169779 
0.154454 0.00158144 0.000527148 0.243015 0.000527148 0.00369004 0.376911 0.0110701 0.000527148 0.0490248 0.00158144 0.0384818 0.00158144 0.0869794 0.0300474 
0.0419162 0.0419162 0.389222 0.161677 0.0299401 0.00598802 0.00598802 0.00598802 0.0179641 0.00598802 0.00598802 0.00598802 0.0179641 0.197605 0.0658683 
0.00671141 0.00671141 0.288591 0.315436 0.0872483 0.0201342 0.00671141 0.00671141 0.00671141 0.00671141 0.00671141 0.00671141 0.0201342 0.0872483 0.127517 
0.0780513 0.000523834 0.00261917 0.000523834 0.0015715 0.00785752 0.430068 0.0445259 0.103195 0.00785752 0.00261917 0.00471451 0.0172865 0.297014 0.0015715 
0.124378 0.000995025 0.000995025 0.00497512 0.000995025 0.000995025 0.162189 0.00298507 0.00696517 0.0905473 0.00298507 0.00696517 0.0109453 0.578109 0.00497512 
0.0390492 0.00169779 0.00169779 0.572156 0.00848896 0.00848896 0.320883 0.00848896 0.00169779 0.00509338 0.00169779 0.00169779 0.00169779 0.00169779 0.0254669 
0.0100665 0.000189934 0.00208927 0.00474834 0.494017 0.000189934 0.464008 0.000949668 0.00208927 0.000189934 0.000189934 0.000949668 0.000189934 0.0169041 0.00322887 
0.096242 0.0137489 0.461045 0.0174152 0.0430797 0.00641613 0.1989 0.00274977 0.00274977 0.0320807 0.00458295 0.00091659 0.0229148 0.096242 0.00091659 
0.0905943 0.000577034 0.0017311 0.0213503 0.0155799 0.0017311 0.0582804 0.671091 0.11483 0.0017311 0.0017311 0.000577034 0.0109636 0.00865551 0.000577034 
0.827897 0.00346981 0.018737 0.000693963 0.00208189 0.00208189 0.0784178 0.000693963 0.000693963 0.000693963 0.0520472 0.00485774 0.00346981 0.00346981 0.000693963 
0.144654 0.0356394 0.0859539 0.00209644 0.0607966 0.00209644 0.425577 0.0146751 0.0188679 0.0230608 0.00209644 0.00209644 0.136268 0.00209644 0.0440252 
0.0491803 0.0163934 0.0491803 0.0163934 0.0163934 0.0163934 0.0163934 0.0163934 0.180328 0.0163934 0.114754 0.0163934 0.147541 0.0163934 0.311475 
0.127314 0.000560852 0.00841279 0.0207515 0.430174 0.00953449 0.2765 0.0566461 0.00168256 0.00953449 0.000560852 0.0196298 0.00168256 0.0241167 0.0128996 
0.18082 0.45234 0.0179087 0.000577701 0.0017331 0.0017331 0.252455 0.0248411 0.000577701 0.000577701 0.0017331 0.0121317 0.0479492 0.00404391 0.000577701 
0.0232558 0.0232558 0.0232558 0.0697674 0.0232558 0.0697674 0.0232558 0.0232558 0.0697674 0.0232558 0.0697674 0.0232558 0.0697674 0.0232558 0.44186 
0.0461538 0.0769231 0.0153846 0.0153846 0.0769231 0.0461538 0.0153846 0.0153846 0.169231 0.0153846 0.0153846 0.0153846 0.107692 0.0153846 0.353846 
0.0123457 0.0123457 0.0123457 0.0123457 0.0123457 0.0617284 0.037037 0.0123457 0.037037 0.0123457 0.0617284 0.0123457 0.037037 0.0123457 0.654321 
0.00562852 0.75985 0.00187617 0.00562852 0.00187617 0.00562852 0.170732 0.0168856 0.00187617 0.00187617 0.00562852 0.00187617 0.00187617 0.0131332 0.00562852 
0.0639955 0.000556483 0.000556483 0.000556483 0.000556483 0.00166945 0.486923 0.00946021 0.315526 0.00389538 0.000556483 0.0306066 0.08069 0.000556483 0.00389538 
0.0461538 0.2 0.0153846 0.0153846 0.384615 0.0153846 0.0461538 0.0153846 0.0153846 0.0461538 0.0153846 0.0461538 0.0153846 0.0153846 0.107692 
0.00811619 0.00213584 0.0012815 0.0115335 0.134558 0.0132422 0.328492 0.167023 0.000427168 0.000427168 0.305425 0.000427168 0.00299018 0.0226399 0.0012815 
0.101124 0.011236 0.0561798 0.0337079 0.011236 0.0786517 0.0337079 0.0561798 0.0337079 0.011236 0.123596 0.011236 0.011236 0.011236 0.41573 
0.000903342 0.0153568 0.00451671 0.0153568 0.176152 0.434508 0.29178 0.000903342 0.000903342 0.000903342 0.0225836 0.00451671 0.0135501 0.000903342 0.0171635 
0.0181818 0.0181818 0.0181818 0.272727 0.0181818 0.0181818 0.0181818 0.0181818 0.0909091 0.0181818 0.0181818 0.0181818 0.0545455 0.0181818 0.381818 
0.0344828 0.0114943 0.0114943 0.0114943 0.0344828 0.0114943 0.0114943 0.0114943 0.0114943 0.0114943 0.0344828 0.0344828 0.0804598 0.0114943 0.678161 
0.205342 0.00166945 0.00834725 0.00166945 0.00166945 0.0116861 0.0784641 0.00500835 0.555927 0.0417362 0.015025 0.00834725 0.0250417 0.00166945 0.0383973 
0.24557 0.00253165 0.0278481 0.00253165 0.00253165 0.00253165 0.078481 0.0278481 0.417722 0.0379747 0.0278481 0.00253165 0.0329114 0.0177215 0.0734177 
0.235955 0.101124 0.011236 0.123596 0.011236 0.123596 0.011236 0.011236 0.0561798 0.011236 0.0561798 0.0337079 0.011236 0.011236 0.191011 
0.331644 0.000316756 0.000316756 0.000316756 0.000316756 0.000316756 0.00158378 0.000950269 0.661071 0.000316756 0.000316756 0.000316756 0.000316756 0.000950269 0.000950269 
0.00854701 0.00854701 0.00854701 0.00854701 0.00854701 0.00854701 0.042735 0.0940171 0.452991 0.00854701 0.00854701 0.00854701 0.025641 0.025641 0.282051 
0.296859 0.0435664 0.359676 0.00101317 0.00303951 0.00101317 0.00101317 0.00101317 0.134752 0.00101317 0.108409 0.00506586 0.00101317 0.00506586 0.0374873 
0.0114943 0.0114943 0.195402 0.0114943 0.0114943 0.0114943 0.0114943 0.0114943 0.149425 0.0344828 0.218391 0.0114943 0.0114943 0.0114943 0.287356 
0.147614 0.00776915 0.00110988 0.0188679 0.00554939 0.00110988 0.105438 0.00110988 0.680355 0.00332963 0.00332963 0.00110988 0.0166482 0.00554939 0.00110988 
0.249142 0.00480439 0.000686342 0.00205903 0.000686342 0.000686342 0.00205903 0.269732 0.0171585 0.00205903 0.448181 0.000686342 0.000686342 0.000686342 0.000686342 
0.140496 0.00826446 0.00826446 0.0413223 0.00826446 0.00826446 0.123967 0.00826446 0.0413223 0.00826446 0.00826446 0.0413223 0.0247934 0.0247934 0.504132 
0.0163934 0.344262 0.0163934 0.0491803 0.0163934 0.0163934 0.0163934 0.0163934 0.0491803 0.0163934 0.0163934 0.0163934 0.0163934 0.0491803 0.344262 
0.0886076 0.0632911 0.0126582 0.0126582 0.0126582 0.0632911 0.0632911 0.0379747 0.0126582 0.0126582 0.0379747 0.0126582 0.0886076 0.0126582 0.468354 
0.146067 0.011236 0.011236 0.191011 0.011236 0.011236 0.011236 0.011236 0.0561798 0.011236 0.146067 0.011236 0.0561798 0.011236 0.303371 
0.0175439 0.0175439 0.0175439 0.0175439 0.0526316 0.0877193 0.0526316 0.0526316 0.0175439 0.0526316 0.0175439 0.0175439 0.192982 0.0175439 0.368421 
0.0146997 0.000419992 0.000419992 0.000419992 0.000419992 0.00125997 0.442251 0.000419992 0.000419992 0.0121798 0.52121 0.00125997 0.000419992 0.00377992 0.000419992 
0.0232558 0.0232558 0.116279 0.0232558 0.0232558 0.0697674 0.0232558 0.0232558 0.0232558 0.0232558 0.162791 0.0232558 0.116279 0.0697674 0.255814 
0.0140845 0.0140845 0.0422535 0.0140845 0.126761 0.211268 0.0422535 0.0140845 0.211268 0.0140845 0.0140845 0.0140845 0.0704225 0.0140845 0.183099 
0.00598802 0.00598802 0.0179641 0.00598802 0.00598802 0.00598802 0.221557 0.00598802 0.0179641 0.0419162 0.125749 0.00598802 0.00598802 0.00598802 0.520958 
0.0149254 0.0447761 0.0447761 0.0746269 0.0149254 0.0149254 0.0447761 0.19403 0.0746269 0.0447761 0.0149254 0.0149254 0.0746269 0.0149254 0.313433 
0.0126582 0.0379747 0.0126582 0.0126582 0.0126582 0.0126582 0.164557 0.0126582 0.0126582 0.0632911 0.0886076 0.0126582 0.0379747 0.0632911 0.443038 
0.000302939 0.00151469 0.000302939 0.000302939 0.000302939 0.000908816 0.452893 0.000302939 0.00151469 0.00151469 0.000302939 0.000302939 0.53711 0.000908816 0.00151469 
0.0105369 0.0536879 0.000501756 0.0356247 0.00551932 0.000501756 0.333668 0.0486703 0.000501756 0.000501756 0.00150527 0.00351229 0.448068 0.0566984 0.000501756 
0.0126582 0.0126582 0.0126582 0.240506 0.0126582 0.0126582 0.0886076 0.0126582 0.0126582 0.0379747 0.0126582 0.0126582 0.0126582 0.0126582 0.493671 
0.111111 0.0123457 0.0123457 0.037037 0.0123457 0.0123457 0.0123457 0.0123457 0.037037 0.0123457 0.0123457 0.0123457 0.111111 0.0123457 0.580247 
0.383754 0.000933707 0.0177404 0.0177404 0.000933707 0.00466853 0.226891 0.0252101 0.312792 0.000933707 0.000933707 0.000933707 0.00280112 0.000933707 0.00280112 
0.130112 0.00265534 0.031333 0.015401 0.0780669 0.00265534 0.472119 0.0132767 0.000531067 0.000531067 0.20871 0.0164631 0.0185874 0.000531067 0.00902815 
0.0922509 0.00369004 0.00369004 0.00369004 0.0110701 0.0110701 0.00369004 0.0258303 0.0258303 0.00369004 0.0110701 0.00369004 0.0479705 0.0848708 0.667897 
0.18403 0.00436681 0.00062383 0.00311915 0.00187149 0.00187149 0.402371 0.0655022 0.233936 0.00810979 0.00935745 0.00062383 0.0829694 0.00062383 0.00062383 
0.012987 0.012987 0.012987 0.012987 0.012987 0.012987 0.038961 0.012987 0.0649351 0.038961 0.142857 0.038961 0.038961 0.038961 0.506494 
0.0163934 0.0163934 0.0163934 0.0163934 0.0491803 0.0163934 0.0491803 0.0163934 0.114754 0.0163934 0.0819672 0.0163934 0.0819672 0.0163934 0.47541 
0.0222222 0.0666667 0.111111 0.0222222 0.0222222 0.0222222 0.0222222 0.0222222 0.0222222 0.0666667 0.0222222 0.0666667 0.111111 0.0222222 0.377778 
0.04 0.0933333 0.0133333 0.0133333 0.0133333 0.0133333 0.04 0.0133333 0.0133333 0.12 0.04 0.0133333 0.0133333 0.0133333 0.546667 
0.203021 0.00577521 0.00222124 0.000444247 0.385162 0.000444247 0.382497 0.00222124 0.000444247 0.00133274 0.0119947 0.000444247 0.00310973 0.000444247 0.000444247 
0.000601323 0.000120265 0.000841852 0.000120265 0.00108238 0.000120265 0.552856 0.0020445 0.00180397 0.000841852 0.437643 0.000360794 0.000120265 0.000120265 0.00132291 
0.00371747 0.0483271 0.0334572 0.0111524 0.00371747 0.0185874 0.0408922 0.070632 0.0483271 0.100372 0.457249 0.0185874 0.00371747 0.0780669 0.063197 
0.209877 0.196409 0.147026 0.00112233 0.00112233 0.003367 0.030303 0.236813 0.0707071 0.016835 0.00785634 0.00112233 0.037037 0.00112233 0.0392817 
0.125358 0.00286205 0.00057241 0.00057241 0.0154551 0.0280481 0.406983 0.00400687 0.00057241 0.0120206 0.00286205 0.00057241 0.397825 0.00171723 0.00057241 
0.111111 0.0222222 0.0518519 0.00740741 0.0222222 0.17037 0.00740741 0.037037 0.0518519 0.0518519 0.00740741 0.0222222 0.037037 0.00740741 0.392593 
0.0405509 0.000765111 0.0803366 0.00535578 0.149197 0.0405509 0.155318 0.000765111 0.000765111 0.00229533 0.000765111 0.000765111 0.322112 0.184392 0.0160673 
0.000524384 0.00262192 0.00262192 0.00367069 0.000524384 0.00157315 0.428422 0.000524384 0.000524384 0.000524384 0.0173047 0.508128 0.0298899 0.00157315 0.00157315 
0.0771654 0.177953 0.0015748 0.0897638 0.0015748 0.0015748 0.269291 0.0015748 0.0582677 0.0141732 0.096063 0.0992126 0.0425197 0.0267717 0.0425197 
0.0588235 0.105882 0.0117647 0.0352941 0.0352941 0.0588235 0.0117647 0.0117647 0.0352941 0.0117647 0.0117647 0.0352941 0.0352941 0.0117647 0.529412 
0.00689655 0.00137931 0.0206897 0.00137931 0.00137931 0.00137931 0.202759 0.00413793 0.668966 0.00413793 0.00137931 0.00137931 0.0151724 0.0151724 0.0537931 
0.0240911 0.0021901 0.00043802 0.00043802 0.00043802 0.00306614 0.268506 0.00043802 0.680245 0.00043802 0.00043802 0.00043802 0.00043802 0.0153307 0.00306614 
0.027027 0.00900901 0.00900901 0.00900901 0.045045 0.027027 0.027027 0.045045 0.513514 0.027027 0.045045 0.00900901 0.027027 0.0810811 0.0990991 
0.0140845 0.0140845 0.0140845 0.0422535 0.0140845 0.0704225 0.0140845 0.0140845 0.0985915 0.0140845 0.0704225 0.0140845 0.126761 0.0140845 0.464789 
0.00434153 0.000482393 0.000482393 0.000482393 0.000482393 0.642065 0.340087 0.00723589 0.000482393 0.000482393 0.00144718 0.000482393 0.000482393 0.000482393 0.000482393 
0.243633 0.067864 0.00014721 0.604593 0.00161931 0.000441631 0.0581481 0.00103047 0.0178125 0.00014721 0.002797 0.00014721 0.00014721 0.00014721 0.00132489 
0.0163934 0.0163934 0.0163934 0.0163934 0.0163934 0.0163934 0.0491803 0.0163934 0.147541 0.0163934 0.0163934 0.0491803 0.0819672 0.0819672 0.442623 
0.0014627 0.578742 0.000487567 0.0014627 0.0014627 0.0014627 0.403218 0.000487567 0.0014627 0.000487567 0.000487567 0.000487567 0.000487567 0.000487567 0.00731351 
