0.000171939 0.000171939 0.000171939 0.134285 0.00361073 0.000171939 0.000171939 0.342331 0.00189133 0.000171939 0.000171939 0.00189133 0.000171939 0.048315 0.462689 0.00361073 
0.00157233 0.0172956 0.158805 0.00157233 0.00157233 0.00157233 0.00157233 0.00157233 0.488994 0.00157233 0.0172956 0.0172956 0.00157233 0.0330189 0.00157233 0.253145 
0.0010142 0.0010142 0.0010142 0.0010142 0.0010142 0.0010142 0.0010142 0.0010142 0.497972 0.426978 0.0010142 0.0010142 0.0618661 0.0010142 0.0010142 0.0010142 
0.00316456 0.00316456 0.00316456 0.00316456 0.00316456 0.00316456 0.00316456 0.0981013 0.00316456 0.00316456 0.00316456 0.00316456 0.161392 0.0664557 0.00316456 0.636076 
0.00102459 0.0932377 0.0317623 0.00102459 0.00102459 0.00102459 0.00102459 0.00102459 0.00102459 0.134221 0.0112705 0.185451 0.298156 0.23668 0.00102459 0.00102459 
0.106218 0.00259067 0.00259067 0.261658 0.00259067 0.00259067 0.00259067 0.00259067 0.00259067 0.106218 0.00259067 0.0284974 0.235751 0.235751 0.00259067 0.00259067 
0.00519611 0.000167616 0.201307 0.114147 0.0705665 0.000167616 0.000167616 0.000167616 0.00519611 0.000167616 0.000167616 0.000167616 0.00351995 0.328696 0.22645 0.0437479 
0.00820657 0.0302242 0.0122098 0.00220176 0.170336 0.00020016 0.00020016 0.00020016 0.00020016 0.00420336 0.00420336 0.0122098 0.00020016 0.276421 0.306445 0.172338 
0.000138966 0.000138966 0.000138966 0.000138966 0.00430795 0.000138966 0.000138966 0.32532 0.000138966 0.0390495 0.000138966 0.000138966 0.00152863 0.369789 0.258616 0.000138966 
0.00137741 0.11157 0.0151515 0.00137741 0.0977961 0.00137741 0.00137741 0.00137741 0.00137741 0.331956 0.00137741 0.00137741 0.00137741 0.00137741 0.00137741 0.428375 
0.00143678 0.0301724 0.00143678 0.00143678 0.0445402 0.00143678 0.0301724 0.0158046 0.145115 0.00143678 0.00143678 0.00143678 0.547414 0.00143678 0.173851 0.00143678 
0.00501672 0.000238892 0.000238892 0.0336837 0.0121835 0.000238892 0.000238892 0.00262781 0.17463 0.000238892 0.000238892 0.000238892 0.272575 0.0456283 0.408743 0.0432394 
0.000994036 0.000994036 0.000994036 0.000994036 0.0606362 0.0208748 0.000994036 0.100398 0.0705765 0.0407555 0.0506958 0.000994036 0.527833 0.000994036 0.0109344 0.110338 
0.0060241 0.0060241 0.0060241 0.0060241 0.0060241 0.0060241 0.0060241 0.0060241 0.0060241 0.36747 0.0060241 0.0662651 0.0060241 0.0060241 0.0060241 0.487952 
0.000137627 0.000137627 0.000137627 0.00839527 0.276769 0.000137627 0.0111478 0.000137627 0.00426645 0.000137627 0.000137627 0.0235343 0.0620699 0.000137627 0.429535 0.183182 
0.00115473 0.00115473 0.00115473 0.382217 0.00115473 0.0127021 0.00115473 0.0242494 0.243649 0.00115473 0.00115473 0.00115473 0.00115473 0.301386 0.0242494 0.00115473 
0.0193897 0.000317864 0.000317864 0.060712 0.000317864 0.000317864 0.000317864 0.000317864 0.559758 0.000317864 0.000317864 0.000317864 0.0766052 0.00667514 0.267324 0.00667514 
0.012995 0.000618812 0.012995 0.26052 0.000618812 0.000618812 0.000618812 0.000618812 0.112005 0.000618812 0.000618812 0.012995 0.272896 0.0996287 0.211015 0.000618812 
0.000379363 0.0496965 0.000379363 0.000379363 0.000379363 0.000379363 0.000379363 0.000379363 0.459408 0.000379363 0.000379363 0.000379363 0.205235 0.00796662 0.27352 0.000379363 
0.00121065 0.00121065 0.00121065 0.00121065 0.00121065 0.00121065 0.00121065 0.00121065 0.00121065 0.00121065 0.66707 0.00121065 0.0133172 0.00121065 0.303874 0.00121065 
0.00265957 0.00265957 0.00265957 0.00265957 0.00265957 0.00265957 0.00265957 0.00265957 0.56117 0.00265957 0.00265957 0.00265957 0.268617 0.00265957 0.135638 0.00265957 
0.00127226 0.0267176 0.00127226 0.00127226 0.00127226 0.00127226 0.00127226 0.00127226 0.395674 0.00127226 0.00127226 0.00127226 0.332061 0.00127226 0.141221 0.0903308 
0.191576 0.0013587 0.0013587 0.0013587 0.0013587 0.123641 0.0013587 0.0013587 0.0013587 0.232337 0.0013587 0.0013587 0.39538 0.0285326 0.0013587 0.0149457 
0.0926893 0.00130548 0.00130548 0.00130548 0.00130548 0.105744 0.00130548 0.0665796 0.00130548 0.249347 0.00130548 0.00130548 0.432115 0.04047 0.00130548 0.00130548 
0.000180636 0.00379335 0.000180636 0.0561777 0.000180636 0.000180636 0.00198699 0.000180636 0.0345014 0.0579841 0.000180636 0.00740607 0.500542 0.0326951 0.303649 0.000180636 
0.0600775 0.00193798 0.00193798 0.00193798 0.00193798 0.00193798 0.00193798 0.00193798 0.00193798 0.00193798 0.00193798 0.00193798 0.00193798 0.757752 0.156977 0.00193798 
0.000150921 0.237096 0.000150921 0.166164 0.000150921 0.000150921 0.015243 0.000150921 0.00769695 0.135979 0.000150921 0.00618775 0.000150921 0.000150921 0.377452 0.0529731 
0.0357766 0.0008726 0.0095986 0.236475 0.0008726 0.0008726 0.0008726 0.0008726 0.419721 0.175393 0.0008726 0.0008726 0.0008726 0.0008726 0.114311 0.0008726 
0.000771605 0.000771605 0.000771605 0.378858 0.286265 0.000771605 0.000771605 0.000771605 0.000771605 0.000771605 0.232253 0.000771605 0.00848765 0.0856481 0.000771605 0.000771605 
0.00337838 0.0371622 0.00337838 0.0709459 0.0371622 0.00337838 0.00337838 0.0371622 0.64527 0.00337838 0.00337838 0.00337838 0.10473 0.00337838 0.0371622 0.00337838 
0.00145773 0.00145773 0.0306122 0.00145773 0.00145773 0.00145773 0.00145773 0.293003 0.584548 0.00145773 0.0451895 0.00145773 0.016035 0.00145773 0.00145773 0.016035 
0.000223914 0.000223914 0.000223914 0.000223914 0.000223914 0.000223914 0.105464 0.00470219 0.000223914 0.000223914 0.000223914 0.50627 0.000223914 0.000223914 0.369682 0.0114196 
0.168134 0.000880282 0.000880282 0.000880282 0.0096831 0.000880282 0.0184859 0.000880282 0.458627 0.0272887 0.000880282 0.0184859 0.000880282 0.220951 0.0360915 0.0360915 
0.000180963 0.000180963 0.000180963 0.014658 0.000180963 0.000180963 0.000180963 0.000180963 0.568404 0.0399928 0.00560984 0.000180963 0.000180963 0.0092291 0.2481 0.112378 
0.000422654 0.000422654 0.00887574 0.0553677 0.000422654 0.000422654 0.000422654 0.000422654 0.203297 0.0046492 0.000422654 0.000422654 0.638631 0.000422654 0.0849535 0.000422654 
0.424198 0.016035 0.118076 0.00145773 0.103499 0.0597668 0.00145773 0.00145773 0.00145773 0.0451895 0.00145773 0.00145773 0.016035 0.205539 0.00145773 0.00145773 
0.00162338 0.00162338 0.00162338 0.0665584 0.00162338 0.00162338 0.0340909 0.00162338 0.261364 0.00162338 0.099026 0.00162338 0.212662 0.00162338 0.310065 0.00162338 
0.0440041 0.000257334 0.00540401 0.0105507 0.00283067 0.000257334 0.0362841 0.000257334 0.568966 0.0954709 0.000257334 0.0234174 0.0903242 0.000257334 0.121204 0.000257334 
0.0115711 0.0115711 0.000162973 0.000162973 0.000162973 0.000162973 0.000162973 0.288625 0.133801 0.190841 0.0148305 0.000162973 0.000162973 0.172914 0.047425 0.127282 
0.00862069 0.00862069 0.00862069 0.00862069 0.00862069 0.00862069 0.00862069 0.00862069 0.00862069 0.00862069 0.00862069 0.00862069 0.87069 0.00862069 0.00862069 0.00862069 
0.00118203 0.00118203 0.00118203 0.225768 0.00118203 0.0484634 0.0248227 0.072104 0.00118203 0.00118203 0.00118203 0.00118203 0.261229 0.0130024 0.343972 0.00118203 
0.000721501 0.000721501 0.000721501 0.123377 0.000721501 0.000721501 0.000721501 0.000721501 0.000721501 0.000721501 0.000721501 0.000721501 0.686147 0.0151515 0.166667 0.000721501 
0.00485437 0.00485437 0.00485437 0.00485437 0.00485437 0.00485437 0.00485437 0.00485437 0.393204 0.00485437 0.00485437 0.00485437 0.393204 0.00485437 0.00485437 0.150485 
0.0034965 0.0034965 0.0034965 0.388112 0.0034965 0.0034965 0.0034965 0.0034965 0.562937 0.0034965 0.0034965 0.0034965 0.0034965 0.0034965 0.0034965 0.0034965 
0.000508647 0.000508647 0.000508647 0.000508647 0.0106816 0.000508647 0.000508647 0.000508647 0.000508647 0.341302 0.000508647 0.000508647 0.509156 0.132757 0.000508647 0.000508647 
0.00190114 0.0589354 0.00190114 0.477186 0.00190114 0.00190114 0.00190114 0.00190114 0.382129 0.00190114 0.039924 0.0209125 0.00190114 0.00190114 0.00190114 0.00190114 
0.658895 0.000123365 0.00752529 0.000123365 0.000123365 0.00629164 0.000123365 0.000123365 0.164199 0.0605724 0.0297311 0.000123365 0.000123365 0.0494695 0.0223291 0.000123365 
0.000104866 0.024224 0.000104866 0.000104866 0.000104866 0.000104866 0.000104866 0.00639681 0.000104866 0.000104866 0.000104866 0.000104866 0.517093 0.0819002 0.338821 0.0305159 
0.00280899 0.00280899 0.00280899 0.00280899 0.0870787 0.00280899 0.620787 0.00280899 0.00280899 0.255618 0.00280899 0.00280899 0.00280899 0.00280899 0.00280899 0.00280899 
0.0147144 0.0175995 0.000288517 0.000288517 0.000288517 0.000288517 0.000288517 0.000288517 0.000288517 0.0637623 0.000288517 0.000288517 0.583093 0.000288517 0.317657 0.000288517 
0.776031 0.000169033 0.000169033 0.000169033 0.000169033 0.000169033 0.000169033 0.000169033 0.000169033 0.000169033 0.0035497 0.000169033 0.000169033 0.0339757 0.184415 0.000169033 
0.000133761 0.000133761 0.000133761 0.026886 0.000133761 0.000133761 0.000133761 0.00147138 0.0255484 0.147271 0.000133761 0.000133761 0.000133761 0.000133761 0.13122 0.666265 
0.000160102 0.00176113 0.000160102 0.00336215 0.0465898 0.000160102 0.00176113 0.000160102 0.000160102 0.000160102 0.0802113 0.000160102 0.544508 0.000160102 0.320365 0.000160102 
0.00485437 0.150485 0.00485437 0.00485437 0.00485437 0.00485437 0.00485437 0.00485437 0.490291 0.00485437 0.00485437 0.00485437 0.296117 0.00485437 0.00485437 0.00485437 
0.467593 0.00462963 0.00462963 0.328704 0.00462963 0.00462963 0.00462963 0.00462963 0.00462963 0.00462963 0.00462963 0.00462963 0.00462963 0.00462963 0.00462963 0.143519 
0.000829187 0.00912106 0.000829187 0.0339967 0.000829187 0.000829187 0.000829187 0.000829187 0.000829187 0.125207 0.000829187 0.000829187 0.796849 0.000829187 0.0257048 0.000829187 
0.000194704 0.000194704 0.000194704 0.0858645 0.000194704 0.000194704 0.000194704 0.000194704 0.648559 0.000194704 0.000194704 0.000194704 0.000194704 0.000194704 0.255257 0.00798287 
0.000441306 0.000441306 0.000441306 0.000441306 0.000441306 0.000441306 0.494704 0.000441306 0.000441306 0.000441306 0.000441306 0.000441306 0.000441306 0.000441306 0.499117 0.000441306 
0.00517875 0.000167056 0.000167056 0.000167056 0.000167056 0.000167056 0.000167056 0.000167056 0.299198 0.108754 0.0185433 0.000167056 0.148847 0.011861 0.213999 0.192282 
0.00337838 0.00337838 0.00337838 0.00337838 0.00337838 0.00337838 0.00337838 0.00337838 0.206081 0.00337838 0.00337838 0.00337838 0.746622 0.00337838 0.00337838 0.00337838 
0.0037594 0.0037594 0.0037594 0.0413534 0.0037594 0.0037594 0.342105 0.0037594 0.0037594 0.0037594 0.0037594 0.0037594 0.379699 0.0037594 0.191729 0.0037594 
0.22043 0.00537634 0.00537634 0.00537634 0.00537634 0.00537634 0.00537634 0.00537634 0.650538 0.00537634 0.00537634 0.00537634 0.0591398 0.00537634 0.00537634 0.00537634 
0.000137061 0.000137061 0.000137061 0.000137061 0.000137061 0.000137061 0.000137061 0.263295 0.0165844 0.09608 0.0864857 0.000137061 0.261924 0.000137061 0.27426 0.000137061 
0.0034965 0.0034965 0.0384615 0.178322 0.0034965 0.0034965 0.0034965 0.0034965 0.0034965 0.0034965 0.0034965 0.0034965 0.0384615 0.597902 0.0034965 0.108392 
0.000956023 0.0200765 0.000956023 0.000956023 0.000956023 0.000956023 0.0105163 0.000956023 0.125239 0.0965583 0.0583174 0.000956023 0.459847 0.000956023 0.144359 0.0774379 
0.00224215 0.00224215 0.00224215 0.00224215 0.0695067 0.00224215 0.00224215 0.0246637 0.428251 0.00224215 0.00224215 0.00224215 0.00224215 0.00224215 0.428251 0.0246637 
0.00297619 0.0327381 0.0625 0.00297619 0.00297619 0.00297619 0.00297619 0.00297619 0.53869 0.00297619 0.0327381 0.00297619 0.00297619 0.00297619 0.0327381 0.270833 
0.030715 0.000503525 0.000503525 0.0357503 0.000503525 0.010574 0.000503525 0.000503525 0.660121 0.000503525 0.000503525 0.030715 0.000503525 0.000503525 0.22709 0.000503525 
0.00167785 0.0687919 0.0520134 0.00167785 0.00167785 0.0352349 0.00167785 0.00167785 0.0687919 0.00167785 0.00167785 0.00167785 0.454698 0.0352349 0.270134 0.00167785 
0.00055991 0.00615901 0.00055991 0.00055991 0.00055991 0.00055991 0.12374 0.0117581 0.0117581 0.196529 0.00615901 0.00055991 0.168533 0.00055991 0.129339 0.342105 
0.00442478 0.00442478 0.00442478 0.0929204 0.00442478 0.00442478 0.00442478 0.00442478 0.358407 0.00442478 0.00442478 0.00442478 0.225664 0.00442478 0.0486726 0.225664 
0.00306748 0.00306748 0.0337423 0.0337423 0.0337423 0.0337423 0.432515 0.00306748 0.156442 0.095092 0.00306748 0.00306748 0.125767 0.00306748 0.0337423 0.00306748 
0.000144383 0.000144383 0.000144383 0.000144383 0.000144383 0.000144383 0.0232457 0.0131389 0.000144383 0.0405718 0.00591972 0.000144383 0.566128 0.000144383 0.349552 0.000144383 
0.00510204 0.00510204 0.00510204 0.566327 0.00510204 0.00510204 0.158163 0.00510204 0.00510204 0.00510204 0.00510204 0.00510204 0.209184 0.00510204 0.00510204 0.00510204 
0.116046 0.000175562 0.0159761 0.00193118 0.000175562 0.000175562 0.428546 0.000175562 0.000175562 0.000175562 0.000175562 0.000175562 0.000175562 0.0510885 0.305653 0.0791784 
0.0877103 0.000171644 0.000171644 0.0774116 0.000171644 0.000171644 0.000171644 0.000171644 0.369207 0.0465156 0.000171644 0.00188809 0.00360453 0.0379334 0.115173 0.259355 
0.00406504 0.166667 0.00406504 0.00406504 0.654472 0.00406504 0.00406504 0.00406504 0.00406504 0.00406504 0.00406504 0.00406504 0.0447154 0.00406504 0.0853659 0.00406504 
0.452596 0.396163 0.00112867 0.00112867 0.023702 0.00112867 0.00112867 0.00112867 0.00112867 0.023702 0.023702 0.00112867 0.0688488 0.00112867 0.00112867 0.00112867 
0.00234742 0.00234742 0.00234742 0.00234742 0.307512 0.00234742 0.119718 0.00234742 0.0962441 0.00234742 0.00234742 0.00234742 0.424883 0.00234742 0.0258216 0.00234742 
0.00316456 0.31962 0.224684 0.161392 0.00316456 0.00316456 0.00316456 0.00316456 0.00316456 0.00316456 0.00316456 0.00316456 0.161392 0.00316456 0.00316456 0.0981013 
0.00246305 0.00246305 0.00246305 0.00246305 0.00246305 0.00246305 0.224138 0.00246305 0.00246305 0.00246305 0.00246305 0.00246305 0.0763547 0.00246305 0.00246305 0.667488 
0.0108471 0.000516529 0.0779959 0.300103 0.0160124 0.000516529 0.0676653 0.00568182 0.0831612 0.103822 0.134814 0.000516529 0.000516529 0.191632 0.00568182 0.000516529 
0.00510204 0.00510204 0.362245 0.0561224 0.00510204 0.00510204 0.00510204 0.00510204 0.00510204 0.00510204 0.00510204 0.00510204 0.0561224 0.00510204 0.158163 0.311224 
0.00326797 0.0359477 0.00326797 0.0359477 0.00326797 0.00326797 0.0359477 0.00326797 0.00326797 0.00326797 0.00326797 0.00326797 0.689542 0.00326797 0.133987 0.0359477 
0.00246305 0.00246305 0.00246305 0.00246305 0.00246305 0.00246305 0.00246305 0.0270936 0.00246305 0.224138 0.0270936 0.00246305 0.00246305 0.445813 0.248768 0.00246305 
0.340438 0.000576037 0.000576037 0.000576037 0.000576037 0.000576037 0.000576037 0.000576037 0.403802 0.144585 0.000576037 0.000576037 0.00633641 0.0236175 0.0754608 0.000576037 
0.00229358 0.00229358 0.461009 0.139908 0.00229358 0.0252294 0.00229358 0.00229358 0.0252294 0.0711009 0.00229358 0.00229358 0.254587 0.00229358 0.00229358 0.00229358 
0.00362319 0.00362319 0.00362319 0.0398551 0.184783 0.00362319 0.00362319 0.00362319 0.221014 0.00362319 0.00362319 0.00362319 0.112319 0.076087 0.00362319 0.32971 
0.000144383 0.000144383 0.000144383 0.000144383 0.000144383 0.000144383 0.000144383 0.000144383 0.000144383 0.000144383 0.577678 0.000144383 0.000144383 0.000144383 0.219607 0.200837 
0.00725594 0.000659631 0.000659631 0.000659631 0.00725594 0.000659631 0.000659631 0.000659631 0.976913 0.000659631 0.000659631 0.000659631 0.000659631 0.000659631 0.000659631 0.000659631 
0.00423729 0.00423729 0.00423729 0.00423729 0.00423729 0.00423729 0.00423729 0.00423729 0.216102 0.00423729 0.00423729 0.0466102 0.258475 0.258475 0.173729 0.00423729 
0.0180103 0.000857633 0.0265866 0.223842 0.11235 0.000857633 0.0608919 0.000857633 0.0694683 0.103774 0.000857633 0.000857633 0.000857633 0.301029 0.000857633 0.0780446 
0.00462963 0.00462963 0.00462963 0.189815 0.00462963 0.00462963 0.0972222 0.00462963 0.513889 0.0509259 0.00462963 0.00462963 0.0972222 0.00462963 0.00462963 0.00462963 
0.00192106 0.000174642 0.0106532 0.000174642 0.000174642 0.000174642 0.000174642 0.014146 0.000174642 0.000174642 0.000174642 0.000174642 0.546804 0.0578065 0.326755 0.0403423 
0.689542 0.00326797 0.00326797 0.101307 0.00326797 0.00326797 0.00326797 0.00326797 0.166667 0.00326797 0.00326797 0.00326797 0.00326797 0.00326797 0.00326797 0.00326797 
0.00234742 0.00234742 0.00234742 0.00234742 0.00234742 0.0492958 0.00234742 0.00234742 0.00234742 0.00234742 0.00234742 0.00234742 0.683099 0.0258216 0.00234742 0.213615 
0.000686813 0.000686813 0.000686813 0.0487637 0.000686813 0.000686813 0.000686813 0.000686813 0.893544 0.000686813 0.000686813 0.000686813 0.000686813 0.0487637 0.000686813 0.000686813 
9.61908e-05 9.61908e-05 9.61908e-05 0.0010581 9.61908e-05 9.61908e-05 0.0693536 9.61908e-05 0.521451 0.190554 9.61908e-05 9.61908e-05 9.61908e-05 9.61908e-05 0.216526 9.61908e-05 
0.000178063 0.00551994 0.000178063 0.000178063 0.000178063 0.000178063 0.000178063 0.000178063 0.000178063 0.156873 0.530805 0.00195869 0.000178063 0.000178063 0.302885 0.000178063 
0.0489537 0.000373692 0.000373692 0.000373692 0.000373692 0.000373692 0.000373692 0.000373692 0.44133 0.149851 0.000373692 0.00784753 0.000373692 0.288117 0.0526906 0.00784753 
0.00122549 0.00122549 0.00122549 0.344363 0.00122549 0.00122549 0.172794 0.00122549 0.00122549 0.00122549 0.00122549 0.00122549 0.234069 0.123775 0.00122549 0.11152 
0.00406504 0.00406504 0.00406504 0.00406504 0.00406504 0.00406504 0.126016 0.00406504 0.00406504 0.00406504 0.00406504 0.00406504 0.817073 0.00406504 0.00406504 0.00406504 
0.00316456 0.00316456 0.0348101 0.129747 0.00316456 0.00316456 0.00316456 0.00316456 0.699367 0.00316456 0.0981013 0.00316456 0.00316456 0.00316456 0.00316456 0.00316456 
0.00632131 0.000154178 0.000154178 0.000154178 0.000154178 0.000154178 0.000154178 0.0479494 0.451896 0.0849522 0.000154178 0.000154178 0.0417823 0.0664508 0.0433241 0.25609 
0.00234742 0.00234742 0.00234742 0.00234742 0.0258216 0.00234742 0.00234742 0.00234742 0.0258216 0.00234742 0.0258216 0.00234742 0.542254 0.143192 0.00234742 0.213615 
0.000566251 0.000566251 0.000566251 0.227067 0.000566251 0.000566251 0.000566251 0.000566251 0.30068 0.170442 0.000566251 0.000566251 0.283692 0.00622877 0.000566251 0.00622877 
0.00652432 0.00059312 0.00059312 0.0183867 0.00059312 0.00059312 0.00059312 0.00059312 0.148873 0.00059312 0.00059312 0.113286 0.107355 0.599644 0.00059312 0.00059312 
0.00297619 0.00297619 0.0327381 0.00297619 0.0327381 0.0327381 0.00297619 0.00297619 0.00297619 0.181548 0.00297619 0.00297619 0.00297619 0.00297619 0.00297619 0.6875 
0.000176491 0.000176491 0.000176491 0.000176491 0.000176491 0.000176491 0.000176491 0.559654 0.000176491 0.000176491 0.000176491 0.000176491 0.0142958 0.0954818 0.146664 0.181963 
0.248466 0.125767 0.00306748 0.00306748 0.00306748 0.00306748 0.00306748 0.00306748 0.00306748 0.00306748 0.00306748 0.00306748 0.52454 0.00306748 0.0644172 0.00306748 
0.00121065 0.00121065 0.00121065 0.00121065 0.00121065 0.00121065 0.00121065 0.00121065 0.582324 0.00121065 0.00121065 0.00121065 0.400726 0.00121065 0.00121065 0.00121065 
0.0388674 0.000175871 0.000175871 0.0283152 0.000175871 0.0177629 0.000175871 0.000175871 0.000175871 0.0212803 0.3484 0.000175871 0.0177629 0.19891 0.228808 0.0986634 
0.00337838 0.0709459 0.0371622 0.00337838 0.00337838 0.172297 0.00337838 0.00337838 0.00337838 0.00337838 0.0709459 0.0709459 0.00337838 0.10473 0.442568 0.00337838 
0.000802568 0.000802568 0.113162 0.000802568 0.000802568 0.000802568 0.00882825 0.000802568 0.000802568 0.161316 0.0248796 0.000802568 0.000802568 0.0810594 0.0569823 0.546549 
0.000252143 0.000252143 0.000252143 0.350731 0.000252143 0.000252143 0.000252143 0.00277358 0.20701 0.0204236 0.000252143 0.0380736 0.000252143 0.0330308 0.345688 0.000252143 
0.363318 0.00116822 0.00116822 0.00116822 0.0128505 0.0245327 0.00116822 0.0128505 0.00116822 0.00116822 0.00116822 0.00116822 0.573598 0.00116822 0.00116822 0.00116822 
0.00362319 0.00362319 0.00362319 0.00362319 0.00362319 0.00362319 0.00362319 0.0398551 0.00362319 0.655797 0.00362319 0.00362319 0.257246 0.00362319 0.00362319 0.00362319 
0.0103143 0.000491159 0.000491159 0.000491159 0.000491159 0.000491159 0.000491159 0.000491159 0.000491159 0.000491159 0.000491159 0.747053 0.000491159 0.236248 0.000491159 0.000491159 
0.00684932 0.000622665 0.000622665 0.00684932 0.0379826 0.000622665 0.000622665 0.156289 0.143836 0.112702 0.000622665 0.000622665 0.380448 0.00684932 0.143836 0.000622665 
0.00462963 0.00462963 0.0509259 0.00462963 0.00462963 0.00462963 0.00462963 0.00462963 0.00462963 0.189815 0.00462963 0.00462963 0.328704 0.00462963 0.375 0.00462963 
0.00083612 0.00083612 0.00083612 0.176421 0.00083612 0.00083612 0.00083612 0.00083612 0.00083612 0.00083612 0.00083612 0.00083612 0.418896 0.00083612 0.193144 0.201505 
0.0015015 0.0015015 0.0015015 0.0015015 0.0165165 0.0315315 0.0015015 0.0015015 0.0015015 0.0015015 0.0015015 0.0015015 0.0915916 0.842342 0.0015015 0.0015015 
0.000215239 0.000215239 0.000215239 0.0561774 0.00452002 0.000215239 0.000215239 0.676065 0.000215239 0.00236763 0.000215239 0.00236763 0.000215239 0.000215239 0.25635 0.000215239 
0.0589354 0.00190114 0.00190114 0.00190114 0.0969582 0.00190114 0.00190114 0.00190114 0.401141 0.00190114 0.00190114 0.00190114 0.039924 0.0589354 0.00190114 0.325095 
0.0899445 0.0997388 0.000163239 0.000163239 0.0050604 0.000163239 0.0426053 0.000163239 0.0213843 0.0817826 0.44907 0.000163239 0.000163239 0.0213843 0.143813 0.0442377 
0.000257334 0.000257334 0.000257334 0.000257334 0.000257334 0.000257334 0.437725 0.000257334 0.000257334 0.000257334 0.000257334 0.000257334 0.0465775 0.00797735 0.504632 0.000257334 
0.000221435 0.000221435 0.000221435 0.079938 0.000221435 0.000221435 0.0755093 0.00686448 0.104296 0.000221435 0.000221435 0.000221435 0.000221435 0.458592 0.15744 0.115368 
0.000119674 0.000119674 0.000119674 0.000119674 0.000119674 0.00251316 0.000119674 0.000119674 0.36034 0.349569 0.000119674 0.00730014 0.00370991 0.0324318 0.138942 0.104236 
0.000109697 0.000109697 0.000109697 0.000109697 0.00449759 0.000109697 0.000109697 0.0132734 0.359917 0.000109697 0.000109697 0.000109697 0.000109697 0.110904 0.362111 0.148201 
0.000144592 0.00303644 0.000144592 0.000144592 0.000144592 0.000144592 0.000144592 0.0521978 0.431029 0.0174957 0.0261712 0.000144592 0.000144592 0.0146038 0.185223 0.269086 
0.00121065 0.00121065 0.00121065 0.0133172 0.00121065 0.00121065 0.00121065 0.437046 0.0254237 0.0496368 0.0133172 0.00121065 0.00121065 0.437046 0.0133172 0.00121065 
0.000165673 0.000165673 0.00347913 0.0382704 0.000165673 0.000165673 0.000165673 0.0018224 0.604871 0.000165673 0.000165673 0.000165673 0.000165673 0.0730616 0.276839 0.000165673 
0.0379334 0.000171644 0.0602472 0.000171644 0.000171644 0.000171644 0.000171644 0.000171644 0.000171644 0.00875386 0.000171644 0.000171644 0.693615 0.0877103 0.110024 0.000171644 
0.70788 0.0013587 0.0013587 0.0013587 0.110054 0.0013587 0.0149457 0.0013587 0.0013587 0.0149457 0.137228 0.0013587 0.0013587 0.0013587 0.0013587 0.0013587 
0.0374088 0.000912409 0.000912409 0.201642 0.000912409 0.000912409 0.000912409 0.0100365 0.57573 0.000912409 0.000912409 0.000912409 0.165146 0.000912409 0.000912409 0.000912409 
0.000138007 0.00151808 0.000138007 0.000138007 0.000138007 0.000138007 0.000138007 0.352056 0.019459 0.145046 0.000138007 0.000138007 0.0484405 0.127105 0.299614 0.00565829 
0.000121418 0.000121418 0.000121418 0.0280476 0.000121418 0.000121418 0.000121418 0.242958 0.000121418 0.0620447 0.000121418 0.000121418 0.000121418 0.279383 0.386231 0.000121418 
0.00402607 0.000191718 0.000191718 0.120974 0.00402607 0.000191718 0.000191718 0.000191718 0.322278 0.000191718 0.000191718 0.0212807 0.151649 0.000191718 0.324195 0.0500383 
0.0395203 0.232206 0.0021628 0.0395203 0.000196618 0.000196618 0.0198584 0.000196618 0.00412898 0.0631144 0.0650806 0.000196618 0.114235 0.114235 0.267597 0.0375541 
0.036759 0.000192456 0.00404157 0.000192456 0.000192456 0.000192456 0.000192456 0.321594 0.0232871 0.0579292 0.000192456 0.000192456 0.000192456 0.0771747 0.221517 0.256159 
0.260259 0.00107991 0.00107991 0.109071 0.00107991 0.00107991 0.00107991 0.00107991 0.454644 0.163067 0.00107991 0.00107991 0.00107991 0.00107991 0.00107991 0.00107991 
0.000701262 0.000701262 0.000701262 0.140954 0.000701262 0.000701262 0.000701262 0.000701262 0.687938 0.000701262 0.0147265 0.000701262 0.000701262 0.000701262 0.133941 0.0147265 
0.784605 0.000706215 0.0360169 0.0995763 0.000706215 0.000706215 0.000706215 0.000706215 0.000706215 0.0148305 0.000706215 0.0148305 0.000706215 0.0148305 0.0289548 0.000706215 
0.000215703 0.000215703 0.0153149 0.000215703 0.0562985 0.000215703 0.000215703 0.0282571 0.000215703 0.215919 0.49849 0.0584556 0.00237274 0.000215703 0.123167 0.000215703 
0.000137627 0.000137627 0.000137627 0.00426645 0.000137627 0.000137627 0.000137627 0.000137627 0.000137627 0.133636 0.0262868 0.000137627 0.000137627 0.000137627 0.670383 0.163914 
0.113007 0.000321958 0.0132003 0.000321958 0.000321958 0.000321958 0.000321958 0.000321958 0.673213 0.0582743 0.000321958 0.000321958 0.000321958 0.000321958 0.0711526 0.067933 
0.00280899 0.00280899 0.00280899 0.00280899 0.00280899 0.00280899 0.0308989 0.0870787 0.00280899 0.00280899 0.00280899 0.227528 0.424157 0.00280899 0.00280899 0.199438 
0.0413534 0.0037594 0.0037594 0.0037594 0.0037594 0.0789474 0.0037594 0.0037594 0.229323 0.0037594 0.0037594 0.116541 0.0037594 0.0037594 0.0037594 0.492481 
0.0236052 0.00214592 0.00214592 0.00214592 0.00214592 0.00214592 0.409871 0.00214592 0.0450644 0.259657 0.00214592 0.00214592 0.195279 0.0450644 0.00214592 0.00214592 
0.000165673 0.000165673 0.000165673 0.000165673 0.00513585 0.000165673 0.000165673 0.430915 0.00513585 0.0879722 0.000165673 0.000165673 0.0018224 0.10951 0.185719 0.172465 
0.000142328 0.000142328 0.000142328 0.000142328 0.000142328 0.000142328 0.000142328 0.000142328 0.000142328 0.000142328 0.000142328 0.000142328 0.000142328 0.000142328 0.997865 0.000142328 
0.0496352 0.000130276 0.00403856 0.000130276 0.000130276 0.0027358 0.0027358 0.0157634 0.000130276 0.149948 0.000130276 0.00143304 0.474336 0.0887181 0.0952319 0.114773 
0.000160359 0.000160359 0.000160359 0.000160359 0.000160359 0.000160359 0.000160359 0.000160359 0.00176395 0.000160359 0.000160359 0.000160359 0.000160359 0.000160359 0.465202 0.530949 
0.00019857 0.00019857 0.00019857 0.00019857 0.603852 0.0101271 0.00019857 0.00218427 0.00019857 0.222597 0.00019857 0.00019857 0.00019857 0.00019857 0.159055 0.00019857 
0.000169319 0.0171013 0.000169319 0.000169319 0.000169319 0.000169319 0.000169319 0.0103285 0.459025 0.0441923 0.000169319 0.000169319 0.105147 0.169489 0.193193 0.000169319 
0.364407 0.546005 0.00121065 0.00121065 0.00121065 0.00121065 0.00121065 0.00121065 0.00121065 0.0133172 0.00121065 0.00121065 0.0617433 0.00121065 0.00121065 0.00121065 
0.00124069 0.00124069 0.00124069 0.361042 0.174938 0.00124069 0.00124069 0.00124069 0.00124069 0.00124069 0.00124069 0.0260546 0.361042 0.0632754 0.00124069 0.00124069 
0.000133583 0.000133583 0.000133583 0.000133583 0.380844 0.00146941 0.000133583 0.000133583 0.000133583 0.0535667 0.000133583 0.000133583 0.0215068 0.00547689 0.498397 0.0375367 
0.00442478 0.00442478 0.00442478 0.00442478 0.00442478 0.00442478 0.00442478 0.00442478 0.00442478 0.00442478 0.137168 0.00442478 0.00442478 0.137168 0.00442478 0.668142 
0.000984252 0.000984252 0.000984252 0.000984252 0.000984252 0.000984252 0.000984252 0.0895669 0.0305118 0.000984252 0.000984252 0.000984252 0.394685 0.0206693 0.45374 0.000984252 
0.00119617 0.00119617 0.144737 0.228469 0.0849282 0.00119617 0.00119617 0.00119617 0.276316 0.00119617 0.0370813 0.00119617 0.216507 0.00119617 0.00119617 0.00119617 
0.0515075 0.00125628 0.00125628 0.252513 0.00125628 0.00125628 0.0389447 0.00125628 0.46608 0.00125628 0.00125628 0.00125628 0.177136 0.00125628 0.00125628 0.00125628 
0.00111607 0.00111607 0.00111607 0.179688 0.00111607 0.00111607 0.00111607 0.00111607 0.481027 0.179688 0.00111607 0.00111607 0.146205 0.00111607 0.00111607 0.00111607 
0.221311 0.00273224 0.00273224 0.139344 0.00273224 0.00273224 0.00273224 0.00273224 0.303279 0.0300546 0.00273224 0.00273224 0.0846995 0.00273224 0.0846995 0.112022 
0.000626566 0.000626566 0.000626566 0.0695489 0.213659 0.0131579 0.119674 0.000626566 0.000626566 0.000626566 0.000626566 0.0632832 0.163534 0.351504 0.000626566 0.000626566 
0.000441306 0.000441306 0.000441306 0.0798764 0.000441306 0.000441306 0.0269197 0.000441306 0.048985 0.176964 0.000441306 0.000441306 0.353486 0.269638 0.0136805 0.0269197 
0.000145433 0.000145433 0.000145433 0.000145433 0.000145433 0.000145433 0.000145433 0.000145433 0.405905 0.0146888 0.000145433 0.000145433 0.119401 0.0612275 0.397179 0.000145433 
0.000216638 0.000216638 0.000216638 0.000216638 0.00238302 0.000216638 0.00238302 0.000216638 0.00454939 0.000216638 0.000216638 0.000216638 0.000216638 0.0673744 0.886265 0.0348787 
0.225371 0.000264831 0.000264831 0.000264831 0.000264831 0.000264831 0.000264831 0.000264831 0.567002 0.00291314 0.000264831 0.000264831 0.0240996 0.00556144 0.172405 0.000264831 
0.000295334 0.000295334 0.000295334 0.000295334 0.00620201 0.000295334 0.000295334 0.000295334 0.63231 0.000295334 0.000295334 0.00324867 0.115475 0.000295334 0.239516 0.000295334 
0.0502001 0.0335223 0.0552035 0.000166778 0.000166778 0.000166778 0.00183456 0.000166778 0.463809 0.000166778 0.0835557 0.0268512 0.0168446 0.0318546 0.235324 0.000166778 
0.468284 0.00186567 0.00186567 0.00186567 0.00186567 0.00186567 0.00186567 0.00186567 0.281716 0.00186567 0.00186567 0.0391791 0.188433 0.00186567 0.00186567 0.00186567 
0.000417362 0.000417362 0.0171119 0.0588481 0.000417362 0.000417362 0.000417362 0.108932 0.000417362 0.000417362 0.000417362 0.000417362 0.259182 0.292571 0.171536 0.0880634 
0.000651042 0.000651042 0.000651042 0.130859 0.000651042 0.000651042 0.000651042 0.000651042 0.677734 0.000651042 0.00716146 0.000651042 0.000651042 0.000651042 0.000651042 0.176432 
0.000391236 0.000391236 0.000391236 0.282081 0.297731 0.000391236 0.000391236 0.000391236 0.000391236 0.106025 0.000391236 0.000391236 0.000391236 0.000391236 0.309468 0.000391236 
0.629105 0.000566251 0.000566251 0.000566251 0.000566251 0.00622877 0.00622877 0.000566251 0.000566251 0.351642 0.000566251 0.000566251 0.000566251 0.000566251 0.000566251 0.000566251 
0.123683 0.00563022 0.00744642 0.00018162 0.00199782 0.00018162 0.00018162 0.0147112 0.479659 0.11097 0.00018162 0.00018162 0.021976 0.0437704 0.040138 0.14911 
0.338235 0.00210084 0.0231092 0.00210084 0.00210084 0.00210084 0.00210084 0.0231092 0.00210084 0.0861345 0.00210084 0.00210084 0.506303 0.00210084 0.00210084 0.00210084 
0.00029274 0.00029274 0.36329 0.00029274 0.00029274 0.00029274 0.269614 0.00029274 0.00029274 0.00029274 0.00322014 0.00029274 0.00029274 0.0354215 0.29596 0.0295667 
0.0014773 0.00819232 0.0001343 0.0149073 0.0135643 0.00282031 0.0001343 0.00282031 0.0417674 0.15458 0.0001343 0.0001343 0.0001343 0.0565404 0.0538544 0.648805 
0.0218444 6.05107e-05 6.05107e-05 0.00429626 6.05107e-05 6.05107e-05 0.000665618 0.00127072 6.05107e-05 0.123502 0.478095 6.05107e-05 0.0163984 0.0769091 0.276594 6.05107e-05 
0.000222916 0.000222916 0.388096 0.000222916 0.000222916 0.000222916 0.000222916 0.000222916 0.00691039 0.000222916 0.000222916 0.000222916 0.000222916 0.000222916 0.220909 0.381409 
0.000586166 0.000586166 0.000586166 0.000586166 0.0123095 0.000586166 0.000586166 0.0943728 0.276084 0.000586166 0.000586166 0.000586166 0.100234 0.199883 0.170574 0.141266 
0.00326797 0.00326797 0.95098 0.00326797 0.00326797 0.00326797 0.00326797 0.00326797 0.00326797 0.00326797 0.00326797 0.00326797 0.00326797 0.00326797 0.00326797 0.00326797 
0.22758 0.000307125 0.000307125 0.000307125 0.000307125 0.000307125 0.00337838 0.000307125 0.335074 0.000307125 0.000307125 0.00337838 0.000307125 0.110872 0.316646 0.000307125 
0.000175871 0.00193458 0.00193458 0.543616 0.000175871 0.000175871 0.000175871 0.000175871 0.0898699 0.00193458 0.00369328 0.0195216 0.000175871 0.118009 0.218255 0.000175871 
0.00137741 0.00137741 0.00137741 0.0426997 0.00137741 0.00137741 0.084022 0.00137741 0.511019 0.00137741 0.0151515 0.00137741 0.180441 0.0426997 0.00137741 0.11157 
0.000201369 0.000201369 0.000201369 0.151228 0.000201369 0.000201369 0.000201369 0.000201369 0.000201369 0.0928313 0.00221506 0.000201369 0.000201369 0.614378 0.137133 0.000201369 
0.000556793 0.000556793 0.000556793 0.000556793 0.000556793 0.000556793 0.000556793 0.000556793 0.679844 0.000556793 0.000556793 0.00612472 0.000556793 0.000556793 0.306793 0.000556793 
0.000133404 0.000133404 0.01881 0.100187 0.0108058 0.00813767 0.000133404 0.0588314 0.000133404 0.1242 0.302962 0.000133404 0.0641676 0.0708378 0.0441569 0.196238 
0.000170765 0.000170765 0.000170765 0.000170765 0.000170765 0.000170765 0.000170765 0.000170765 0.561988 0.0787227 0.000170765 0.000170765 0.0975068 0.0616462 0.128245 0.0701844 
0.000108155 0.000108155 0.0141683 0.000108155 0.0055159 0.126649 0.019576 0.019576 0.000108155 0.631733 0.000108155 0.000108155 0.000108155 0.0184945 0.15477 0.00876055 
0.00448885 0.000144802 0.000144802 0.000144802 0.000144802 0.000144802 0.000144802 0.000144802 0.000144802 0.000144802 0.000144802 0.000144802 0.000144802 0.000144802 0.993484 0.000144802 
0.014936 0.000711238 0.000711238 0.000711238 0.000711238 0.164296 0.157183 0.00782361 0.000711238 0.142959 0.164296 0.0362731 0.000711238 0.000711238 0.228307 0.0789474 
0.00510204 0.0561224 0.00510204 0.209184 0.00510204 0.617347 0.00510204 0.00510204 0.00510204 0.00510204 0.00510204 0.00510204 0.00510204 0.0561224 0.00510204 0.00510204 
0.000169895 0.000169895 0.00356779 0.0103636 0.000169895 0.000169895 0.000169895 0.321271 0.102107 0.0562351 0.000169895 0.00186884 0.000169895 0.000169895 0.248216 0.255012 
0.000123671 0.0100173 0.000123671 0.125031 0.53438 0.000123671 0.0186743 0.000123671 0.000123671 0.0063072 0.000123671 0.000123671 0.000123671 0.0434084 0.261069 0.000123671 
0.00943396 0.00943396 0.00943396 0.00943396 0.00943396 0.858491 0.00943396 0.00943396 0.00943396 0.00943396 0.00943396 0.00943396 0.00943396 0.00943396 0.00943396 0.00943396 
0.00462963 0.0509259 0.00462963 0.00462963 0.00462963 0.652778 0.00462963 0.00462963 0.00462963 0.189815 0.00462963 0.00462963 0.00462963 0.00462963 0.0509259 0.00462963 
0.00326797 0.00326797 0.00326797 0.00326797 0.00326797 0.787582 0.00326797 0.00326797 0.00326797 0.101307 0.00326797 0.0359477 0.00326797 0.00326797 0.0359477 0.00326797 
0.000400641 0.000400641 0.000400641 0.000400641 0.701522 0.00841346 0.000400641 0.000400641 0.000400641 0.0124199 0.0244391 0.00841346 0.00841346 0.0124199 0.216747 0.00440705 
0.000165948 0.000165948 0.0930966 0.0383339 0.000165948 0.582642 0.000165948 0.00846333 0.000165948 0.00182542 0.000165948 0.000165948 0.000165948 0.0748423 0.167773 0.031696 
0.00462963 0.0509259 0.00462963 0.00462963 0.00462963 0.00462963 0.00462963 0.00462963 0.00462963 0.00462963 0.00462963 0.00462963 0.00462963 0.00462963 0.00462963 0.884259 
0.000138007 0.000138007 0.00151808 0.0180789 0.000138007 0.000138007 0.000138007 0.0208391 0.303754 0.000138007 0.000138007 0.000138007 0.000138007 0.000138007 0.273392 0.381038 
0.129747 0.00316456 0.00316456 0.0348101 0.00316456 0.541139 0.193038 0.00316456 0.00316456 0.00316456 0.00316456 0.00316456 0.00316456 0.0664557 0.00316456 0.00316456 
0.00326797 0.00326797 0.00326797 0.00326797 0.00326797 0.689542 0.101307 0.00326797 0.00326797 0.00326797 0.00326797 0.0359477 0.00326797 0.0359477 0.00326797 0.101307 
0.00537634 0.00537634 0.00537634 0.00537634 0.00537634 0.596774 0.00537634 0.00537634 0.00537634 0.00537634 0.00537634 0.0591398 0.00537634 0.00537634 0.112903 0.166667 
0.0348101 0.0348101 0.00316456 0.0348101 0.00316456 0.477848 0.00316456 0.00316456 0.00316456 0.00316456 0.224684 0.00316456 0.00316456 0.00316456 0.161392 0.00316456 
0.157395 0.000327225 0.000327225 0.000327225 0.000327225 0.464987 0.127945 0.000327225 0.000327225 0.000327225 0.000327225 0.00687173 0.000327225 0.000327225 0.239202 0.000327225 
0.0717192 0.0971516 0.000508647 0.0971516 0.000508647 0.468464 0.000508647 0.000508647 0.000508647 0.0971516 0.000508647 0.000508647 0.000508647 0.000508647 0.153103 0.0106816 
0.00289017 0.00289017 0.00289017 0.234104 0.00289017 0.552023 0.0317919 0.00289017 0.00289017 0.0317919 0.00289017 0.0317919 0.00289017 0.00289017 0.00289017 0.0895954 
6.04741e-05 0.633224 6.04741e-05 6.04741e-05 6.04741e-05 6.04741e-05 6.04741e-05 6.04741e-05 6.04741e-05 0.000665215 6.04741e-05 6.04741e-05 6.04741e-05 6.04741e-05 0.365324 6.04741e-05 
0.00214592 0.216738 0.00214592 0.517167 0.00214592 0.216738 0.00214592 0.00214592 0.00214592 0.00214592 0.0236052 0.00214592 0.00214592 0.00214592 0.00214592 0.00214592 
0.0972503 0.0285079 0.000202184 0.0244642 0.000202184 0.014355 0.000202184 0.000202184 0.000202184 0.0103114 0.542054 0.000202184 0.000202184 0.000202184 0.277194 0.00424586 
0.172297 0.00337838 0.00337838 0.00337838 0.00337838 0.273649 0.00337838 0.0371622 0.00337838 0.00337838 0.476351 0.00337838 0.00337838 0.00337838 0.00337838 0.00337838 
0.12872 0.0182597 0.00473399 0.000225428 0.000225428 0.608882 0.000225428 0.000225428 0.000225428 0.000225428 0.000225428 0.000225428 0.000225428 0.000225428 0.236925 0.000225428 
0.00735294 0.227941 0.00735294 0.00735294 0.00735294 0.595588 0.00735294 0.00735294 0.00735294 0.00735294 0.00735294 0.00735294 0.0808824 0.00735294 0.00735294 0.00735294 
0.771113 0.000126807 0.000126807 0.000126807 0.000126807 0.00519909 0.000126807 0.00139488 0.000126807 0.220771 0.000126807 0.000126807 0.000126807 0.000126807 0.000126807 0.000126807 
0.0346535 0.00165017 0.00165017 0.183168 0.0181518 0.00165017 0.00165017 0.0676568 0.150165 0.00165017 0.0511551 0.00165017 0.00165017 0.00165017 0.463696 0.0181518 
0.00485437 0.00485437 0.00485437 0.00485437 0.150485 0.00485437 0.101942 0.00485437 0.00485437 0.0533981 0.00485437 0.00485437 0.00485437 0.00485437 0.150485 0.490291 
0.0625 0.00297619 0.00297619 0.00297619 0.151786 0.00297619 0.241071 0.00297619 0.0922619 0.00297619 0.419643 0.00297619 0.00297619 0.00297619 0.00297619 0.00297619 
0.915541 0.00337838 0.00337838 0.00337838 0.00337838 0.00337838 0.0371622 0.00337838 0.00337838 0.00337838 0.00337838 0.00337838 0.00337838 0.00337838 0.00337838 0.00337838 
0.650538 0.00537634 0.00537634 0.00537634 0.00537634 0.0591398 0.00537634 0.0591398 0.00537634 0.0591398 0.00537634 0.00537634 0.00537634 0.00537634 0.112903 0.00537634 
0.240286 0.000183284 0.00384897 0.027676 0.014846 0.524377 0.000183284 0.000183284 0.000183284 0.000183284 0.000183284 0.000183284 0.000183284 0.000183284 0.187133 0.000183284 
0.679054 0.00337838 0.00337838 0.0371622 0.00337838 0.0709459 0.0371622 0.00337838 0.00337838 0.00337838 0.00337838 0.00337838 0.00337838 0.00337838 0.138514 0.00337838 
0.00862069 0.00862069 0.181034 0.00862069 0.00862069 0.698276 0.00862069 0.00862069 0.00862069 0.00862069 0.00862069 0.00862069 0.00862069 0.00862069 0.00862069 0.00862069 
0.0705128 0.262821 0.00641026 0.00641026 0.00641026 0.134615 0.0705128 0.00641026 0.00641026 0.00641026 0.00641026 0.00641026 0.00641026 0.00641026 0.391026 0.00641026 
0.0384615 0.0034965 0.0034965 0.0034965 0.0034965 0.842657 0.0034965 0.0384615 0.0034965 0.0034965 0.0384615 0.0034965 0.0034965 0.0034965 0.0034965 0.0034965 
0.00442478 0.535398 0.00442478 0.00442478 0.00442478 0.137168 0.00442478 0.00442478 0.00442478 0.00442478 0.00442478 0.0486726 0.0486726 0.00442478 0.00442478 0.181416 
0.0034965 0.0034965 0.0034965 0.0034965 0.0034965 0.493007 0.0384615 0.0034965 0.0034965 0.178322 0.0034965 0.248252 0.0034965 0.0034965 0.0034965 0.0034965 
0.000144802 0.000144802 0.000144802 0.000144802 0.000144802 0.0696496 0.424414 0.000144802 0.017521 0.00159282 0.00159282 0.000144802 0.000144802 0.101506 0.275268 0.107298 
