0.004065 0.004065 0.004065 0.004065 0.004065 0.004065 0.004065 0.947154 0.004065 0.020325 
0.002809 0.002809 0.002809 0.002809 0.002809 0.002809 0.002809 0.974719 0.002809 0.002809 
0.002242 0.002242 0.002242 0.002242 0.002242 0.002242 0.002242 0.979821 0.002242 0.002242 
0.001597 0.004792 0.001597 0.001597 0.001597 0.001597 0.001597 0.976038 0.007987 0.001597 
0.000430 0.000430 0.000430 0.000430 0.000430 0.431583 0.000430 0.554647 0.009036 0.002151 
0.000659 0.001098 0.000220 0.000659 0.000220 0.624561 0.000659 0.370606 0.000659 0.000659 
0.000184 0.000184 0.000184 0.000184 0.000184 0.657411 0.000552 0.339279 0.000552 0.001287 
0.000153 0.000765 0.000459 0.000153 0.000153 0.700459 0.000765 0.295872 0.000765 0.000459 
0.000151 0.000151 0.000151 0.000151 0.000151 0.696158 0.000454 0.302329 0.000151 0.000151 
0.000148 0.000445 0.000148 0.000445 0.000148 0.706048 0.000148 0.291580 0.000148 0.000741 
0.000324 0.012862 0.000324 0.000324 0.000108 0.715629 0.000324 0.269888 0.000108 0.000108 
0.000106 0.024300 0.000106 0.000106 0.000106 0.704902 0.000106 0.268994 0.001167 0.000106 
0.000517 0.030532 0.000103 0.000103 0.000310 0.690023 0.000310 0.277272 0.000103 0.000724 
0.019865 0.130630 0.000275 0.001556 0.000275 0.611589 0.000092 0.234804 0.000824 0.000092 
0.119193 0.250965 0.000067 0.000200 0.000333 0.463530 0.000067 0.164714 0.000333 0.000599 
0.224615 0.284932 0.000054 0.000163 0.000054 0.364125 0.000271 0.125136 0.000597 0.000054 
0.212491 0.285737 0.000054 0.000054 0.000054 0.368543 0.000268 0.132693 0.000054 0.000054 
0.220260 0.280113 0.000160 0.000907 0.000160 0.362371 0.000267 0.135656 0.000053 0.000053 
0.223423 0.286289 0.000157 0.000261 0.000052 0.357613 0.000157 0.130169 0.000470 0.001410 
0.187927 0.232245 0.000040 0.000040 0.000362 0.291281 0.153744 0.102429 0.000201 0.031730 
0.187529 0.227706 0.000039 0.000271 0.000271 0.273378 0.169647 0.096493 0.000039 0.044628 
0.185246 0.220105 0.000341 0.000189 0.000038 0.271029 0.170620 0.096961 0.001857 0.053615 
0.160194 0.194737 0.000033 0.000228 0.000033 0.224987 0.153168 0.075104 0.020654 0.170863 
0.152127 0.198250 0.000033 0.000033 0.000033 0.220954 0.158763 0.076991 0.020524 0.172294 
0.144342 0.188950 0.000093 0.000031 0.000031 0.205670 0.154337 0.067590 0.064567 0.174389 
0.137604 0.168380 0.000089 0.000148 0.027497 0.202700 0.144220 0.068787 0.080011 0.170565 
0.123690 0.157729 0.000079 0.000397 0.080175 0.172710 0.130360 0.057041 0.110773 0.167046 
0.123210 0.157243 0.000026 0.000026 0.083100 0.174259 0.128230 0.056888 0.115864 0.161153 
0.122971 0.148873 0.000076 0.000025 0.094626 0.166989 0.124955 0.057834 0.121902 0.161747 
0.123215 0.150911 0.000025 0.000278 0.096025 0.164329 0.122405 0.053241 0.132329 0.157241 
0.121243 0.151399 0.000124 0.002455 0.098428 0.154771 0.121987 0.053244 0.131361 0.164989 
0.114444 0.143435 0.000023 0.041826 0.091812 0.154798 0.111031 0.050103 0.137076 0.155452 
0.105167 0.148345 0.000023 0.063254 0.090082 0.146403 0.111851 0.047898 0.136737 0.150242 
0.103199 0.141230 0.000203 0.064310 0.089574 0.148087 0.110913 0.045678 0.144072 0.152734 
0.110568 0.141347 0.000023 0.064691 0.088486 0.147476 0.110207 0.051262 0.133055 0.152884 
0.106204 0.141538 0.000022 0.079415 0.087473 0.145036 0.108639 0.047755 0.138527 0.145391 
0.102647 0.140792 0.000022 0.083793 0.092498 0.147441 0.107808 0.049147 0.134405 0.141448 
0.101341 0.137168 0.000153 0.086399 0.089501 0.145557 0.104924 0.049393 0.139221 0.146343 
0.099044 0.129030 0.024871 0.090357 0.088352 0.134460 0.104891 0.047674 0.137300 0.144024 
0.098200 0.130000 0.074484 0.087448 0.080356 0.124814 0.091985 0.043981 0.137244 0.131487 
0.096429 0.126020 0.080140 0.083881 0.083239 0.127003 0.093707 0.041289 0.139172 0.129119 
0.097561 0.122399 0.087581 0.085326 0.080189 0.128091 0.092016 0.040713 0.137331 0.128793 
0.098820 0.124434 0.093777 0.081683 0.079929 0.122936 0.089868 0.043463 0.138501 0.126589 
0.092886 0.117762 0.135364 0.082124 0.072066 0.114946 0.086449 0.042830 0.132011 0.123563 
0.090530 0.115794 0.134700 0.082633 0.074301 0.119809 0.085344 0.034951 0.136373 0.125565 
0.090730 0.111012 0.151510 0.077859 0.072204 0.117740 0.081987 0.039702 0.136591 0.120665 
0.083251 0.107726 0.182833 0.077212 0.063886 0.113097 0.083716 0.039963 0.131097 0.117219 
0.079025 0.106469 0.196862 0.075231 0.065538 0.103700 0.079662 0.041638 0.137099 0.114777 
