0.00420524 0.00081304 0.270493 0.204345 0.206041 0.126325 0.00081304 0.00081304 0.0364312 0.00081304 0.00420524 0.0245585 0.00250914 0.0143819 0.016078 0.00081304 0.00081304 0.00081304 0.00081304 0.083922 
0.104479 0.0346341 0.00669614 0.00669614 0.00669614 0.118448 0.00669614 0.244169 0.00669614 0.00669614 0.00669614 0.0206651 0.00669614 0.00669614 0.0206651 0.118448 0.00669614 0.00669614 0.244169 0.0206651 
0.00449733 0.00449733 0.0138793 0.00449733 0.0795533 0.342249 0.00449733 0.107699 0.00449733 0.00449733 0.00449733 0.00449733 0.00449733 0.0326433 0.00449733 0.00449733 0.0326433 0.0232613 0.314103 0.00449733 
0.0121089 0.0626304 0.0121089 0.0121089 0.0121089 0.41628 0.0121089 0.0121089 0.0121089 0.113152 0.0121089 0.0121089 0.0121089 0.0121089 0.188934 0.0373696 0.0121089 0.0121089 0.0121089 0.0121089 
0.061365 0.193957 0.00453993 0.0897776 0.00453993 0.364432 0.00453993 0.00453993 0.00453993 0.00453993 0.00453993 0.00453993 0.0329525 0.0424233 0.0708359 0.00453993 0.00453993 0.0329525 0.061365 0.00453993 
0.0102895 0.0532198 0.375197 0.0102895 0.0961501 0.0317546 0.0746849 0.0102895 0.0102895 0.0317546 0.0102895 0.0532198 0.0102895 0.0102895 0.0102895 0.0102895 0.0532198 0.0746849 0.0532198 0.0102895 
0.00906297 0.0669537 0.00410091 0.257166 0.00244689 0.00575493 0.379564 0.0338733 0.000792868 0.0619917 0.000792868 0.00244689 0.0322193 0.00740895 0.0206411 0.00244689 0.104996 0.00244689 0.000792868 0.00410091 
0.00291449 0.0639877 0.0107949 0.424517 0.00291449 0.0048846 0.237357 0.00291449 0.0048846 0.0364063 0.000944386 0.00291449 0.000944386 0.0068547 0.0403465 0.000944386 0.0797486 0.000944386 0.000944386 0.0738383 
0.000658832 0.465208 0.00615646 0.133976 0.0144029 0.221938 0.00340764 0.000658832 0.000658832 0.00203324 0.00753086 0.00478205 0.00890527 0.00753086 0.0721279 0.00340764 0.0157773 0.00203324 0.0240237 0.00478205 
0.0183572 0.154855 0.00594832 0.00594832 0.0431751 0.0183572 0.0431751 0.10522 0.00594832 0.00594832 0.0307662 0.00594832 0.0307662 0.0307662 0.167264 0.0183572 0.00594832 0.00594832 0.291354 0.00594832 
0.0319558 0.00617832 0.00617832 0.019067 0.0448445 0.418618 0.00617832 0.00617832 0.00617832 0.070622 0.019067 0.00617832 0.0577332 0.00617832 0.0577332 0.122177 0.0319558 0.0448445 0.00617832 0.0319558 
0.0011237 0.0620726 0.0011237 0.392603 0.017533 0.273049 0.0011237 0.0011237 0.0128446 0.0456633 0.0011237 0.00581208 0.0011237 0.0011237 0.05504 0.0011237 0.0105005 0.0948912 0.0011237 0.0198772 
0.0136237 0.0228329 0.0044145 0.0412513 0.0044145 0.612221 0.0136237 0.078088 0.0320421 0.0044145 0.0044145 0.0136237 0.0136237 0.0136237 0.0044145 0.0412513 0.0228329 0.0504605 0.0044145 0.0044145 
0.0194963 0.0194963 0.0601679 0.0194963 0.0194963 0.0194963 0.0194963 0.0194963 0.0601679 0.0194963 0.0194963 0.0194963 0.0194963 0.0194963 0.0194963 0.0194963 0.263526 0.263526 0.0601679 0.0194963 
0.000652554 0.000652554 0.0632728 0.532924 0.000652554 0.0741632 0.011543 0.000652554 0.00337517 0.000652554 0.000652554 0.00201386 0.00201386 0.000652554 0.181707 0.0564662 0.00882041 0.033324 0.0224335 0.00337517 
0.0050679 0.131935 0.100218 0.0685015 0.0156402 0.0473569 0.0050679 0.0050679 0.0367847 0.131935 0.0050679 0.0156402 0.0156402 0.0050679 0.0685015 0.0050679 0.0050679 0.163652 0.0050679 0.163652 
0.00148598 0.00148598 0.0355853 0.237081 0.00148598 0.0541849 0.0727845 0.00148598 0.00768585 0.00768585 0.0107858 0.00768585 0.00768585 0.00148598 0.00458592 0.00148598 0.00148598 0.540875 0.00148598 0.00148598 
0.00282662 0.10307 0.250487 0.221004 0.0558967 0.12076 0.0441033 0.00282662 0.01462 0.0441033 0.00282662 0.0205166 0.01462 0.00282662 0.00282662 0.0382067 0.03231 0.0205166 0.00282662 0.00282662 
0.0128112 0.0201753 0.160094 0.156412 0.00176502 0.45834 0.00912914 0.00176502 0.0128112 0.00912914 0.00176502 0.0164933 0.0128112 0.00176502 0.00176502 0.00176502 0.00544708 0.0790883 0.0238574 0.0128112 
0.00529168 0.0273699 0.0163308 0.159839 0.00529168 0.0273699 0.0163308 0.00529168 0.00529168 0.0163308 0.038409 0.00529168 0.00529168 0.0163308 0.00529168 0.579324 0.00529168 0.00529168 0.00529168 0.049448 
0.0324512 0.0105152 0.0105152 0.120195 0.0763232 0.0324512 0.0105152 0.0105152 0.0324512 0.0105152 0.0105152 0.0324512 0.0105152 0.0105152 0.0105152 0.0105152 0.0324512 0.471171 0.0543872 0.0105152 
0.00553613 0.0170852 0.155674 0.0979286 0.00553613 0.144125 0.00553613 0.00553613 0.00553613 0.00553613 0.0517324 0.00553613 0.0286342 0.00553613 0.00553613 0.0170852 0.00553613 0.421302 0.00553613 0.00553613 
0.0426459 0.0303891 0.0794164 0.0181322 0.0671596 0.128444 0.0426459 0.0181322 0.00587541 0.0181322 0.0426459 0.152957 0.0794164 0.128444 0.00587541 0.0303891 0.0181322 0.0303891 0.0303891 0.0303891 
0.0765998 0.0647777 0.0174892 0.0174892 0.00566703 0.194821 0.0293113 0.0765998 0.100244 0.0293113 0.0529555 0.00566703 0.0411334 0.0411334 0.0293113 0.0884219 0.00566703 0.00566703 0.112066 0.00566703 
0.00797625 0.0240023 0.0257829 0.294664 0.00263424 0.469169 0.000853577 0.000853577 0.0222216 0.00441491 0.00797625 0.00619558 0.0471509 0.000853577 0.00975691 0.00797625 0.00975691 0.0150989 0.0400283 0.00263424 
0.00804465 0.528291 0.00804465 0.108737 0.00804465 0.0416089 0.0248268 0.0416089 0.00804465 0.00804465 0.0248268 0.0248268 0.00804465 0.00804465 0.0751732 0.0248268 0.00804465 0.00804465 0.00804465 0.0248268 
0.00518852 0.00667976 0.122996 0.403347 0.00518852 0.000714833 0.0379956 0.00220606 0.00667976 0.000714833 0.00220606 0.000714833 0.000714833 0.00817099 0.0201008 0.000714833 0.00369729 0.00220606 0.106592 0.263171 
0.00391034 0.0120678 0.126272 0.00391034 0.00391034 0.00391034 0.0528551 0.0283827 0.0120678 0.0936424 0.00391034 0.00391034 0.00391034 0.0283827 0.0446977 0.0446977 0.0202253 0.305736 0.142587 0.0610126 
0.00348403 0.141578 0.127042 0.0325565 0.00348403 0.00348403 0.00348403 0.0252884 0.0180203 0.0107522 0.0470928 0.0107522 0.148846 0.0979696 0.0107522 0.272404 0.0107522 0.00348403 0.0107522 0.0180203 
0.0127532 0.0393581 0.0925677 0.0127532 0.0127532 0.119173 0.0127532 0.0127532 0.0127532 0.0127532 0.0127532 0.0127532 0.0127532 0.145777 0.0393581 0.0127532 0.0127532 0.305406 0.0659629 0.0393581 
0.00625899 0.0715441 0.00625899 0.0715441 0.0715441 0.319627 0.00625899 0.00625899 0.019316 0.032373 0.032373 0.00625899 0.00625899 0.00625899 0.00625899 0.00625899 0.00625899 0.30657 0.00625899 0.00625899 
0.00545409 0.00105449 0.00985368 0.339823 0.00105449 0.00105449 0.581801 0.00325429 0.00325429 0.0142533 0.00985368 0.00105449 0.00105449 0.00105449 0.0120535 0.00765389 0.00105449 0.00325429 0.00105449 0.00105449 
0.0697389 0.226005 0.00394251 0.0121671 0.00394251 0.0944126 0.00394251 0.0121671 0.0121671 0.00394251 0.0450653 0.00394251 0.00394251 0.0450653 0.0615144 0.0203916 0.00394251 0.341149 0.0203916 0.0121671 
0.00263894 0.0240451 0.00977432 0.159617 0.0008551 0.00442279 0.00263894 0.0561543 0.0008551 0.0008551 0.00799048 0.0258289 0.0008551 0.00620663 0.525305 0.0722089 0.0454512 0.0436674 0.0008551 0.00977432 
0.00195987 0.00604839 0.0224025 0.0755533 0.00195987 0.688832 0.00195987 0.00604839 0.0101369 0.0142254 0.026491 0.00195987 0.00195987 0.0101369 0.00195987 0.00195987 0.0101369 0.11235 0.00195987 0.00195987 
0.00625899 0.149886 0.00625899 0.019316 0.00625899 0.0584871 0.019316 0.00625899 0.00625899 0.0715441 0.00625899 0.00625899 0.019316 0.110715 0.00625899 0.04543 0.437141 0.00625899 0.00625899 0.00625899 
0.0068886 0.0068886 0.05 0.251187 0.0212591 0.208075 0.0068886 0.0068886 0.0068886 0.05 0.0068886 0.0068886 0.0931114 0.0212591 0.05 0.0212591 0.0068886 0.0212591 0.0068886 0.150593 
0.0112948 0.0541605 0.051639 0.0264238 0.00373022 0.0743326 0.364307 0.0138163 0.00120871 0.00120871 0.00625174 0.0163378 0.00120871 0.0289454 0.00625174 0.00120871 0.00120871 0.213016 0.112155 0.0112948 
0.0104239 0.195434 0.0136415 0.0409908 0.0265117 0.00881511 0.0104239 0.000771184 0.000771184 0.00398875 0.0345557 0.0265117 0.135909 0.0184678 0.234045 0.0425996 0.000771184 0.00559754 0.184173 0.00559754 
0.0244731 0.0244731 0.0244731 0.0244731 0.0244731 0.432904 0.0244731 0.0244731 0.0244731 0.0244731 0.0755269 0.0244731 0.0244731 0.0244731 0.0244731 0.0755269 0.0244731 0.0244731 0.0244731 0.0244731 
0.00517737 0.0267786 0.102383 0.167187 0.0483799 0.264393 0.0375793 0.00517737 0.00517737 0.0267786 0.0591805 0.0375793 0.015978 0.0375793 0.0267786 0.0591805 0.0267786 0.00517737 0.015978 0.0267786 
0.00327012 0.0169139 0.0373795 0.25568 0.00327012 0.371652 0.166995 0.0169139 0.00327012 0.00327012 0.00327012 0.00327012 0.0578452 0.010092 0.00327012 0.00327012 0.00327012 0.0305576 0.00327012 0.00327012 
0.051749 0.261633 0.051749 0.156691 0.0167683 0.0867298 0.0167683 0.0167683 0.0167683 0.0167683 0.0167683 0.0167683 0.0167683 0.0167683 0.0167683 0.0167683 0.0167683 0.121711 0.051749 0.0167683 
0.0131018 0.0677658 0.0404338 0.0131018 0.0131018 0.0677658 0.0131018 0.0131018 0.0131018 0.0404338 0.0131018 0.0131018 0.0131018 0.0404338 0.0131018 0.0677658 0.0131018 0.341086 0.0131018 0.177094 
0.00723094 0.00234305 0.0805493 0.00723094 0.00723094 0.33472 0.0218946 0.00723094 0.100101 0.0218946 0.00234305 0.00234305 0.00723094 0.00234305 0.00723094 0.00234305 0.00234305 0.0561099 0.324944 0.00234305 
0.024417 0.00791187 0.305005 0.024417 0.00791187 0.024417 0.00791187 0.0739325 0.00791187 0.00791187 0.00791187 0.00791187 0.0409222 0.0574273 0.00791187 0.00791187 0.00791187 0.255489 0.0739325 0.0409222 
0.000585592 0.154509 0.00302883 0.000585592 0.00791529 0.0189098 0.0103585 0.0103585 0.00302883 0.0103585 0.000585592 0.000585592 0.00425044 0.00180721 0.00669368 0.616281 0.000585592 0.0995366 0.0494503 0.000585592 
0.000498507 0.0992935 0.000498507 0.322882 0.000498507 0.464315 0.0545758 0.00361835 0.0025784 0.0025784 0.0192176 0.00153845 0.010898 0.0046583 0.000498507 0.000498507 0.000498507 0.000498507 0.00361835 0.00673819 
0.0109977 0.0339402 0.0798253 0.0109977 0.0568828 0.0798253 0.492791 0.0109977 0.0568828 0.0109977 0.0109977 0.0109977 0.0109977 0.0109977 0.0109977 0.0109977 0.0109977 0.0109977 0.0568828 0.0109977 
0.00135188 0.00135188 0.0605757 0.162102 0.00417206 0.59641 0.00981242 0.018273 0.00135188 0.00417206 0.00417206 0.00135188 0.0126326 0.00699224 0.00981242 0.0126326 0.00135188 0.0295537 0.00981242 0.0521151 
0.00246729 0.00413511 0.00079948 0.0725155 0.00079948 0.00246729 0.0241489 0.00079948 0.00913855 0.00580292 0.00413511 0.00246729 0.00079948 0.00079948 0.00246729 0.811357 0.0158098 0.0308201 0.00413511 0.00413511 
0.000634418 0.000634418 0.0681316 0.0840133 0.000634418 0.0681316 0.000634418 0.00195789 0.0151926 0.000634418 0.000634418 0.441351 0.000634418 0.000634418 0.271947 0.000634418 0.000634418 0.000634418 0.0323978 0.00989874 
0.00233858 0.00391939 0.0102426 0.23946 0.0197275 0.595142 0.0213083 0.00391939 0.000757774 0.000757774 0.00233858 0.000757774 0.000757774 0.00233858 0.000757774 0.0861215 0.000757774 0.00391939 0.00391939 0.000757774 
0.0167683 0.0167683 0.0167683 0.051749 0.0167683 0.156691 0.051749 0.0867298 0.0167683 0.0167683 0.0167683 0.0167683 0.0167683 0.0167683 0.051749 0.051749 0.261633 0.051749 0.0167683 0.051749 
0.0162016 0.0162016 0.0162016 0.05 0.0162016 0.185194 0.0162016 0.0162016 0.05 0.05 0.0162016 0.05 0.0162016 0.05 0.0162016 0.252791 0.0837984 0.05 0.0162016 0.0162016 
0.00372788 0.00372788 0.0115047 0.625874 0.00372788 0.00372788 0.0192815 0.0581657 0.0192815 0.0115047 0.00372788 0.00372788 0.0115047 0.0192815 0.00372788 0.0348352 0.0115047 0.00372788 0.089273 0.0581657 
0.00475349 0.0852769 0.060353 0.323013 0.000919037 0.0526841 0.00858794 0.000919037 0.00283626 0.000919037 0.0105052 0.000919037 0.000919037 0.000919037 0.000919037 0.00858794 0.000919037 0.000919037 0.00283626 0.432295 
0.00204341 0.00630622 0.00204341 0.364382 0.00630622 0.0148318 0.505055 0.00204341 0.00204341 0.0190946 0.00204341 0.00204341 0.00204341 0.0574599 0.00204341 0.00204341 0.00204341 0.00204341 0.00204341 0.00204341 
0.00903309 0.032113 0.000790254 0.172241 0.000790254 0.480523 0.00903309 0.0139788 0.00243882 0.000790254 0.0123302 0.00408739 0.0156274 0.000790254 0.183781 0.0420044 0.0139788 0.000790254 0.000790254 0.00408739 
0.0127532 0.0127532 0.0393581 0.0393581 0.0127532 0.598059 0.0393581 0.0127532 0.0127532 0.0127532 0.0127532 0.0393581 0.0127532 0.0127532 0.0127532 0.0127532 0.0127532 0.0659629 0.0127532 0.0127532 
0.0138594 0.0138594 0.0138594 0.0138594 0.0138594 0.100597 0.216247 0.100597 0.0427719 0.0138594 0.0427719 0.0138594 0.0716843 0.0427719 0.0138594 0.129509 0.0138594 0.0427719 0.0716843 0.0138594 
0.0180297 0.093254 0.0556418 0.0180297 0.0180297 0.0180297 0.0180297 0.0180297 0.0180297 0.0180297 0.0180297 0.0180297 0.0180297 0.0180297 0.0556418 0.0180297 0.0180297 0.431763 0.0180297 0.093254 
0.0101403 0.00200567 0.00471722 0.195881 0.0114961 0.563295 0.0006499 0.00200567 0.0196307 0.00200567 0.0128518 0.0006499 0.0006499 0.0006499 0.00742876 0.0006499 0.0142076 0.0291211 0.0603039 0.0616596 
0.0131018 0.341086 0.0131018 0.0131018 0.0131018 0.0404338 0.149762 0.0131018 0.0131018 0.0131018 0.0404338 0.0950978 0.0131018 0.0131018 0.0677658 0.0131018 0.0950978 0.0131018 0.0131018 0.0131018 
0.00425766 0.0220217 0.00425766 0.137488 0.0397857 0.528296 0.0131397 0.00425766 0.00425766 0.0131397 0.00425766 0.00425766 0.00425766 0.00425766 0.0220217 0.0397857 0.00425766 0.0309037 0.0841957 0.0309037 
0.18026 0.0091155 0.0661636 0.0851797 0.0091155 0.142228 0.0091155 0.0091155 0.0281315 0.0091155 0.0281315 0.0091155 0.0471476 0.123212 0.0091155 0.0091155 0.0091155 0.18026 0.0091155 0.0281315 
0.0115266 0.10771 0.0115266 0.0115266 0.0115266 0.0115266 0.0355725 0.0115266 0.0115266 0.0115266 0.0115266 0.0115266 0.0115266 0.0115266 0.179848 0.0115266 0.0836642 0.420307 0.0115266 0.0115266 
0.00232037 0.0216827 0.0168421 0.0700884 0.00232037 0.244349 0.0216827 0.00716094 0.00232037 0.0216827 0.00232037 0.00716094 0.00232037 0.00232037 0.0120015 0.17174 0.00232037 0.258871 0.128175 0.00232037 
0.0218882 0.0366839 0.00709244 0.199437 0.0218882 0.081071 0.288211 0.0218882 0.00709244 0.0958667 0.0366839 0.00709244 0.00709244 0.0366839 0.00709244 0.0662753 0.00709244 0.00709244 0.0218882 0.0218882 
0.0132879 0.0454445 0.0186474 0.18479 0.0186474 0.0240068 0.0668822 0.0240068 0.0132879 0.00256908 0.0186474 0.0668822 0.0347256 0.00256908 0.0615228 0.0132879 0.00256908 0.00256908 0.0829605 0.302697 
0.0810588 0.0156719 0.0483653 0.0156719 0.0810588 0.407993 0.0483653 0.0156719 0.0156719 0.0156719 0.0156719 0.0156719 0.0156719 0.0156719 0.0156719 0.0156719 0.113752 0.0156719 0.0156719 0.0156719 
0.0118106 0.0364489 0.0118106 0.0118106 0.0118106 0.307471 0.233556 0.0118106 0.0118106 0.110364 0.0118106 0.0118106 0.0364489 0.110364 0.0118106 0.0118106 0.0118106 0.0118106 0.0118106 0.0118106 
0.00353897 0.0178127 0.00639372 0.300433 0.000684223 0.571634 0.0506423 0.000684223 0.0021116 0.000684223 0.0021116 0.0021116 0.000684223 0.000684223 0.000684223 0.000684223 0.00353897 0.00496635 0.0278043 0.0021116 
0.0173761 0.126122 0.271117 0.0173761 0.0173761 0.0536249 0.0173761 0.0173761 0.0173761 0.0173761 0.0173761 0.0173761 0.0173761 0.0173761 0.0173761 0.0173761 0.0173761 0.126122 0.0898736 0.0898736 
0.0285314 0.000829932 0.00256127 0.386919 0.00429261 0.011218 0.248412 0.000829932 0.000829932 0.016412 0.000829932 0.00256127 0.0527701 0.000829932 0.0371881 0.000829932 0.177427 0.016412 0.000829932 0.00948663 
0.054995 0.0702341 0.0617679 0.0380627 0.00250489 0.010971 0.00419812 0.0228237 0.0143575 0.000811663 0.00419812 0.00250489 0.00589135 0.000811663 0.578203 0.0871664 0.0211304 0.010971 0.000811663 0.00758458 
0.106771 0.01471 0.01471 0.045397 0.01471 0.01471 0.01471 0.321579 0.01471 0.045397 0.045397 0.01471 0.01471 0.0760839 0.045397 0.106771 0.01471 0.045397 0.01471 0.01471 
0.0256696 0.0153163 0.00496296 0.0256696 0.036023 0.0153163 0.0877897 0.00496296 0.0153163 0.0153163 0.00496296 0.00496296 0.0153163 0.356977 0.0153163 0.325917 0.00496296 0.00496296 0.0153163 0.00496296 
0.00947588 0.00947588 0.00947588 0.00947588 0.00947588 0.305994 0.286226 0.00947588 0.00947588 0.00947588 0.00947588 0.0292437 0.0490116 0.00947588 0.0292437 0.00947588 0.00947588 0.108315 0.0687795 0.00947588 
0.0626304 0.0121089 0.0373696 0.0121089 0.0373696 0.0121089 0.0121089 0.0121089 0.0121089 0.0121089 0.0121089 0.0373696 0.0373696 0.340498 0.0121089 0.0121089 0.138413 0.138413 0.0121089 0.0373696 
0.00986594 0.00986594 0.0304475 0.0304475 0.00986594 0.00986594 0.0510291 0.0304475 0.00986594 0.174518 0.133355 0.00986594 0.00986594 0.00986594 0.339171 0.0510291 0.0304475 0.00986594 0.00986594 0.0304475 
0.00733855 0.166079 0.295055 0.00237792 0.00733855 0.042063 0.131354 0.0122992 0.0470236 0.116472 0.00237792 0.0122992 0.00237792 0.00237792 0.0271811 0.09663 0.0172598 0.00237792 0.00237792 0.00733855 
0.0536249 0.0536249 0.0173761 0.0173761 0.0173761 0.126122 0.0173761 0.0173761 0.0173761 0.0898736 0.0173761 0.0536249 0.0173761 0.0536249 0.0536249 0.0536249 0.0536249 0.234869 0.0173761 0.0173761 
0.0124227 0.0124227 0.0124227 0.0124227 0.0124227 0.53073 0.0642534 0.0124227 0.0124227 0.0642534 0.0383381 0.0124227 0.0383381 0.0124227 0.0383381 0.0383381 0.0124227 0.0124227 0.0383381 0.0124227 
0.00986594 0.153937 0.0510291 0.174518 0.0304475 0.00986594 0.0304475 0.0304475 0.0716106 0.00986594 0.00986594 0.0716106 0.00986594 0.0510291 0.0304475 0.00986594 0.0716106 0.00986594 0.112774 0.0510291 
0.0136538 0.0797378 0.0246678 0.00263982 0.00814682 0.00263982 0.0191608 0.0522028 0.0136538 0.00263982 0.0191608 0.00263982 0.0301748 0.00263982 0.00263982 0.129301 0.0742308 0.503777 0.00814682 0.00814682 
0.0092922 0.0092922 0.16437 0.106216 0.0286769 0.0286769 0.0092922 0.0092922 0.0286769 0.106216 0.0092922 0.0286769 0.0092922 0.0092922 0.0674462 0.0092922 0.280678 0.0092922 0.0674462 0.0092922 
0.01347 0.23827 0.01347 0.01347 0.01347 0.06967 0.09777 0.01347 0.01347 0.01347 0.04157 0.01347 0.09777 0.01347 0.21017 0.01347 0.01347 0.01347 0.06967 0.01347 
0.000684223 0.0163853 0.00353897 0.153413 0.0106758 0.000684223 0.0121032 0.026377 0.00496635 0.000684223 0.000684223 0.0021116 0.000684223 0.000684223 0.156268 0.600181 0.0021116 0.000684223 0.000684223 0.00639372 
0.00300374 0.00300374 0.00300374 0.00300374 0.00300374 0.00926991 0.0155361 0.00300374 0.0406007 0.00300374 0.0155361 0.00926991 0.00926991 0.0155361 0.00300374 0.0343346 0.00300374 0.817606 0.00300374 0.00300374 
0.141809 0.0151757 0.0151757 0.0151757 0.0151757 0.173468 0.0784926 0.0151757 0.0784926 0.0151757 0.141809 0.0151757 0.0151757 0.0151757 0.0468342 0.0151757 0.0468342 0.0468342 0.0151757 0.0784926 
0.00384757 0.140298 0.148325 0.00384757 0.0118741 0.0520066 0.124245 0.0118741 0.0118741 0.00384757 0.00384757 0.0199006 0.00384757 0.0359536 0.244643 0.0118741 0.00384757 0.0199006 0.116219 0.0279271 
0.05 0.0162016 0.0837984 0.05 0.0162016 0.0162016 0.0162016 0.0162016 0.0162016 0.0162016 0.0162016 0.0162016 0.0162016 0.0162016 0.0162016 0.0837984 0.0162016 0.455581 0.0162016 0.05 
0.00427043 0.028384 0.019772 0.307412 0.000825643 0.240238 0.333248 0.000825643 0.000825643 0.0232168 0.00943761 0.000825643 0.0163272 0.000825643 0.00599283 0.000825643 0.00254804 0.00254804 0.000825643 0.000825643 
0.0124227 0.0383381 0.0383381 0.0124227 0.0124227 0.0383381 0.0124227 0.0124227 0.0124227 0.219746 0.0124227 0.0124227 0.0124227 0.0124227 0.0124227 0.0124227 0.401153 0.0901688 0.0124227 0.0124227 
0.00947588 0.226922 0.0687795 0.0490116 0.00947588 0.24669 0.00947588 0.0490116 0.0687795 0.00947588 0.00947588 0.00947588 0.00947588 0.0687795 0.00947588 0.00947588 0.00947588 0.0687795 0.0292437 0.0292437 
0.00963204 0.139851 0.00312108 0.00963204 0.00312108 0.0486978 0.016143 0.016143 0.00312108 0.107296 0.016143 0.00312108 0.0421868 0.00312108 0.00312108 0.00963204 0.00312108 0.439355 0.120318 0.00312108 
0.000457583 0.0453226 0.0071396 0.136962 0.0329131 0.34315 0.118825 0.000457583 0.0415043 0.00141216 0.00141216 0.000457583 0.00141216 0.0300494 0.000457583 0.0434134 0.00141216 0.0271857 0.164644 0.00141216 
0.00259725 0.0043529 0.00259725 0.172896 0.00259725 0.00610856 0.00259725 0.000841588 0.00786422 0.000841588 0.000841588 0.0974028 0.000841588 0.0166425 0.00259725 0.63639 0.000841588 0.0113755 0.0289321 0.000841588 
0.0235111 0.411773 0.081569 0.00536802 0.00173941 0.161399 0.0198825 0.00899664 0.0380256 0.00899664 0.00173941 0.00173941 0.00536802 0.0307683 0.0235111 0.0380256 0.00173941 0.0670545 0.0670545 0.00173941 
0.0165131 0.284409 0.0165131 0.00535074 0.0388377 0.172785 0.0723246 0.00535074 0.00535074 0.00535074 0.0165131 0.00535074 0.0834869 0.0834869 0.00535074 0.00535074 0.00535074 0.161623 0.00535074 0.00535074 
0.045397 0.01471 0.01471 0.045397 0.01471 0.505701 0.01471 0.045397 0.01471 0.045397 0.01471 0.045397 0.045397 0.01471 0.01471 0.01471 0.045397 0.01471 0.01471 0.01471 
0.0373696 0.0121089 0.0121089 0.0121089 0.0373696 0.239455 0.0121089 0.0121089 0.0121089 0.0121089 0.0121089 0.0878911 0.0626304 0.0626304 0.0121089 0.0121089 0.0121089 0.315238 0.0121089 0.0121089 
0.33275 0.0616512 0.0250985 0.0205294 0.0022531 0.00529916 0.0205294 0.000730075 0.000730075 0.000730075 0.0403288 0.0022531 0.0205294 0.00834521 0.236799 0.0281446 0.0327136 0.0479439 0.0586051 0.054036 
0.0292437 0.00947588 0.0292437 0.108315 0.00947588 0.286226 0.0687795 0.167619 0.00947588 0.00947588 0.00947588 0.0490116 0.0687795 0.00947588 0.00947588 0.00947588 0.0687795 0.00947588 0.00947588 0.0292437 
0.00259692 0.00259692 0.181374 0.0513544 0.0188494 0.403492 0.0188494 0.00801441 0.0188494 0.0242669 0.0676069 0.0242669 0.0188494 0.00801441 0.00259692 0.00259692 0.00801441 0.00801441 0.121782 0.00801441 
0.00271457 0.353816 0.00271457 0.0197033 0.00271457 0.138625 0.0989843 0.00271457 0.00271457 0.00271457 0.0423551 0.00837749 0.0536809 0.0140404 0.0366921 0.0140404 0.0197033 0.00837749 0.172602 0.00271457 
0.0115266 0.0115266 0.0115266 0.0596184 0.0355725 0.0115266 0.0596184 0.0115266 0.0596184 0.0115266 0.0115266 0.0115266 0.0115266 0.0115266 0.396261 0.0355725 0.0596184 0.10771 0.0596184 0.0115266 
0.00605541 0.0965552 0.00953617 0.0495649 0.00431503 0.611708 0.00779579 0.000834265 0.02694 0.0182381 0.000834265 0.00257465 0.000834265 0.000834265 0.113959 0.00605541 0.00431503 0.000834265 0.0373822 0.000834265 
0.0118106 0.0118106 0.0118106 0.0364489 0.0118106 0.356747 0.0364489 0.0118106 0.0118106 0.0610873 0.0118106 0.110364 0.0118106 0.0118106 0.0364489 0.0118106 0.159641 0.0364489 0.0118106 0.0364489 
0.00529168 0.00529168 0.0163308 0.0163308 0.00529168 0.733872 0.00529168 0.049448 0.00529168 0.00529168 0.0273699 0.00529168 0.00529168 0.00529168 0.00529168 0.0273699 0.00529168 0.049448 0.0163308 0.00529168 
0.000831371 0.132641 0.00256571 0.139579 0.0112374 0.00776874 0.0372526 0.00430006 0.000831371 0.0875485 0.0060344 0.000831371 0.00430006 0.0060344 0.0372526 0.503791 0.0060344 0.000831371 0.00430006 0.0060344 
0.305406 0.0127532 0.0127532 0.119173 0.0659629 0.0127532 0.0127532 0.0127532 0.0127532 0.0659629 0.0659629 0.0127532 0.0127532 0.119173 0.0393581 0.0393581 0.0127532 0.0393581 0.0127532 0.0127532 
0.00361542 0.260051 0.00361542 0.0564109 0.00361542 0.0111576 0.0186998 0.00361542 0.00361542 0.00361542 0.0111576 0.0337843 0.00361542 0.00361542 0.403352 0.026242 0.0639531 0.00361542 0.0790375 0.00361542 
0.00118481 0.00118481 0.240935 0.324972 0.0135431 0.0901644 0.00118481 0.00365646 0.0135431 0.00118481 0.0209581 0.00859977 0.00365646 0.00118481 0.00118481 0.00118481 0.00118481 0.186559 0.035788 0.0481463 
0.0264925 0.00512205 0.00512205 0.282938 0.00512205 0.0799186 0.0158073 0.00512205 0.0158073 0.047863 0.0585482 0.00512205 0.0371777 0.00512205 0.00512205 0.0799186 0.0906039 0.218827 0.00512205 0.00512205 
0.01347 0.01347 0.12587 0.01347 0.04157 0.09777 0.01347 0.01347 0.06967 0.01347 0.01347 0.09777 0.01347 0.01347 0.06967 0.01347 0.01347 0.01347 0.01347 0.32257 
0.385086 0.271658 0.0353488 0.00226553 0.00226553 0.00226553 0.00226553 0.00226553 0.00226553 0.00226553 0.00226553 0.115694 0.00226553 0.00226553 0.00226553 0.00226553 0.0542536 0.0211703 0.0684321 0.0211703 
0.00877503 0.00877503 0.0206383 0.0502966 0.00284338 0.483307 0.0325016 0.00284338 0.0443649 0.0147067 0.0443649 0.0443649 0.0502966 0.00877503 0.00284338 0.109613 0.00284338 0.00877503 0.0562282 0.00284338 
0.05 0.0162016 0.0162016 0.05 0.0162016 0.421783 0.05 0.0162016 0.0162016 0.0162016 0.0162016 0.0162016 0.0162016 0.0162016 0.0162016 0.0162016 0.05 0.0162016 0.151395 0.0162016 
0.0272704 0.0272704 0.0586216 0.152675 0.0037571 0.317268 0.0351082 0.0037571 0.0115949 0.0351082 0.0115949 0.0037571 0.0037571 0.0586216 0.184026 0.0037571 0.0351082 0.0037571 0.0037571 0.0194327 
0.00642682 0.690191 0.0198339 0.0198339 0.00642682 0.00642682 0.00642682 0.00642682 0.0600554 0.00642682 0.00642682 0.0332411 0.00642682 0.00642682 0.00642682 0.00642682 0.00642682 0.0198339 0.00642682 0.0734625 
0.00101433 0.00313034 0.0750747 0.159715 0.00101433 0.130091 0.00313034 0.0264065 0.00101433 0.00101433 0.00736236 0.00101433 0.3163 0.00524635 0.214732 0.00101433 0.00101433 0.00101433 0.00101433 0.0496826 
0.024417 0.0904376 0.00791187 0.00791187 0.00791187 0.0409222 0.172963 0.00791187 0.00791187 0.024417 0.238984 0.024417 0.00791187 0.0409222 0.156458 0.0574273 0.0409222 0.024417 0.00791187 0.00791187 
0.000772427 0.020109 0.058782 0.0120521 0.0346113 0.000772427 0.0410569 0.0152748 0.00560656 0.000772427 0.00399518 0.0281658 0.000772427 0.0104407 0.000772427 0.521247 0.00882931 0.160299 0.0684503 0.00721794 
0.00120871 0.0365099 0.00373022 0.800529 0.00120871 0.0138163 0.051639 0.00373022 0.00120871 0.0541605 0.00120871 0.00373022 0.00373022 0.00120871 0.00373022 0.00625174 0.00120871 0.00120871 0.00120871 0.00877325 
0.00104302 0.473206 0.140298 0.140298 0.0119223 0.00974648 0.0859018 0.00539475 0.00974648 0.00104302 0.00539475 0.00321888 0.00757062 0.00104302 0.0880777 0.00974648 0.00104302 0.00104302 0.00321888 0.00104302 
0.0740639 0.00175365 0.0278328 0.117924 0.000568238 0.0207203 0.00886614 0.0100515 0.0242765 0.000568238 0.0574681 0.00175365 0.000568238 0.00293907 0.045614 0.0219057 0.00175365 0.065766 0.215128 0.300478 
0.00813339 0.190824 0.00813339 0.303918 0.00704594 0.00269616 0.0146581 0.00378361 0.000521275 0.00487105 0.00378361 0.000521275 0.00269616 0.00160872 0.397439 0.000521275 0.000521275 0.0418442 0.000521275 0.0059585 
0.00354403 0.0607206 0.00211462 0.273703 0.000685201 0.00211462 0.000685201 0.00783227 0.0149793 0.00211462 0.00211462 0.000685201 0.00211462 0.177933 0.389486 0.0507147 0.000685201 0.000685201 0.00497344 0.00211462 
0.00529168 0.292308 0.00529168 0.00529168 0.00529168 0.380621 0.038409 0.00529168 0.00529168 0.00529168 0.00529168 0.00529168 0.038409 0.00529168 0.038409 0.0604871 0.00529168 0.0273699 0.0604871 0.00529168 
0.000783793 0.0858085 0.0187698 0.0972541 0.000783793 0.0580119 0.000783793 0.000783793 0.000783793 0.0890786 0.00241888 0.00405397 0.0105943 0.000783793 0.00241888 0.141402 0.000783793 0.47496 0.00568906 0.00405397 
0.000811663 0.0160507 0.010971 0.099019 0.00927781 0.14135 0.535872 0.000811663 0.00758458 0.105792 0.0245169 0.0228237 0.000811663 0.000811663 0.00758458 0.00250489 0.000811663 0.010971 0.000811663 0.000811663 
0.00587541 0.00587541 0.00587541 0.0181322 0.0303891 0.00587541 0.0671596 0.0303891 0.00587541 0.00587541 0.00587541 0.00587541 0.00587541 0.00587541 0.0303891 0.37358 0.361323 0.00587541 0.0181322 0.00587541 
0.00407662 0.00407662 0.0380939 0.0210853 0.0125809 0.412284 0.00407662 0.131642 0.0125809 0.0721113 0.00407662 0.0210853 0.0125809 0.00407662 0.00407662 0.0380939 0.00407662 0.174163 0.0210853 0.00407662 
0.0170346 0.089381 0.000654336 0.167187 0.00474941 0.118047 0.275024 0.0143046 0.0989362 0.0197647 0.000654336 0.00338439 0.00338439 0.00747946 0.0620805 0.00338439 0.0306849 0.000654336 0.0811908 0.00201936 
0.000576437 0.284371 0.0126016 0.281966 0.00658904 0.243485 0.000576437 0.000576437 0.0414621 0.0715251 0.00177896 0.0126016 0.00658904 0.00298148 0.000576437 0.000576437 0.000576437 0.000576437 0.0282344 0.00177896 
0.000905154 0.000905154 0.0160113 0.242603 0.000905154 0.212391 0.0160113 0.00279342 0.00279342 0.00656994 0.00279342 0.00279342 0.0707709 0.265262 0.0537765 0.0537765 0.000905154 0.0178995 0.00656994 0.0235643 
0.00867106 0.0706161 0.000927932 0.246772 0.00867106 0.124818 0.0164142 0.000927932 0.000927932 0.000927932 0.01835 0.0686803 0.00673528 0.30291 0.00673528 0.0319004 0.0125426 0.0435151 0.0222215 0.00673528 
0.000908585 0.0407124 0.0141765 0.292803 0.000908585 0.000908585 0.000908585 0.00849027 0.000908585 0.00280401 0.364829 0.000908585 0.000908585 0.00469943 0.222673 0.00280401 0.0255491 0.000908585 0.00469943 0.00849027 
0.0246489 0.0047656 0.104182 0.0445321 0.0147072 0.0147072 0.0644154 0.0047656 0.0047656 0.0047656 0.0047656 0.0047656 0.0147072 0.0047656 0.0445321 0.0445321 0.0047656 0.452139 0.134007 0.0047656 
0.00982393 0.0164646 0.0430273 0.1692 0.00982393 0.0363866 0.00982393 0.00318326 0.00318326 0.00318326 0.0762307 0.00318326 0.00318326 0.0164646 0.0164646 0.00318326 0.06959 0.494593 0.00318326 0.00982393 
0.00320454 0.00320454 0.00320454 0.00320454 0.00320454 0.00988961 0.00320454 0.0165747 0.00320454 0.0165747 0.0165747 0.0232597 0.0767403 0.00320454 0.00320454 0.471159 0.263922 0.00320454 0.0700552 0.00320454 
0.221548 0.024342 0.045547 0.0985594 0.00101648 0.00101648 0.00101648 0.0264625 0.045547 0.011619 0.00313698 0.00949847 0.0137395 0.00313698 0.0582699 0.325453 0.00101648 0.00313698 0.10068 0.00525748 
0.000652554 0.00337517 0.0959442 0.286527 0.00201386 0.000652554 0.00201386 0.275637 0.000652554 0.000652554 0.0074591 0.000652554 0.000652554 0.000652554 0.236159 0.00337517 0.000652554 0.000652554 0.0809698 0.000652554 
0.0140601 0.0517264 0.00150464 0.0046435 0.00778235 0.0862538 0.00150464 0.0266155 0.0485875 0.0485875 0.00778235 0.00778235 0.00150464 0.00150464 0.00150464 0.572777 0.00778235 0.0956704 0.00150464 0.0109212 
0.0339402 0.0339402 0.0339402 0.0109977 0.0109977 0.446906 0.0109977 0.0109977 0.0568828 0.12571 0.0109977 0.0339402 0.0339402 0.0109977 0.0568828 0.0109977 0.0109977 0.0109977 0.0109977 0.0339402 
0.0138594 0.0138594 0.0138594 0.0138594 0.0138594 0.100597 0.0138594 0.0138594 0.0138594 0.0138594 0.0138594 0.0138594 0.0138594 0.0427719 0.0138594 0.0138594 0.245159 0.274072 0.0427719 0.100597 
0.0271008 0.0271008 0.00878152 0.0271008 0.00878152 0.118697 0.100378 0.00878152 0.118697 0.0454202 0.0820588 0.0271008 0.210294 0.00878152 0.00878152 0.0271008 0.00878152 0.118697 0.00878152 0.00878152 
0.000783793 0.169198 0.00405397 0.143037 0.00405397 0.376854 0.0138645 0.00405397 0.0465663 0.000783793 0.000783793 0.0285803 0.000783793 0.00405397 0.11851 0.000783793 0.000783793 0.00895924 0.0302154 0.0432961 
0.000674594 0.000674594 0.00630374 0.652248 0.000674594 0.000674594 0.00348917 0.000674594 0.000674594 0.000674594 0.00208188 0.000674594 0.000674594 0.000674594 0.000674594 0.00208188 0.29339 0.000674594 0.000674594 0.0316349 
0.0186689 0.034141 0.000618058 0.0689534 0.0160902 0.472519 0.0109328 0.00706479 0.0470345 0.0109328 0.00835413 0.0431665 0.0186689 0.00706479 0.15534 0.000618058 0.0044861 0.0457452 0.026405 0.00319675 
0.000758974 0.0150088 0.0482584 0.475753 0.000758974 0.00550891 0.000758974 0.0165921 0.000758974 0.000758974 0.00709222 0.000758974 0.000758974 0.00234229 0.415587 0.00234229 0.0039256 0.000758974 0.000758974 0.000758974 
0.000937002 0.0028917 0.040031 0.141675 0.020484 0.000937002 0.000937002 0.0243934 0.000937002 0.0028917 0.0028917 0.00680111 0.000937002 0.0028917 0.0849892 0.491567 0.000937002 0.000937002 0.170996 0.000937002 
0.0308716 0.211296 0.000800816 0.114402 0.00247142 0.425133 0.0759778 0.00748322 0.00414202 0.000800816 0.00414202 0.00414202 0.00247142 0.0191774 0.0509188 0.00748322 0.0108244 0.0175068 0.000800816 0.00915382 
0.00529168 0.0163308 0.00529168 0.104644 0.0273699 0.00529168 0.00529168 0.0604871 0.00529168 0.0273699 0.0163308 0.00529168 0.00529168 0.402699 0.00529168 0.0715262 0.049448 0.170878 0.00529168 0.00529168 
0.0279878 0.0392761 0.107006 0.276331 0.0505644 0.242466 0.00541115 0.00541115 0.0166995 0.107006 0.0392761 0.0279878 0.00541115 0.00541115 0.0166995 0.00541115 0.00541115 0.00541115 0.00541115 0.00541115 
0.0019553 0.0495374 0.00327703 0.642992 0.00856393 0.0019553 0.0164943 0.0125291 0.000633579 0.00327703 0.0151726 0.0072422 0.0072422 0.000633579 0.0482157 0.130163 0.0151726 0.000633579 0.0019553 0.032355 
0.0156719 0.179139 0.0156719 0.0156719 0.0156719 0.0483653 0.0156719 0.0156719 0.113752 0.0156719 0.0156719 0.0156719 0.0483653 0.0156719 0.309913 0.0156719 0.0156719 0.0483653 0.0483653 0.0156719 
0.00437422 0.00437422 0.00437422 0.424131 0.0226245 0.378506 0.00437422 0.0317497 0.00437422 0.0226245 0.00437422 0.0226245 0.0226245 0.00437422 0.00437422 0.00437422 0.00437422 0.00437422 0.0134994 0.0134994 
0.027071 0.0052339 0.11442 0.0052339 0.0052339 0.321872 0.0052339 0.0052339 0.0052339 0.0052339 0.0489081 0.0052339 0.0489081 0.0052339 0.0161525 0.0598267 0.0052339 0.278198 0.0161525 0.0161525 
0.0283073 0.0283073 0.0853933 0.0168901 0.0283073 0.359406 0.00547293 0.00547293 0.0283073 0.0739761 0.00547293 0.0168901 0.00547293 0.00547293 0.00547293 0.153897 0.119645 0.0168901 0.00547293 0.00547293 
0.0151594 0.0049121 0.107385 0.0254066 0.0356539 0.220104 0.0049121 0.0151594 0.0151594 0.0151594 0.0356539 0.0049121 0.0049121 0.107385 0.0049121 0.0151594 0.0049121 0.230352 0.117632 0.0151594 
0.010751 0.033179 0.010751 0.010751 0.010751 0.122891 0.145319 0.055607 0.010751 0.010751 0.010751 0.033179 0.010751 0.010751 0.078035 0.010751 0.190175 0.145319 0.055607 0.033179 
0.0147944 0.289278 0.0684978 0.0147944 0.0207615 0.169938 0.086399 0.0207615 0.0147944 0.0326956 0.00882739 0.0326956 0.0983331 0.0744649 0.00882739 0.00286035 0.0267285 0.00286035 0.00286035 0.00882739 
0.0318831 0.291914 0.00204341 0.00204341 0.0190946 0.402747 0.0531971 0.00630622 0.0446715 0.00204341 0.00204341 0.0148318 0.0404087 0.00204341 0.00204341 0.0190946 0.0446715 0.0148318 0.00204341 0.00204341 
0.00212678 0.0653827 0.00931495 0.299717 0.00212678 0.531176 0.000689142 0.000689142 0.00643968 0.000689142 0.000689142 0.000689142 0.00356441 0.000689142 0.000689142 0.00212678 0.00212678 0.0323171 0.0308795 0.00787731 
0.00315034 0.0478705 0.00102081 0.799595 0.00953893 0.0223161 0.00102081 0.00102081 0.0159275 0.00102081 0.00315034 0.00102081 0.00102081 0.0116685 0.0074094 0.00315034 0.0308342 0.00102081 0.0244456 0.013798 
0.0608925 0.0168039 0.011617 0.115355 0.0142104 0.00643008 0.00902353 0.00383664 0.0193973 0.011617 0.00124319 0.0168039 0.00124319 0.00383664 0.011617 0.613297 0.0168039 0.0634859 0.00124319 0.00124319 
0.00138308 0.00715363 0.00715363 0.0504328 0.00426836 0.771752 0.0129242 0.0129242 0.0446622 0.0244653 0.00138308 0.00138308 0.02158 0.00715363 0.00426836 0.00426836 0.00138308 0.00138308 0.0186947 0.00138308 
0.000788953 0.033706 0.0172475 0.0715607 0.00408066 0.0764983 0.000788953 0.000788953 0.000788953 0.0814358 0.00737237 0.0369978 0.00243481 0.00408066 0.0123099 0.617984 0.00572652 0.0221851 0.000788953 0.00243481 
0.0564949 0.00778341 0.0402577 0.137681 0.00778341 0.0564949 0.00778341 0.0240206 0.00778341 0.0889692 0.0402577 0.00778341 0.00778341 0.00778341 0.0564949 0.218866 0.153918 0.0564949 0.00778341 0.00778341 
0.0059751 0.288704 0.034248 0.10695 0.00193612 0.228119 0.195807 0.00193612 0.038287 0.034248 0.00193612 0.0100141 0.00193612 0.00193612 0.0140531 0.00193612 0.018092 0.0100141 0.00193612 0.00193612 
0.00296656 0.00915517 0.027721 0.132927 0.00915517 0.473301 0.0153438 0.00296656 0.0462868 0.00915517 0.00915517 0.0153438 0.00915517 0.00296656 0.101984 0.00915517 0.00915517 0.108173 0.00296656 0.00296656 
0.0359629 0.00181859 0.30153 0.183922 0.00181859 0.00561241 0.00181859 0.0359629 0.0435505 0.123221 0.0435505 0.0473443 0.00561241 0.00561241 0.00181859 0.00561241 0.00561241 0.0701072 0.00181859 0.0776948 
0.170539 0.00801441 0.0513544 0.0459369 0.00259692 0.0134319 0.00259692 0.0296844 0.00259692 0.00801441 0.00259692 0.121782 0.0676069 0.273472 0.00259692 0.0296844 0.00259692 0.00801441 0.143452 0.0134319 
0.444835 0.00443862 0.038453 0.0295019 0.000858162 0.00443862 0.0169702 0.0205507 0.00264839 0.0670967 0.000858162 0.01518 0.000858162 0.000858162 0.158398 0.108272 0.0259214 0.0509846 0.00622885 0.00264839 
0.0266133 0.0266133 0.00862354 0.0266133 0.0625928 0.152542 0.0266133 0.0266133 0.00862354 0.0266133 0.00862354 0.0805826 0.00862354 0.0805826 0.0625928 0.31445 0.00862354 0.00862354 0.0266133 0.00862354 
0.0271159 0.00137121 0.00137121 0.241655 0.00995276 0.00995276 0.524846 0.0213948 0.00137121 0.00137121 0.00137121 0.00995276 0.00137121 0.0213948 0.05 0.00709225 0.00137121 0.0128133 0.00137121 0.0528605 
0.00860945 0.0311982 0.0258832 0.0484719 0.0298694 0.00595195 0.0125957 0.0165819 0.0139244 0.000636947 0.117567 0.000636947 0.0046232 0.000636947 0.568013 0.00329445 0.000636947 0.0046232 0.104279 0.0019657 
0.000288668 0.0713479 0.013537 0.103866 0.000288668 0.0297963 0.0267853 0.0225699 0.00149306 0.0996511 0.00570844 0.18697 0.00932162 0.000288668 0.000288668 0.418213 0.00209526 0.000288668 0.00510624 0.00209526 
0.00104987 0.00324003 0.0273318 0.13903 0.00104987 0.0360925 0.0054302 0.016381 0.00762036 0.0054302 0.00104987 0.00324003 0.00104987 0.00762036 0.574872 0.00104987 0.13684 0.029522 0.00104987 0.00104987 
0.00268417 0.16507 0.00268417 0.0138832 0.0194827 0.237863 0.00268417 0.00828368 0.00828368 0.0250822 0.00828368 0.00268417 0.00828368 0.00828368 0.209866 0.00268417 0.00828368 0.260261 0.00268417 0.00268417 
0.0124227 0.0901688 0.0124227 0.0383381 0.0124227 0.0124227 0.0383381 0.19383 0.0124227 0.0124227 0.0124227 0.0124227 0.0124227 0.0124227 0.0124227 0.0124227 0.297492 0.167915 0.0124227 0.0124227 
0.0044347 0.103359 0.0254187 0.163314 0.0404073 0.100362 0.00143698 0.00143698 0.00143698 0.0134278 0.0044347 0.00143698 0.00143698 0.0044347 0.0104301 0.511049 0.00143698 0.0044347 0.00143698 0.0044347 
0.00256571 0.0736738 0.313013 0.16386 0.0181748 0.00256571 0.000831371 0.000831371 0.000831371 0.0216435 0.000831371 0.000831371 0.000831371 0.00256571 0.000831371 0.00430006 0.195078 0.143048 0.0164405 0.0372526 
0.00594832 0.0928108 0.00594832 0.00594832 0.0307662 0.551941 0.00594832 0.0804019 0.00594832 0.00594832 0.0183572 0.00594832 0.0183572 0.00594832 0.0804019 0.00594832 0.00594832 0.0183572 0.0431751 0.00594832 
0.00293182 0.43695 0.0366227 0.121841 0.00095 0.00095 0.00095 0.00293182 0.0108591 0.08815 0.00491364 0.0168045 0.0168045 0.13175 0.00095 0.00293182 0.00689545 0.0564409 0.0564409 0.00293182 
0.00255539 0.0132171 0.00255539 0.167812 0.018548 0.0292097 0.00255539 0.00255539 0.00255539 0.00255539 0.0238788 0.0825182 0.00255539 0.00788624 0.00255539 0.15715 0.0132171 0.461009 0.00255539 0.00255539 
0.247469 0.103591 0.126031 0.0402321 0.0336322 0.0349522 0.000632743 0.0151525 0.0309923 0.0309923 0.0164725 0.0032727 0.000632743 0.00459268 0.17091 0.0455121 0.0349522 0.0415521 0.0151525 0.0032727 
0.039555 0.0900952 0.0361857 0.0985186 0.000807561 0.4523 0.0159696 0.000807561 0.00249223 0.000807561 0.00586158 0.00249223 0.000807561 0.00586158 0.0749332 0.0496631 0.00586158 0.00754625 0.0833565 0.0260776 
0.00802001 0.0283934 0.0144537 0.0594897 0.00158629 0.0090923 0.00158629 0.00158629 0.0176706 0.015526 0.00373087 0.607428 0.030538 0.153851 0.000514009 0.00158629 0.000514009 0.000514009 0.0423332 0.00158629 
0.00498056 0.000686182 0.000686182 0.905369 0.000686182 0.00784349 0.000686182 0.00211764 0.0035491 0.000686182 0.00784349 0.00498056 0.000686182 0.0450615 0.0035491 0.0035491 0.000686182 0.00498056 0.000686182 0.000686182 
0.00322611 0.00322611 0.00322611 0.137827 0.0907168 0.00322611 0.205128 0.00995616 0.00995616 0.00322611 0.00322611 0.0772567 0.0166862 0.0637966 0.00322611 0.252238 0.00322611 0.0166862 0.0907168 0.00322611 
