0.00081304 0.00081304 0.265405 0.236571 0.21113 0.100883 0.00081304 0.00081304 0.00250914 0.00250914 0.00250914 0.033039 0.00929355 0.00250914 0.016078 0.00759745 0.00081304 0.00081304 0.00081304 0.104275 
0.00669614 0.132417 0.0206651 0.00669614 0.00669614 0.174324 0.00669614 0.132417 0.00669614 0.0206651 0.0206651 0.00669614 0.00669614 0.00669614 0.00669614 0.216231 0.00669614 0.00669614 0.202262 0.00669614 
0.0138793 0.0138793 0.00449733 0.00449733 0.0232613 0.163991 0.0232613 0.0232613 0.00449733 0.00449733 0.0138793 0.0232613 0.00449733 0.00449733 0.00449733 0.00449733 0.0232613 0.323485 0.314103 0.00449733 
0.0121089 0.0626304 0.0121089 0.0373696 0.0121089 0.39102 0.0373696 0.0121089 0.0121089 0.0121089 0.0121089 0.113152 0.0121089 0.0121089 0.0878911 0.0373696 0.0121089 0.0626304 0.0373696 0.0121089 
0.0140108 0.175015 0.0992484 0.0329525 0.0234816 0.33602 0.00453993 0.00453993 0.165544 0.00453993 0.00453993 0.00453993 0.00453993 0.0234816 0.0234816 0.0234816 0.00453993 0.0234816 0.0234816 0.00453993 
0.0961501 0.0317546 0.332267 0.0317546 0.0102895 0.0102895 0.0102895 0.0102895 0.0532198 0.0317546 0.0102895 0.0746849 0.0102895 0.13908 0.0102895 0.0102895 0.0317546 0.0317546 0.0317546 0.0317546 
0.00244689 0.0586836 0.000792868 0.25055 0.012371 0.0322193 0.356407 0.0256032 0.00906297 0.0702618 0.000792868 0.00575493 0.00575493 0.000792868 0.0487595 0.000792868 0.108304 0.000792868 0.000792868 0.00906297 
0.00291449 0.119151 0.012765 0.383145 0.012765 0.0265558 0.164463 0.000944386 0.000944386 0.0226155 0.000944386 0.0107949 0.0048846 0.0068547 0.0147351 0.0048846 0.138852 0.000944386 0.0068547 0.0639877 
0.000658832 0.583407 0.00340764 0.171085 0.00203324 0.122981 0.00340764 0.000658832 0.00203324 0.000658832 0.00478205 0.00753086 0.000658832 0.00340764 0.0666303 0.000658832 0.000658832 0.00340764 0.0144029 0.00753086 
0.0431751 0.241718 0.0183572 0.00594832 0.0183572 0.00594832 0.00594832 0.117629 0.00594832 0.00594832 0.0183572 0.0804019 0.00594832 0.0928108 0.192082 0.0183572 0.0307662 0.00594832 0.0804019 0.00594832 
0.00617832 0.00617832 0.0319558 0.109288 0.00617832 0.534616 0.0448445 0.019067 0.019067 0.019067 0.019067 0.00617832 0.00617832 0.0448445 0.019067 0.00617832 0.00617832 0.0835107 0.00617832 0.00617832 
0.0105005 0.0503516 0.0222214 0.380882 0.0151888 0.319933 0.0011237 0.0339423 0.0245656 0.017533 0.0011237 0.0620726 0.00346789 0.0011237 0.0011237 0.0011237 0.00346789 0.0409749 0.0011237 0.00815627 
0.0412513 0.0136237 0.0228329 0.0044145 0.0044145 0.603012 0.0044145 0.0044145 0.0044145 0.0044145 0.0044145 0.0044145 0.0044145 0.0044145 0.0596697 0.124134 0.0044145 0.078088 0.0044145 0.0044145 
0.0194963 0.0194963 0.0601679 0.0194963 0.0194963 0.0194963 0.0194963 0.141511 0.0194963 0.0194963 0.0194963 0.10084 0.0194963 0.141511 0.10084 0.0194963 0.182183 0.0194963 0.0194963 0.0194963 
0.00201386 0.000652554 0.0578275 0.571041 0.000652554 0.00473648 0.00201386 0.000652554 0.000652554 0.000652554 0.000652554 0.0401305 0.00201386 0.000652554 0.214378 0.0782472 0.000652554 0.015627 0.00473648 0.00201386 
0.0050679 0.269374 0.0050679 0.0473569 0.0050679 0.121363 0.0367847 0.0262124 0.0050679 0.258802 0.0050679 0.0050679 0.0156402 0.100218 0.0050679 0.0050679 0.0050679 0.0473569 0.0262124 0.0050679 
0.0107858 0.0231855 0.0262855 0.230881 0.0107858 0.051085 0.0324854 0.0200856 0.00768585 0.0758845 0.00458592 0.00458592 0.00768585 0.00148598 0.00148598 0.00148598 0.00458592 0.481976 0.00148598 0.00148598 
0.00282662 0.108967 0.29766 0.185623 0.00872329 0.256384 0.00282662 0.01462 0.00872329 0.00282662 0.0205166 0.00872329 0.00872329 0.01462 0.00282662 0.00872329 0.00282662 0.00282662 0.0264133 0.01462 
0.00544708 0.0128112 0.0901344 0.160094 0.0128112 0.417838 0.00176502 0.00176502 0.00912914 0.00176502 0.00544708 0.00176502 0.00176502 0.00176502 0.0128112 0.00912914 0.00912914 0.211642 0.0312215 0.00176502 
0.00529168 0.049448 0.00529168 0.159839 0.0163308 0.038409 0.00529168 0.0163308 0.00529168 0.00529168 0.0163308 0.0163308 0.0273699 0.00529168 0.0163308 0.579324 0.00529168 0.00529168 0.00529168 0.0163308 
0.0105152 0.0105152 0.0324512 0.0763232 0.0105152 0.0324512 0.0105152 0.0105152 0.0543872 0.0105152 0.0543872 0.0105152 0.0543872 0.0105152 0.0105152 0.0324512 0.0105152 0.515043 0.0105152 0.0324512 
0.00553613 0.0286342 0.0517324 0.248066 0.00553613 0.00553613 0.0286342 0.0170852 0.00553613 0.00553613 0.0170852 0.0170852 0.0170852 0.00553613 0.00553613 0.0170852 0.00553613 0.455949 0.00553613 0.0517324 
0.0303891 0.0181322 0.0303891 0.0303891 0.0426459 0.226498 0.00587541 0.00587541 0.0671596 0.00587541 0.0303891 0.0916732 0.10393 0.128444 0.0181322 0.0181322 0.0549027 0.00587541 0.0671596 0.0181322 
0.0411334 0.00566703 0.00566703 0.0174892 0.00566703 0.324864 0.00566703 0.00566703 0.194821 0.00566703 0.100244 0.0647777 0.00566703 0.0529555 0.00566703 0.0765998 0.0293113 0.00566703 0.0174892 0.0293113 
0.000853577 0.0346863 0.0168796 0.317812 0.00441491 0.447801 0.00263424 0.00263424 0.0150989 0.0346863 0.000853577 0.000853577 0.0222216 0.00619558 0.00975691 0.000853577 0.000853577 0.0435896 0.0240023 0.0133182 
0.00804465 0.578637 0.00804465 0.0751732 0.00804465 0.0248268 0.12552 0.00804465 0.00804465 0.00804465 0.0248268 0.00804465 0.00804465 0.00804465 0.0248268 0.00804465 0.00804465 0.0416089 0.00804465 0.00804465 
0.000714833 0.00518852 0.145364 0.376505 0.00667976 0.0171184 0.0245745 0.000714833 0.00220606 0.000714833 0.00369729 0.00220606 0.000714833 0.000714833 0.0186096 0.00667976 0.00220606 0.00220606 0.0931711 0.290014 
0.0120678 0.00391034 0.00391034 0.0610126 0.0120678 0.0773275 0.0528551 0.00391034 0.00391034 0.0202253 0.0365402 0.0202253 0.0202253 0.0528551 0.0120678 0.0120678 0.158902 0.126272 0.273107 0.0365402 
0.00348403 0.141578 0.148846 0.0543609 0.00348403 0.0325565 0.0180203 0.00348403 0.00348403 0.0325565 0.0325565 0.0180203 0.127042 0.00348403 0.00348403 0.243332 0.00348403 0.0398246 0.061629 0.0252884 
0.0127532 0.0127532 0.0127532 0.0659629 0.0393581 0.145777 0.0393581 0.0393581 0.0127532 0.0127532 0.0659629 0.0127532 0.0127532 0.0127532 0.0393581 0.0127532 0.0393581 0.332011 0.0127532 0.0659629 
0.00625899 0.0715441 0.00625899 0.04543 0.00625899 0.293513 0.00625899 0.00625899 0.032373 0.019316 0.019316 0.04543 0.00625899 0.032373 0.04543 0.04543 0.00625899 0.280456 0.019316 0.00625899 
0.00105449 0.00325429 0.0208527 0.342023 0.0142533 0.00545409 0.568602 0.00105449 0.00325429 0.00325429 0.00105449 0.00325429 0.00325429 0.00105449 0.00105449 0.00985368 0.00105449 0.00325429 0.00985368 0.00325429 
0.00394251 0.242455 0.00394251 0.0121671 0.00394251 0.0532898 0.00394251 0.00394251 0.0368407 0.0203916 0.0779635 0.0286162 0.00394251 0.0121671 0.0286162 0.0368407 0.00394251 0.41517 0.00394251 0.00394251 
0.00799048 0.0169097 0.00263894 0.218484 0.00263894 0.0008551 0.00799048 0.0329643 0.0008551 0.0222612 0.0276128 0.0311804 0.0008551 0.0276128 0.446816 0.0240451 0.0597219 0.0579381 0.0008551 0.00977432 
0.0142254 0.018314 0.0387566 0.0837303 0.00604839 0.562087 0.00195987 0.0387566 0.00195987 0.0224025 0.00195987 0.00604839 0.00195987 0.00604839 0.00604839 0.00195987 0.00195987 0.177766 0.00604839 0.00195987 
0.00625899 0.162943 0.019316 0.0846011 0.019316 0.00625899 0.00625899 0.00625899 0.00625899 0.136829 0.032373 0.00625899 0.00625899 0.0976581 0.00625899 0.019316 0.358798 0.00625899 0.00625899 0.00625899 
0.0068886 0.0356295 0.0356295 0.294298 0.0356295 0.121852 0.0068886 0.0068886 0.0068886 0.150593 0.0068886 0.0068886 0.0356295 0.0068886 0.0068886 0.0068886 0.0068886 0.0068886 0.0068886 0.208075 
0.00120871 0.0592035 0.0365099 0.046596 0.00625174 0.104591 0.427345 0.00120871 0.00120871 0.00120871 0.00120871 0.0213808 0.00120871 0.0415529 0.0112948 0.00373022 0.00120871 0.13737 0.0945047 0.00120871 
0.0136415 0.16165 0.0554699 0.0425996 0.0522523 0.0200766 0.00237997 0.000771184 0.000771184 0.00398875 0.0216854 0.0313381 0.0796016 0.000771184 0.258177 0.0506435 0.000771184 0.0120327 0.185781 0.00559754 
0.0244731 0.0244731 0.0244731 0.0244731 0.0244731 0.483958 0.0244731 0.0244731 0.0244731 0.0244731 0.0244731 0.0244731 0.0244731 0.0755269 0.0244731 0.0244731 0.0244731 0.0244731 0.0244731 0.0244731 
0.015978 0.0267786 0.123984 0.264393 0.0483799 0.318396 0.00517737 0.00517737 0.00517737 0.0267786 0.0267786 0.00517737 0.0267786 0.015978 0.015978 0.015978 0.015978 0.00517737 0.0267786 0.00517737 
0.00327012 0.010092 0.0442014 0.132886 0.0373795 0.398939 0.201105 0.00327012 0.010092 0.0169139 0.00327012 0.00327012 0.00327012 0.0714889 0.00327012 0.0237358 0.010092 0.010092 0.00327012 0.010092 
0.0167683 0.331595 0.051749 0.156691 0.0167683 0.0167683 0.0167683 0.0867298 0.0167683 0.0167683 0.0167683 0.0867298 0.0167683 0.0167683 0.0167683 0.0167683 0.0167683 0.0167683 0.0167683 0.051749 
0.0131018 0.0950978 0.0131018 0.0131018 0.0131018 0.0131018 0.0950978 0.0131018 0.0404338 0.0677658 0.0131018 0.0131018 0.0131018 0.0131018 0.0131018 0.0131018 0.0131018 0.368418 0.0404338 0.12243 
0.00234305 0.0267825 0.100101 0.0170067 0.00234305 0.373823 0.0316704 0.0316704 0.0463341 0.00234305 0.00234305 0.00723094 0.00723094 0.00234305 0.00234305 0.00723094 0.00723094 0.0267825 0.295617 0.00723094 
0.0409222 0.00791187 0.123448 0.00791187 0.00791187 0.00791187 0.024417 0.00791187 0.00791187 0.024417 0.0409222 0.00791187 0.024417 0.0409222 0.00791187 0.0574273 0.00791187 0.486561 0.024417 0.0409222 
0.00302883 0.0799907 0.00547206 0.0604448 0.000585592 0.00180721 0.000585592 0.015245 0.0115801 0.0360125 0.000585592 0.000585592 0.000585592 0.000585592 0.00425044 0.103201 0.00302883 0.604064 0.0677745 0.000585592 
0.00153845 0.101373 0.0150578 0.320802 0.00777814 0.428957 0.0420964 0.000498507 0.0202575 0.0025784 0.0212975 0.000498507 0.00153845 0.00153845 0.00881809 0.000498507 0.000498507 0.0046583 0.00153845 0.0181776 
0.0109977 0.0109977 0.0339402 0.0109977 0.0109977 0.0798253 0.469848 0.0109977 0.0568828 0.0109977 0.0109977 0.0339402 0.0109977 0.0109977 0.0109977 0.0109977 0.0109977 0.0568828 0.12571 0.0109977 
0.0126326 0.018273 0.0154528 0.201585 0.00135188 0.607691 0.0154528 0.0126326 0.0154528 0.0380142 0.00135188 0.00135188 0.00981242 0.00135188 0.00135188 0.0154528 0.00981242 0.0154528 0.00135188 0.00417206 
0.00246729 0.0174776 0.00079948 0.119214 0.0108064 0.00079948 0.00580292 0.00913855 0.00747074 0.00079948 0.0158098 0.00413511 0.00246729 0.00413511 0.00079948 0.701281 0.00747074 0.0708477 0.0174776 0.00079948 
0.000634418 0.000634418 0.0601908 0.11313 0.00328137 0.0641612 0.00460484 0.00195789 0.00328137 0.000634418 0.00195789 0.466497 0.0125457 0.000634418 0.17798 0.00460484 0.000634418 0.0112222 0.0707785 0.000634418 
0.000757774 0.00708101 0.0450204 0.285304 0.00391939 0.55088 0.0134043 0.000757774 0.00391939 0.000757774 0.000757774 0.000757774 0.0055002 0.000757774 0.000757774 0.0703134 0.000757774 0.0055002 0.00233858 0.000757774 
0.051749 0.0167683 0.0167683 0.0167683 0.0167683 0.156691 0.051749 0.296614 0.0167683 0.0167683 0.0167683 0.051749 0.0167683 0.051749 0.0167683 0.051749 0.0867298 0.0167683 0.0167683 0.0167683 
0.0837984 0.0162016 0.151395 0.117597 0.0162016 0.0162016 0.0162016 0.0162016 0.05 0.0162016 0.0162016 0.0162016 0.0162016 0.0162016 0.05 0.151395 0.117597 0.0837984 0.0162016 0.0162016 
0.00372788 0.00372788 0.00372788 0.4159 0.00372788 0.00372788 0.0503888 0.00372788 0.0192815 0.00372788 0.00372788 0.0115047 0.0270584 0.0115047 0.0192815 0.0115047 0.260363 0.00372788 0.0970498 0.042612 
0.00283626 0.025843 0.0220085 0.41504 0.000919037 0.0622702 0.0105052 0.000919037 0.0105052 0.000919037 0.00283626 0.000919037 0.000919037 0.000919037 0.0277602 0.000919037 0.00283626 0.00283626 0.00475349 0.403536 
0.00204341 0.00204341 0.0190946 0.347331 0.00204341 0.108614 0.441113 0.00630622 0.00204341 0.00204341 0.010569 0.00630622 0.00204341 0.010569 0.00204341 0.00204341 0.0190946 0.00204341 0.010569 0.00204341 
0.00243882 0.0189245 0.00408739 0.206861 0.000790254 0.391501 0.0139788 0.055193 0.0139788 0.000790254 0.0453016 0.0205731 0.000790254 0.000790254 0.193673 0.0123302 0.00243882 0.00738452 0.00573596 0.00243882 
0.0127532 0.0127532 0.0127532 0.0659629 0.0127532 0.49164 0.0127532 0.0127532 0.0127532 0.0393581 0.0393581 0.0127532 0.0127532 0.0127532 0.0127532 0.0393581 0.0127532 0.119173 0.0393581 0.0127532 
0.0138594 0.0138594 0.0427719 0.0427719 0.0138594 0.187334 0.245159 0.0138594 0.0138594 0.0138594 0.0138594 0.0427719 0.0138594 0.0427719 0.0138594 0.158422 0.0427719 0.0427719 0.0138594 0.0138594 
0.0180297 0.0180297 0.0180297 0.0556418 0.0180297 0.0556418 0.0556418 0.0180297 0.0180297 0.0180297 0.0180297 0.0180297 0.0556418 0.0556418 0.0180297 0.0556418 0.0180297 0.431763 0.0180297 0.0180297 
0.0006499 0.0006499 0.0155634 0.145718 0.00336144 0.559228 0.0006499 0.00336144 0.0589481 0.0006499 0.0006499 0.00200567 0.00200567 0.0006499 0.00471722 0.0318327 0.0101403 0.0277653 0.0643712 0.0670827 
0.0131018 0.286422 0.0677658 0.0677658 0.0131018 0.0131018 0.0131018 0.0131018 0.0404338 0.0131018 0.0131018 0.0404338 0.0131018 0.0131018 0.149762 0.0131018 0.149762 0.0131018 0.0404338 0.0131018 
0.00425766 0.110842 0.00425766 0.0841957 0.0220217 0.36842 0.0309037 0.0131397 0.00425766 0.00425766 0.0131397 0.00425766 0.00425766 0.00425766 0.00425766 0.0575497 0.0131397 0.128606 0.0753137 0.0486677 
0.0281315 0.0471476 0.0471476 0.0091155 0.0091155 0.218292 0.0091155 0.0091155 0.0281315 0.0091155 0.0091155 0.0281315 0.0471476 0.0091155 0.237308 0.0091155 0.0091155 0.0851797 0.0661636 0.0851797 
0.0115266 0.0115266 0.0115266 0.0115266 0.0355725 0.0355725 0.0355725 0.0115266 0.0115266 0.0115266 0.0115266 0.0115266 0.0355725 0.0115266 0.276031 0.0115266 0.0115266 0.372215 0.0115266 0.0596184 
0.00232037 0.0120015 0.00232037 0.0991318 0.00232037 0.0749289 0.00232037 0.00232037 0.00716094 0.00716094 0.0265232 0.00232037 0.00232037 0.00716094 0.0458855 0.00716094 0.0410449 0.525102 0.128175 0.00232037 
0.0514796 0.081071 0.00709244 0.110662 0.00709244 0.081071 0.214232 0.00709244 0.00709244 0.15505 0.00709244 0.00709244 0.0662753 0.00709244 0.00709244 0.00709244 0.081071 0.00709244 0.00709244 0.081071 
0.00256908 0.077601 0.00256908 0.324135 0.00256908 0.0132879 0.0347256 0.0240068 0.00256908 0.0132879 0.00256908 0.00256908 0.0293662 0.0400851 0.104398 0.00256908 0.00256908 0.00256908 0.0722416 0.243743 
0.0483653 0.0483653 0.0483653 0.0156719 0.0156719 0.3753 0.0156719 0.0156719 0.0156719 0.0156719 0.146446 0.0156719 0.0156719 0.0156719 0.0156719 0.0156719 0.0810588 0.0156719 0.0483653 0.0156719 
0.0118106 0.0118106 0.0610873 0.0118106 0.0364489 0.184279 0.135002 0.0364489 0.0610873 0.110364 0.0118106 0.0118106 0.0118106 0.208917 0.0364489 0.0118106 0.0118106 0.0118106 0.0118106 0.0118106 
0.00496635 0.000684223 0.00353897 0.338972 0.00639372 0.511684 0.0206675 0.00924847 0.0021116 0.0435054 0.000684223 0.000684223 0.0021116 0.0106758 0.0192401 0.00924847 0.000684223 0.00639372 0.00639372 0.0021116 
0.126122 0.0898736 0.162371 0.0536249 0.0898736 0.0898736 0.0898736 0.0173761 0.0173761 0.0173761 0.0173761 0.0536249 0.0173761 0.0173761 0.0173761 0.0173761 0.0173761 0.0536249 0.0173761 0.0173761 
0.00775529 0.00948663 0.000829932 0.42674 0.00602395 0.00256127 0.182621 0.00602395 0.000829932 0.00256127 0.000829932 0.00429261 0.0198747 0.00948663 0.00429261 0.0129493 0.289964 0.00256127 0.000829932 0.00948663 
0.000811663 0.0414492 0.0380627 0.126111 0.0194372 0.000811663 0.00250489 0.00758458 0.0211304 0.010971 0.017744 0.000811663 0.000811663 0.000811663 0.547725 0.0685409 0.0414492 0.0465289 0.000811663 0.00589135 
0.045397 0.01471 0.01471 0.01471 0.01471 0.045397 0.01471 0.444327 0.01471 0.01471 0.01471 0.045397 0.01471 0.045397 0.01471 0.106771 0.01471 0.0760839 0.01471 0.01471 
0.036023 0.036023 0.00496296 0.00496296 0.00496296 0.00496296 0.00496296 0.00496296 0.0153163 0.0256696 0.00496296 0.00496296 0.00496296 0.450157 0.00496296 0.356977 0.00496296 0.0153163 0.00496296 0.00496296 
0.00947588 0.00947588 0.00947588 0.0490116 0.0292437 0.305994 0.187387 0.00947588 0.00947588 0.0292437 0.00947588 0.0490116 0.0490116 0.00947588 0.00947588 0.0292437 0.00947588 0.167619 0.00947588 0.00947588 
0.0121089 0.0121089 0.0626304 0.0878911 0.0121089 0.0121089 0.0121089 0.0121089 0.0121089 0.0121089 0.0121089 0.0121089 0.0373696 0.365759 0.0121089 0.0121089 0.214195 0.0626304 0.0121089 0.0121089 
0.00986594 0.0510291 0.00986594 0.0716106 0.00986594 0.00986594 0.00986594 0.0716106 0.00986594 0.0716106 0.0510291 0.00986594 0.0304475 0.0716106 0.359753 0.00986594 0.0716106 0.0304475 0.0304475 0.00986594 
0.00733855 0.171039 0.300016 0.0122992 0.00237792 0.0122992 0.09663 0.00237792 0.0321417 0.126394 0.00237792 0.042063 0.0172598 0.0519843 0.00237792 0.0122992 0.0867087 0.00733855 0.0122992 0.00237792 
0.0173761 0.0173761 0.0173761 0.19862 0.0173761 0.0536249 0.0173761 0.0536249 0.0173761 0.0173761 0.0173761 0.0173761 0.0173761 0.0173761 0.0536249 0.0173761 0.0173761 0.379864 0.0173761 0.0173761 
0.0124227 0.0124227 0.0124227 0.0124227 0.0124227 0.478899 0.0901688 0.0124227 0.0124227 0.0124227 0.0383381 0.0383381 0.0383381 0.0383381 0.0901688 0.0124227 0.0124227 0.0124227 0.0383381 0.0124227 
0.0304475 0.153937 0.00986594 0.1951 0.00986594 0.0304475 0.00986594 0.00986594 0.00986594 0.0304475 0.0304475 0.174518 0.00986594 0.112774 0.00986594 0.0510291 0.00986594 0.00986594 0.0921922 0.00986594 
0.00263982 0.0246678 0.0356818 0.0687238 0.0136538 0.00814682 0.00263982 0.0411888 0.00814682 0.00263982 0.00814682 0.00263982 0.00263982 0.00263982 0.0191608 0.0411888 0.0742308 0.564354 0.0687238 0.00814682 
0.0092922 0.0868309 0.0092922 0.0868309 0.0286769 0.16437 0.0674462 0.0092922 0.0092922 0.0092922 0.0286769 0.0480615 0.0286769 0.0092922 0.0286769 0.0092922 0.183754 0.0286769 0.1256 0.0286769 
0.01347 0.06967 0.01347 0.01347 0.01347 0.15397 0.04157 0.09777 0.01347 0.04157 0.06967 0.01347 0.01347 0.04157 0.15397 0.01347 0.04157 0.06967 0.04157 0.06967 
0.000684223 0.00496635 0.000684223 0.176251 0.00353897 0.000684223 0.00353897 0.0292317 0.000684223 0.0021116 0.0021116 0.00639372 0.0021116 0.000684223 0.169114 0.59019 0.000684223 0.000684223 0.0021116 0.00353897 
0.00300374 0.00300374 0.00300374 0.00926991 0.00300374 0.00300374 0.00300374 0.0406007 0.0406007 0.00300374 0.00926991 0.00926991 0.00300374 0.00926991 0.00300374 0.00300374 0.00300374 0.84267 0.00300374 0.00300374 
0.110151 0.110151 0.0151757 0.0468342 0.0784926 0.205126 0.0151757 0.0468342 0.0468342 0.0151757 0.110151 0.0151757 0.0151757 0.0151757 0.0151757 0.0151757 0.0151757 0.0468342 0.0151757 0.0468342 
0.00384757 0.156351 0.180431 0.0760862 0.00384757 0.100166 0.244643 0.00384757 0.00384757 0.00384757 0.00384757 0.00384757 0.0199006 0.0279271 0.0760862 0.00384757 0.0199006 0.00384757 0.0199006 0.0439801 
0.0162016 0.05 0.0162016 0.0162016 0.0162016 0.0162016 0.0162016 0.0162016 0.0162016 0.05 0.0162016 0.0162016 0.05 0.0162016 0.0162016 0.0162016 0.117597 0.48938 0.0162016 0.0162016 
0.000825643 0.0542199 0.00599283 0.321191 0.00254804 0.498598 0.0473303 0.000825643 0.000825643 0.0352735 0.000825643 0.00599283 0.00943761 0.000825643 0.00254804 0.00599283 0.00254804 0.000825643 0.00254804 0.000825643 
0.0901688 0.0124227 0.0124227 0.0124227 0.0124227 0.0124227 0.0124227 0.0901688 0.0124227 0.0124227 0.0642534 0.0124227 0.0124227 0.0124227 0.0383381 0.0124227 0.19383 0.323407 0.0124227 0.0383381 
0.00947588 0.00947588 0.108315 0.424601 0.00947588 0.167619 0.00947588 0.0292437 0.0292437 0.00947588 0.00947588 0.00947588 0.00947588 0.00947588 0.00947588 0.00947588 0.0292437 0.0292437 0.0292437 0.0490116 
0.00312108 0.172406 0.00312108 0.00963204 0.00312108 0.022654 0.00312108 0.022654 0.016143 0.139851 0.00963204 0.00312108 0.00312108 0.00312108 0.00312108 0.00963204 0.00963204 0.523998 0.0356759 0.00312108 
0.000457583 0.0462772 0.00427588 0.211419 0.0224128 0.0100033 0.105461 0.00236673 0.0586866 0.0233674 0.000457583 0.00427588 0.000457583 0.00141216 0.00427588 0.000457583 0.000457583 0.383242 0.119779 0.000457583 
0.000841588 0.000841588 0.00610856 0.290525 0.00259725 0.000841588 0.00961988 0.000841588 0.0113755 0.000841588 0.000841588 0.0991584 0.00610856 0.00610856 0.000841588 0.50296 0.000841588 0.0131312 0.044733 0.000841588 
0.00173941 0.477088 0.0380256 0.0706831 0.0126253 0.00899664 0.00899664 0.00173941 0.00173941 0.00173941 0.00536802 0.00173941 0.0198825 0.00173941 0.00173941 0.00173941 0.00536802 0.248485 0.0743117 0.0162539 
0.00535074 0.250922 0.0165131 0.00535074 0.0276754 0.0611623 0.105812 0.19511 0.00535074 0.150461 0.00535074 0.00535074 0.00535074 0.0723246 0.0165131 0.00535074 0.00535074 0.0165131 0.0388377 0.00535074 
0.045397 0.01471 0.01471 0.01471 0.01471 0.444327 0.01471 0.01471 0.01471 0.01471 0.01471 0.01471 0.0760839 0.106771 0.0760839 0.01471 0.045397 0.01471 0.01471 0.01471 
0.0121089 0.0121089 0.0373696 0.0878911 0.0121089 0.0121089 0.0121089 0.0373696 0.0121089 0.0121089 0.0121089 0.0373696 0.113152 0.188934 0.0626304 0.0121089 0.0121089 0.264716 0.0121089 0.0373696 
0.290105 0.0342367 0.0311906 0.0570821 0.000730075 0.0388058 0.00377613 0.000730075 0.0266215 0.000730075 0.0418518 0.00682218 0.00834521 0.0022531 0.288582 0.0159603 0.0327136 0.000730075 0.055559 0.0631742 
0.0687795 0.108315 0.0490116 0.00947588 0.00947588 0.305994 0.0490116 0.0292437 0.00947588 0.00947588 0.00947588 0.128083 0.0292437 0.00947588 0.0292437 0.0292437 0.00947588 0.0292437 0.00947588 0.0687795 
0.00259692 0.00801441 0.0946943 0.00801441 0.0134319 0.257219 0.00259692 0.00259692 0.100112 0.00259692 0.0405194 0.00259692 0.0188494 0.0567719 0.00259692 0.0134319 0.0134319 0.197627 0.138034 0.0242669 
0.00271457 0.512378 0.0140404 0.00271457 0.00837749 0.0989843 0.0310292 0.00837749 0.0197033 0.0197033 0.0253663 0.00271457 0.0140404 0.00271457 0.104647 0.0197033 0.00837749 0.0197033 0.0650068 0.0197033 
0.0115266 0.0355725 0.155802 0.0115266 0.0115266 0.0596184 0.0596184 0.0115266 0.0115266 0.0115266 0.0596184 0.0115266 0.0596184 0.0836642 0.251985 0.0115266 0.0115266 0.0355725 0.0836642 0.0115266 
0.00953617 0.077411 0.000834265 0.0930744 0.00605541 0.594304 0.00431503 0.0147573 0.000834265 0.0339015 0.000834265 0.000834265 0.000834265 0.00431503 0.11744 0.0130169 0.000834265 0.00605541 0.0164977 0.00431503 
0.0364489 0.0118106 0.0118106 0.0610873 0.0118106 0.381386 0.0364489 0.0118106 0.0118106 0.0118106 0.0118106 0.0364489 0.0118106 0.0118106 0.0118106 0.0118106 0.159641 0.0118106 0.0857256 0.0610873 
0.0273699 0.0273699 0.0163308 0.0273699 0.00529168 0.435816 0.00529168 0.00529168 0.0163308 0.00529168 0.0273699 0.00529168 0.00529168 0.0163308 0.00529168 0.00529168 0.00529168 0.325425 0.0273699 0.00529168 
0.00256571 0.110095 0.000831371 0.153454 0.000831371 0.049393 0.0181748 0.00256571 0.00776874 0.00950309 0.0389869 0.00776874 0.000831371 0.00776874 0.0858142 0.488182 0.00430006 0.000831371 0.00776874 0.00256571 
0.252197 0.0127532 0.0127532 0.172382 0.0127532 0.0393581 0.0127532 0.0127532 0.0127532 0.0127532 0.0127532 0.0393581 0.0393581 0.145777 0.0127532 0.119173 0.0393581 0.0127532 0.0127532 0.0127532 
0.00361542 0.244966 0.00361542 0.0714953 0.00361542 0.00361542 0.026242 0.00361542 0.026242 0.0111576 0.00361542 0.00361542 0.00361542 0.0111576 0.380726 0.0865797 0.0790375 0.0111576 0.0186998 0.00361542 
0.00365646 0.00118481 0.295312 0.312613 0.00612812 0.0629762 0.0135431 0.00118481 0.00612812 0.00118481 0.0234297 0.0259014 0.0209581 0.00118481 0.00118481 0.00118481 0.00118481 0.196446 0.00118481 0.0234297 
0.0158073 0.00512205 0.00512205 0.133345 0.00512205 0.0585482 0.0264925 0.0371777 0.00512205 0.0906039 0.00512205 0.0264925 0.0158073 0.00512205 0.0264925 0.0799186 0.240197 0.208141 0.00512205 0.00512205 
0.01347 0.01347 0.04157 0.01347 0.01347 0.06967 0.01347 0.04157 0.06967 0.01347 0.01347 0.01347 0.06967 0.06967 0.06967 0.01347 0.01347 0.06967 0.29447 0.06967 
0.422896 0.177134 0.0306226 0.00226553 0.00226553 0.110968 0.00699172 0.00699172 0.00226553 0.00226553 0.00226553 0.0967892 0.00226553 0.0117179 0.00226553 0.0117179 0.0306226 0.00226553 0.0731583 0.00226553 
0.00284338 0.02657 0.00284338 0.0740232 0.00284338 0.435854 0.02657 0.0147067 0.121476 0.00284338 0.0680915 0.00284338 0.0325016 0.00877503 0.00284338 0.0918181 0.00877503 0.00284338 0.0680915 0.00284338 
0.0162016 0.0162016 0.0162016 0.0162016 0.0162016 0.286589 0.05 0.0162016 0.0162016 0.117597 0.0162016 0.0162016 0.0162016 0.0162016 0.05 0.0162016 0.05 0.218992 0.0162016 0.0162016 
0.0272704 0.0351082 0.0821349 0.042946 0.0115949 0.450511 0.0115949 0.0037571 0.0115949 0.042946 0.0115949 0.0194327 0.0037571 0.0194327 0.176188 0.0115949 0.0037571 0.0194327 0.0037571 0.0115949 
0.0198339 0.636562 0.0198339 0.0332411 0.00642682 0.00642682 0.00642682 0.00642682 0.00642682 0.00642682 0.00642682 0.0466482 0.00642682 0.0600554 0.00642682 0.00642682 0.00642682 0.0868696 0.00642682 0.0198339 
0.00313034 0.0221744 0.0560306 0.151251 0.00101433 0.235892 0.00101433 0.00947837 0.00101433 0.00101433 0.00101433 0.0242905 0.0433346 0.00101433 0.151251 0.00736236 0.00947837 0.00101433 0.00313034 0.276096 
0.123448 0.106943 0.139953 0.106943 0.00791187 0.0739325 0.00791187 0.0409222 0.00791187 0.00791187 0.0904376 0.00791187 0.00791187 0.00791187 0.00791187 0.00791187 0.0574273 0.123448 0.0409222 0.024417 
0.000772427 0.000772427 0.0152748 0.0748958 0.0346113 0.000772427 0.0426682 0.000772427 0.0313886 0.0023838 0.00560656 0.00399518 0.0378341 0.000772427 0.00560656 0.479351 0.0426682 0.157076 0.0620048 0.000772427 
0.00120871 0.0541605 0.00373022 0.737491 0.00120871 0.0768541 0.0138163 0.00120871 0.00120871 0.0491175 0.00120871 0.00120871 0.0213808 0.00120871 0.0213808 0.00373022 0.00120871 0.00625174 0.00120871 0.00120871 
0.0271534 0.466678 0.146826 0.125067 0.00321888 0.00974648 0.0793742 0.00104302 0.0119223 0.0162741 0.00104302 0.00104302 0.00104302 0.00104302 0.0815501 0.00104302 0.00321888 0.00974648 0.00321888 0.00974648 
0.0835472 0.0147932 0.000568238 0.122666 0.00175365 0.0444286 0.00768072 0.0432431 0.031389 0.00175365 0.0325744 0.00293907 0.000568238 0.000568238 0.0562827 0.00412448 0.00768072 0.0230911 0.200903 0.319445 
0.000521275 0.182125 0.000521275 0.337629 0.000521275 0.000521275 0.00378361 0.00269616 0.000521275 0.00378361 0.00269616 0.00269616 0.00269616 0.00922083 0.403963 0.000521275 0.00378361 0.0396693 0.000521275 0.00160872 
0.000685201 0.0492853 0.0264147 0.20795 0.00211462 0.0121205 0.00211462 0.000685201 0.00640286 0.00211462 0.00354403 0.00354403 0.000685201 0.205091 0.396633 0.00211462 0.0564324 0.00211462 0.00497344 0.0149793 
0.00529168 0.325425 0.0163308 0.00529168 0.0163308 0.369582 0.0604871 0.00529168 0.00529168 0.00529168 0.0273699 0.0273699 0.00529168 0.00529168 0.049448 0.0273699 0.0163308 0.00529168 0.0163308 0.00529168 
0.000783793 0.077633 0.000783793 0.182279 0.000783793 0.040026 0.0171347 0.00241888 0.00405397 0.120145 0.00732415 0.000783793 0.000783793 0.000783793 0.000783793 0.00895924 0.00405397 0.522377 0.000783793 0.00732415 
0.0245169 0.0346763 0.000811663 0.126111 0.00927781 0.148123 0.498621 0.000811663 0.000811663 0.0617679 0.000811663 0.000811663 0.0211304 0.000811663 0.0279033 0.00589135 0.00419812 0.0228237 0.00927781 0.000811663 
0.00587541 0.00587541 0.0181322 0.00587541 0.0181322 0.0303891 0.00587541 0.0426459 0.00587541 0.00587541 0.00587541 0.00587541 0.00587541 0.00587541 0.00587541 0.410351 0.238755 0.165214 0.00587541 0.00587541 
0.00407662 0.0380939 0.0891199 0.0636069 0.0125809 0.361258 0.0295896 0.106129 0.00407662 0.0465983 0.00407662 0.00407662 0.00407662 0.0125809 0.00407662 0.0380939 0.0721113 0.0721113 0.0295896 0.00407662 
0.00884449 0.0757307 0.00338439 0.176743 0.00201936 0.143982 0.307785 0.00884449 0.0716357 0.0197647 0.000654336 0.00201936 0.00201936 0.00201936 0.0934761 0.00474941 0.000654336 0.00201936 0.0730007 0.000654336 
0.000576437 0.499622 0.00538652 0.302409 0.000576437 0.000576437 0.000576437 0.000576437 0.0210193 0.0847528 0.0101966 0.000576437 0.000576437 0.000576437 0.000576437 0.000576437 0.00298148 0.00177896 0.034247 0.031842 
0.00845821 0.000905154 0.00279342 0.261485 0.0160113 0.172737 0.00468168 0.00279342 0.0386704 0.00279342 0.00279342 0.00845821 0.0651061 0.325686 0.0537765 0.0197878 0.00279342 0.00279342 0.000905154 0.00656994 
0.000927932 0.0744876 0.0047995 0.233222 0.000927932 0.0628729 0.00673528 0.000927932 0.000927932 0.0144784 0.0377078 0.0783592 0.0493225 0.271937 0.0144784 0.0667445 0.0047995 0.0706161 0.000927932 0.0047995 
0.016072 0.0426079 0.000908585 0.226464 0.000908585 0.00849027 0.000908585 0.00659485 0.0141765 0.00280401 0.372411 0.00469943 0.00469943 0.00849027 0.266268 0.0141765 0.000908585 0.00469943 0.000908585 0.00280401 
0.0047656 0.0047656 0.0445321 0.0246489 0.0047656 0.0047656 0.0445321 0.0047656 0.0345905 0.0544737 0.0147072 0.0842986 0.0047656 0.0147072 0.0147072 0.0445321 0.0047656 0.511789 0.074357 0.0047656 
0.00318326 0.00318326 0.00318326 0.116075 0.00318326 0.00982393 0.00318326 0.0430273 0.00318326 0.0430273 0.00982393 0.00982393 0.00318326 0.0297459 0.00318326 0.0363866 0.0961527 0.561 0.00982393 0.00982393 
0.00320454 0.00320454 0.0566851 0.0165747 0.00320454 0.00988961 0.0299448 0.05 0.00320454 0.00320454 0.00988961 0.00320454 0.0165747 0.00988961 0.00320454 0.230497 0.484529 0.0165747 0.0433149 0.00320454 
0.285163 0.024342 0.0391855 0.0667519 0.00101648 0.00949847 0.00313698 0.024342 0.00313698 0.00101648 0.00313698 0.020101 0.028583 0.00101648 0.032824 0.304248 0.00313698 0.00101648 0.14521 0.00313698 
0.000652554 0.000652554 0.105473 0.262024 0.00882041 0.000652554 0.0074591 0.324644 0.00609779 0.00882041 0.00201386 0.015627 0.000652554 0.000652554 0.178984 0.00473648 0.000652554 0.000652554 0.0673567 0.00337517 
0.0171989 0.0360321 0.00150464 0.00150464 0.0109212 0.0328932 0.0140601 0.0266155 0.0203378 0.0423098 0.00150464 0.0046435 0.0046435 0.00150464 0.0203378 0.0328932 0.00778235 0.651248 0.0642818 0.00778235 
0.0109977 0.217481 0.0109977 0.102768 0.102768 0.263366 0.0109977 0.0109977 0.0339402 0.0339402 0.0109977 0.0109977 0.0109977 0.0109977 0.0109977 0.0568828 0.0109977 0.0109977 0.0339402 0.0339402 
0.0138594 0.0138594 0.0427719 0.0138594 0.0138594 0.0716843 0.0427719 0.0138594 0.0138594 0.0138594 0.0138594 0.0716843 0.0138594 0.0138594 0.0427719 0.0427719 0.0716843 0.418634 0.0138594 0.0427719 
0.00878152 0.0271008 0.00878152 0.00878152 0.118697 0.137017 0.228613 0.00878152 0.00878152 0.00878152 0.00878152 0.00878152 0.118697 0.0820588 0.00878152 0.100378 0.00878152 0.00878152 0.0271008 0.0637395 
0.00241888 0.165928 0.000783793 0.110335 0.000783793 0.357233 0.00405397 0.00405397 0.0580119 0.000783793 0.000783793 0.0678225 0.000783793 0.000783793 0.128321 0.000783793 0.00241888 0.000783793 0.0302154 0.0629172 
0.000674594 0.00348917 0.00208188 0.649434 0.000674594 0.00208188 0.000674594 0.00489645 0.000674594 0.00208188 0.00208188 0.000674594 0.000674594 0.00208188 0.000674594 0.000674594 0.301834 0.000674594 0.000674594 0.0231912 
0.000618058 0.0044861 0.000618058 0.112791 0.0212476 0.466072 0.00835413 0.00706479 0.000618058 0.000618058 0.0122222 0.0444558 0.0392984 0.0019074 0.105055 0.0289837 0.0148009 0.0741108 0.0560599 0.000618058 
0.00709222 0.000758974 0.0450917 0.456753 0.000758974 0.000758974 0.00234229 0.00709222 0.00550891 0.00234229 0.000758974 0.000758974 0.000758974 0.000758974 0.458336 0.000758974 0.000758974 0.00709222 0.000758974 0.000758974 
0.0048464 0.000937002 0.0107105 0.145585 0.00680111 0.0185293 0.000937002 0.000937002 0.0243934 0.000937002 0.0107105 0.00875581 0.0028917 0.000937002 0.0263481 0.528706 0.0028917 0.000937002 0.188588 0.0146199 
0.00247142 0.231344 0.00581262 0.136119 0.00581262 0.380027 0.0943544 0.0108244 0.000800816 0.00581262 0.00247142 0.00414202 0.00581262 0.0241892 0.0225186 0.000800816 0.000800816 0.045907 0.0191774 0.000800816 
0.00529168 0.00529168 0.00529168 0.00529168 0.0163308 0.0273699 0.00529168 0.0273699 0.0163308 0.0163308 0.00529168 0.00529168 0.00529168 0.358543 0.126722 0.226074 0.0715262 0.0604871 0.00529168 0.00529168 
0.00541115 0.00541115 0.0618527 0.242466 0.00541115 0.152159 0.0279878 0.00541115 0.0166995 0.118294 0.0166995 0.0166995 0.0392761 0.00541115 0.0166995 0.0279878 0.00541115 0.0392761 0.0618527 0.129583 
0.00592048 0.0667198 0.0112074 0.64167 0.000633579 0.000633579 0.000633579 0.00327703 0.000633579 0.0019553 0.00459875 0.032355 0.0125291 0.000633579 0.0587895 0.118267 0.0217812 0.000633579 0.00592048 0.0112074 
0.0810588 0.179139 0.0156719 0.0156719 0.0156719 0.0156719 0.0156719 0.0483653 0.0156719 0.0156719 0.0483653 0.0156719 0.0483653 0.0483653 0.211833 0.0156719 0.0156719 0.0156719 0.113752 0.0483653 
0.00437422 0.00437422 0.0682503 0.323755 0.0226245 0.460632 0.00437422 0.0226245 0.00437422 0.0134994 0.00437422 0.00437422 0.00437422 0.00437422 0.00437422 0.00437422 0.00437422 0.0226245 0.0134994 0.00437422 
0.0052339 0.0379896 0.11442 0.0052339 0.0052339 0.125338 0.0379896 0.0052339 0.0707453 0.0489081 0.0161525 0.0052339 0.0161525 0.027071 0.0707453 0.0598267 0.0052339 0.332791 0.0052339 0.0052339 
0.00547293 0.0511417 0.0168901 0.00547293 0.00547293 0.462161 0.00547293 0.0168901 0.00547293 0.0168901 0.00547293 0.00547293 0.00547293 0.0168901 0.0168901 0.00547293 0.199565 0.0853933 0.0625589 0.00547293 
0.0151594 0.0151594 0.0049121 0.0049121 0.0356539 0.127879 0.0049121 0.0151594 0.0254066 0.220104 0.0356539 0.0049121 0.0254066 0.0766428 0.0049121 0.0254066 0.0049121 0.281588 0.0663956 0.0049121 
0.010751 0.033179 0.010751 0.055607 0.010751 0.055607 0.190175 0.010751 0.010751 0.078035 0.010751 0.010751 0.055607 0.010751 0.033179 0.010751 0.100463 0.235031 0.055607 0.010751 
0.00286035 0.235575 0.169938 0.0207615 0.00286035 0.211707 0.0625308 0.0326956 0.0207615 0.0446297 0.0147944 0.00882739 0.0207615 0.0446297 0.0326956 0.0446297 0.0207615 0.00286035 0.00286035 0.00286035 
0.00204341 0.291914 0.0745111 0.00630622 0.00204341 0.360119 0.0446715 0.00204341 0.0318831 0.00204341 0.010569 0.0574599 0.0404087 0.0318831 0.010569 0.00630622 0.010569 0.00204341 0.00630622 0.00630622 
0.000689142 0.0596322 0.000689142 0.367286 0.00787731 0.436292 0.000689142 0.00212678 0.000689142 0.000689142 0.00356441 0.00212678 0.000689142 0.00356441 0.00643968 0.000689142 0.000689142 0.0711332 0.0337547 0.000689142 
0.00102081 0.05 0.00315034 0.746356 0.013798 0.00953893 0.00102081 0.00102081 0.0223161 0.00102081 0.0159275 0.00102081 0.00315034 0.0074094 0.0436114 0.00315034 0.0329638 0.0223161 0.00102081 0.0201866 
0.0375515 0.0142104 0.0193973 0.117948 0.00383664 0.00902353 0.00124319 0.00643008 0.00383664 0.0142104 0.00124319 0.0219908 0.0245842 0.00643008 0.0219908 0.582175 0.0375515 0.0738597 0.00124319 0.00124319 
0.00138308 0.00138308 0.0302359 0.0764003 0.00138308 0.59575 0.00426836 0.00715363 0.0186947 0.0129242 0.0129242 0.00138308 0.00715363 0.00426836 0.00426836 0.0158095 0.00138308 0.165844 0.0360064 0.00138308 
0.000788953 0.0353519 0.00737237 0.0847275 0.000788953 0.0764983 0.000788953 0.00901823 0.00243481 0.17525 0.000788953 0.000788953 0.000788953 0.00737237 0.00901823 0.511004 0.000788953 0.0732065 0.00243481 0.000788953 
0.218866 0.0240206 0.0240206 0.0240206 0.00778341 0.00778341 0.00778341 0.00778341 0.00778341 0.0402577 0.00778341 0.0402577 0.00778341 0.072732 0.0240206 0.235104 0.105206 0.00778341 0.00778341 0.121443 
0.00193612 0.260431 0.0705988 0.139261 0.030209 0.280626 0.00193612 0.00193612 0.02617 0.0907937 0.00193612 0.00193612 0.0059751 0.00193612 0.022131 0.0140531 0.030209 0.0100141 0.0059751 0.00193612 
0.0215324 0.00915517 0.00296656 0.126739 0.00915517 0.324774 0.00296656 0.00296656 0.0339096 0.0153438 0.00296656 0.0524754 0.0153438 0.00915517 0.108173 0.00296656 0.00296656 0.244322 0.00296656 0.00915517 
0.00181859 0.00181859 0.202891 0.161159 0.00940622 0.0132 0.073901 0.00181859 0.0245815 0.164952 0.0359629 0.0283753 0.00940622 0.00561241 0.0321691 0.0132 0.0169938 0.0776948 0.00181859 0.123221 
0.00259692 0.00801441 0.00801441 0.0296844 0.00801441 0.0242669 0.00259692 0.00259692 0.0134319 0.00801441 0.00259692 0.110947 0.0242669 0.576851 0.00801441 0.0296844 0.00259692 0.0296844 0.0946943 0.0134319 
0.432304 0.00622885 0.0545651 0.0581456 0.00622885 0.000858162 0.00801909 0.0223409 0.00264839 0.0509846 0.0133898 0.0277116 0.00443862 0.000858162 0.149447 0.0420335 0.0312921 0.0527749 0.0348725 0.000858162 
0.00862354 0.00862354 0.00862354 0.0266133 0.00862354 0.170531 0.00862354 0.00862354 0.00862354 0.0446031 0.0266133 0.00862354 0.0266133 0.0446031 0.0805826 0.134552 0.134552 0.0446031 0.188521 0.00862354 
0.00423173 0.0299764 0.00137121 0.193026 0.00423173 0.00137121 0.527706 0.00423173 0.00423173 0.00709225 0.00137121 0.00137121 0.00423173 0.0242553 0.0728841 0.0156738 0.0385579 0.00137121 0.00137121 0.0614421 
0.000636947 0.0737182 0.0444857 0.0192394 0.0298694 0.0139244 0.00595195 0.0152532 0.0192394 0.000636947 0.000636947 0.00595195 0.0099382 0.000636947 0.641094 0.0139244 0.000636947 0.0046232 0.0989644 0.000636947 
0.000288668 0.0605083 0.0201612 0.111695 0.00209526 0.00269745 0.12133 0.00269745 0.0129348 0.00510624 0.0255809 0.224908 0.00811722 0.000890864 0.000288668 0.389308 0.000890864 0.00269745 0.00329965 0.00450404 
0.00104987 0.0339023 0.00104987 0.149981 0.00104987 0.0054302 0.0054302 0.00324003 0.0141908 0.0120007 0.00104987 0.0141908 0.0054302 0.00324003 0.552971 0.0054302 0.185024 0.00324003 0.00104987 0.00104987 
0.00268417 0.153871 0.0250822 0.0754778 0.00828368 0.366652 0.0250822 0.00268417 0.00268417 0.00828368 0.0250822 0.00268417 0.00268417 0.00268417 0.176269 0.00268417 0.00268417 0.0978758 0.00268417 0.0138832 
0.0124227 0.0124227 0.0124227 0.0124227 0.0124227 0.0124227 0.0124227 0.0642534 0.0124227 0.0124227 0.0124227 0.0124227 0.0383381 0.0124227 0.0642534 0.0383381 0.504815 0.116084 0.0124227 0.0124227 
0.0044347 0.136334 0.043405 0.0673868 0.0044347 0.0044347 0.022421 0.00143698 0.00143698 0.00143698 0.0104301 0.0044347 0.00143698 0.00743241 0.0104301 0.529035 0.00143698 0.145327 0.00143698 0.00143698 
0.0181748 0.106626 0.396262 0.162125 0.0233778 0.000831371 0.000831371 0.00256571 0.000831371 0.0251122 0.000831371 0.00256571 0.000831371 0.000831371 0.000831371 0.00430006 0.0164405 0.169063 0.000831371 0.0667364 
0.00594832 0.00594832 0.0307662 0.0183572 0.00594832 0.241718 0.2169 0.00594832 0.055584 0.00594832 0.0307662 0.00594832 0.0431751 0.00594832 0.00594832 0.00594832 0.00594832 0.291354 0.00594832 0.00594832 
0.00095 0.401277 0.0346409 0.15355 0.00095 0.00095 0.0108591 0.00887727 0.00887727 0.137695 0.00095 0.00095 0.02275 0.0722955 0.0168045 0.00293182 0.00095 0.0683318 0.0524773 0.00293182 
0.0345405 0.00255539 0.018548 0.146488 0.00255539 0.00788624 0.00255539 0.00255539 0.00255539 0.0665257 0.0452022 0.00788624 0.00255539 0.00255539 0.00788624 0.0611948 0.00255539 0.567626 0.0132171 0.00255539 
0.238229 0.050792 0.126031 0.049472 0.0296723 0.0653118 0.00195272 0.0032727 0.0191125 0.0455121 0.00723264 0.0402321 0.00723264 0.000632743 0.17751 0.0653118 0.0270323 0.0164725 0.0270323 0.00195272 
0.00249223 0.122104 0.000807561 0.159167 0.00249223 0.450615 0.000807561 0.00249223 0.0126003 0.000807561 0.000807561 0.000807561 0.00417691 0.000807561 0.0479784 0.0159696 0.000807561 0.0631404 0.0850412 0.0260776 
0.00265858 0.0294657 0.00694772 0.060562 0.00587544 0.00694772 0.00587544 0.00373087 0.0241043 0.0101646 0.00373087 0.591344 0.0541283 0.124899 0.00265858 0.00373087 0.000514009 0.000514009 0.0616343 0.000514009 
0.0035491 0.0035491 0.000686182 0.891055 0.00211764 0.0192952 0.000686182 0.00498056 0.000686182 0.000686182 0.00784349 0.000686182 0.000686182 0.04363 0.000686182 0.000686182 0.000686182 0.00211764 0.0150008 0.000686182 
0.00322611 0.00322611 0.00995616 0.110907 0.104177 0.00322611 0.205128 0.00322611 0.00322611 0.00322611 0.0368764 0.0637966 0.0436064 0.0570666 0.0436064 0.144557 0.00995616 0.0301463 0.117637 0.00322611 
