0.00081304 0.0381273 0.34173 0.197561 0.158551 0.0940987 0.00420524 0.00081304 0.00759745 0.00081304 0.00081304 0.00081304 0.00081304 0.0262546 0.0245585 0.00420524 0.00081304 0.00081304 0.00420524 0.0924026 
0.0206651 0.0625721 0.00669614 0.00669614 0.0346341 0.174324 0.00669614 0.258138 0.00669614 0.00669614 0.00669614 0.00669614 0.00669614 0.0765411 0.00669614 0.0905101 0.0346341 0.00669614 0.174324 0.00669614 
0.0326433 0.00449733 0.0138793 0.00449733 0.0701713 0.126463 0.0138793 0.00449733 0.0232613 0.00449733 0.00449733 0.0326433 0.00449733 0.0138793 0.00449733 0.0138793 0.00449733 0.304721 0.285957 0.0326433 
0.0121089 0.0373696 0.0121089 0.0121089 0.0373696 0.466802 0.0121089 0.0626304 0.0121089 0.0121089 0.0121089 0.0626304 0.0121089 0.0121089 0.0626304 0.0121089 0.0626304 0.0121089 0.0121089 0.0626304 
0.00453993 0.146603 0.0708359 0.0992484 0.0518942 0.411786 0.00453993 0.00453993 0.108719 0.00453993 0.00453993 0.00453993 0.0140108 0.00453993 0.00453993 0.00453993 0.00453993 0.00453993 0.0329525 0.0140108 
0.0102895 0.117615 0.353732 0.0532198 0.13908 0.0102895 0.0317546 0.0102895 0.0102895 0.0317546 0.0102895 0.0532198 0.0102895 0.0102895 0.0102895 0.0102895 0.0532198 0.0532198 0.0102895 0.0102895 
0.00244689 0.0785319 0.00575493 0.25055 0.014025 0.014025 0.346483 0.000792868 0.00410091 0.111612 0.00244689 0.014025 0.00244689 0.000792868 0.00244689 0.00410091 0.108304 0.000792868 0.0156791 0.0206411 
0.000944386 0.0777785 0.00291449 0.404816 0.000944386 0.0167052 0.209776 0.00882481 0.000944386 0.0167052 0.000944386 0.000944386 0.0186753 0.0048846 0.0206454 0.000944386 0.134912 0.00882481 0.000944386 0.067928 
0.000658832 0.579284 0.000658832 0.186204 0.00890527 0.0954928 0.0102797 0.000658832 0.0171517 0.00478205 0.00615646 0.00890527 0.0102797 0.000658832 0.0446398 0.00890527 0.00478205 0.00203324 0.00753086 0.00203324 
0.00594832 0.303763 0.0183572 0.0183572 0.0307662 0.0183572 0.00594832 0.0183572 0.0183572 0.00594832 0.00594832 0.055584 0.00594832 0.0928108 0.192082 0.00594832 0.00594832 0.0183572 0.154855 0.0183572 
0.00617832 0.019067 0.0577332 0.019067 0.0835107 0.431506 0.0963994 0.0448445 0.00617832 0.00617832 0.0319558 0.019067 0.019067 0.0319558 0.019067 0.0319558 0.0319558 0.019067 0.019067 0.00617832 
0.0831702 0.0362865 0.00581208 0.409012 0.00346789 0.359784 0.0011237 0.0245656 0.0011237 0.00581208 0.00346789 0.0433191 0.0011237 0.0011237 0.00815627 0.0011237 0.00346789 0.0011237 0.0011237 0.00581208 
0.0044145 0.0044145 0.0044145 0.0136237 0.0044145 0.566175 0.0044145 0.0965064 0.0136237 0.0136237 0.0044145 0.0044145 0.0136237 0.0044145 0.105716 0.0412513 0.0044145 0.0872972 0.0044145 0.0044145 
0.0194963 0.0601679 0.0601679 0.0194963 0.0194963 0.0194963 0.0601679 0.0194963 0.0194963 0.0194963 0.0194963 0.0601679 0.0194963 0.0601679 0.141511 0.0194963 0.182183 0.141511 0.0194963 0.0194963 
0.000652554 0.00201386 0.051021 0.572402 0.00201386 0.0496597 0.00337517 0.000652554 0.000652554 0.00473648 0.000652554 0.0197109 0.00609779 0.000652554 0.168094 0.0673567 0.0142656 0.0237948 0.011543 0.000652554 
0.0050679 0.15308 0.121363 0.089646 0.0050679 0.0367847 0.121363 0.0050679 0.0156402 0.142507 0.0050679 0.0050679 0.0050679 0.0050679 0.0050679 0.0156402 0.0050679 0.163652 0.0050679 0.089646 
0.00148598 0.00768585 0.0138857 0.233981 0.0107858 0.0696846 0.0200856 0.00148598 0.00148598 0.047985 0.00148598 0.00148598 0.00768585 0.00458592 0.00148598 0.00148598 0.00148598 0.568775 0.00148598 0.00148598 
0.00282662 0.10307 0.221004 0.238694 0.01462 0.256384 0.00872329 0.00282662 0.00282662 0.0264133 0.00282662 0.00872329 0.01462 0.0382067 0.00282662 0.00872329 0.00282662 0.00282662 0.0382067 0.00282662 
0.00176502 0.0128112 0.0569959 0.204278 0.00544708 0.450976 0.0128112 0.00176502 0.00544708 0.0164933 0.00912914 0.00176502 0.00912914 0.00176502 0.00176502 0.00176502 0.00176502 0.200596 0.00176502 0.00176502 
0.00529168 0.00529168 0.00529168 0.314386 0.00529168 0.0163308 0.00529168 0.00529168 0.00529168 0.00529168 0.0273699 0.00529168 0.00529168 0.00529168 0.0163308 0.502051 0.00529168 0.00529168 0.0273699 0.0273699 
0.0105152 0.0105152 0.0105152 0.186003 0.0105152 0.0324512 0.0324512 0.0105152 0.0105152 0.0105152 0.0105152 0.0105152 0.0982592 0.0105152 0.0105152 0.0105152 0.0324512 0.449235 0.0105152 0.0324512 
0.0170852 0.00553613 0.0863795 0.352008 0.00553613 0.0632814 0.00553613 0.00553613 0.00553613 0.0170852 0.0170852 0.00553613 0.00553613 0.0170852 0.00553613 0.0170852 0.0170852 0.317361 0.00553613 0.0286342 
0.00587541 0.00587541 0.0426459 0.0181322 0.00587541 0.275526 0.0303891 0.00587541 0.0916732 0.00587541 0.0794164 0.0916732 0.0303891 0.0303891 0.0426459 0.0303891 0.0303891 0.00587541 0.140701 0.0303891 
0.00566703 0.00566703 0.00566703 0.0411334 0.0647777 0.171177 0.0529555 0.00566703 0.0647777 0.00566703 0.0765998 0.123888 0.00566703 0.0884219 0.0647777 0.100244 0.0174892 0.00566703 0.0765998 0.0174892 
0.0133182 0.0115376 0.0346863 0.271515 0.000853577 0.47095 0.000853577 0.00263424 0.0133182 0.0240023 0.00263424 0.0596156 0.00797625 0.000853577 0.0150989 0.00263424 0.00975691 0.0524929 0.000853577 0.00441491 
0.0248268 0.461162 0.0751732 0.00804465 0.0248268 0.00804465 0.0583911 0.0416089 0.0248268 0.0583911 0.00804465 0.0248268 0.0248268 0.0416089 0.0416089 0.0248268 0.00804465 0.00804465 0.0248268 0.00804465 
0.000714833 0.0201008 0.0812413 0.360101 0.00667976 0.0186096 0.0186096 0.00369729 0.000714833 0.000714833 0.00220606 0.00220606 0.000714833 0.00220606 0.0439605 0.00966222 0.000714833 0.0111534 0.139399 0.276592 
0.0610126 0.0365402 0.0283827 0.0120678 0.00391034 0.0202253 0.0283827 0.0120678 0.1018 0.0202253 0.00391034 0.00391034 0.00391034 0.0773275 0.0202253 0.0120678 0.0365402 0.281264 0.183374 0.0528551 
0.00348403 0.112506 0.112506 0.0470928 0.00348403 0.0543609 0.00348403 0.0107522 0.0470928 0.0325565 0.0398246 0.0470928 0.0907015 0.00348403 0.0543609 0.2506 0.0252884 0.00348403 0.0543609 0.00348403 
0.0393581 0.0127532 0.0127532 0.0925677 0.0393581 0.119173 0.0127532 0.0127532 0.0127532 0.0127532 0.0393581 0.0127532 0.0127532 0.0127532 0.0127532 0.0127532 0.0393581 0.305406 0.0127532 0.172382 
0.00625899 0.176 0.00625899 0.00625899 0.00625899 0.293513 0.00625899 0.00625899 0.00625899 0.00625899 0.019316 0.0715441 0.032373 0.00625899 0.019316 0.00625899 0.00625899 0.254342 0.0584871 0.00625899 
0.0120535 0.00105449 0.00985368 0.342023 0.00985368 0.00545409 0.575202 0.00105449 0.00985368 0.00985368 0.00105449 0.00985368 0.00105449 0.00105449 0.00325429 0.00105449 0.00105449 0.00325429 0.00105449 0.00105449 
0.0121671 0.0615144 0.0203916 0.0368407 0.00394251 0.119086 0.0203916 0.00394251 0.0121671 0.0121671 0.0615144 0.00394251 0.0121671 0.00394251 0.0450653 0.0286162 0.00394251 0.50564 0.00394251 0.0286162 
0.093615 0.00442279 0.0008551 0.238106 0.00977432 0.00442279 0.00620663 0.0508027 0.0008551 0.0329643 0.0115582 0.0186935 0.0008551 0.0008551 0.432545 0.0454512 0.0008551 0.00442279 0.0418835 0.0008551 
0.00195987 0.00604839 0.00195987 0.128704 0.00195987 0.55391 0.0142254 0.0224025 0.00604839 0.0387566 0.034668 0.018314 0.00604839 0.0101369 0.00195987 0.00195987 0.0101369 0.132793 0.00604839 0.00195987 
0.00625899 0.136829 0.04543 0.0715441 0.00625899 0.00625899 0.04543 0.00625899 0.00625899 0.0715441 0.032373 0.032373 0.00625899 0.032373 0.019316 0.00625899 0.437141 0.019316 0.00625899 0.00625899 
0.0068886 0.0068886 0.0643705 0.279927 0.0356295 0.107482 0.0068886 0.0068886 0.0068886 0.236816 0.0068886 0.0068886 0.0068886 0.0068886 0.0787409 0.0068886 0.0068886 0.0068886 0.0212591 0.0931114 
0.00120871 0.0289454 0.0314669 0.0440744 0.0112948 0.112155 0.397086 0.00625174 0.00120871 0.00120871 0.00373022 0.0314669 0.00373022 0.0339884 0.00120871 0.00625174 0.00877325 0.182758 0.0919832 0.00120871 
0.0425996 0.200261 0.0474259 0.0538611 0.0216854 0.0136415 0.00398875 0.00720632 0.000771184 0.000771184 0.039382 0.00559754 0.105342 0.00237997 0.266221 0.0377732 0.00559754 0.000771184 0.132692 0.0120327 
0.0244731 0.0755269 0.0244731 0.0244731 0.0244731 0.483958 0.0244731 0.0244731 0.0244731 0.0244731 0.0244731 0.0244731 0.0244731 0.0244731 0.0244731 0.0244731 0.0244731 0.0244731 0.0244731 0.0244731 
0.0591805 0.00517737 0.0483799 0.210389 0.0267786 0.329196 0.00517737 0.0699812 0.00517737 0.00517737 0.00517737 0.00517737 0.0915824 0.0375793 0.0267786 0.015978 0.00517737 0.00517737 0.015978 0.0267786 
0.00327012 0.0169139 0.0442014 0.242036 0.0237358 0.405761 0.0373795 0.00327012 0.00327012 0.00327012 0.00327012 0.00327012 0.0373795 0.119242 0.0169139 0.0169139 0.010092 0.00327012 0.00327012 0.00327012 
0.0867298 0.051749 0.0167683 0.261633 0.0167683 0.0167683 0.0167683 0.0167683 0.0167683 0.0167683 0.121711 0.0867298 0.0167683 0.0167683 0.0167683 0.0167683 0.121711 0.0167683 0.0167683 0.051749 
0.0131018 0.0950978 0.0404338 0.0131018 0.0131018 0.0131018 0.0677658 0.0131018 0.0677658 0.0404338 0.0131018 0.0131018 0.0131018 0.0131018 0.0131018 0.0131018 0.0131018 0.286422 0.0677658 0.177094 
0.00234305 0.0170067 0.144092 0.051222 0.0121188 0.33472 0.00723094 0.00723094 0.114765 0.00234305 0.0121188 0.0365583 0.0121188 0.00234305 0.0218946 0.00723094 0.00234305 0.00723094 0.202747 0.00234305 
0.00791187 0.0409222 0.106943 0.024417 0.00791187 0.0904376 0.00791187 0.00791187 0.00791187 0.00791187 0.00791187 0.00791187 0.024417 0.024417 0.00791187 0.024417 0.0409222 0.519571 0.024417 0.00791187 
0.000585592 0.0714394 0.000585592 0.0189098 0.00669368 0.000585592 0.000585592 0.0140234 0.000585592 0.0518935 0.000585592 0.000585592 0.000585592 0.00180721 0.0140234 0.172834 0.00302883 0.602843 0.0335693 0.00425044 
0.000498507 0.0483361 0.0358567 0.338481 0.0202575 0.438316 0.0410565 0.0025784 0.00881809 0.0025784 0.0400165 0.000498507 0.00881809 0.00361835 0.00153845 0.00153845 0.000498507 0.000498507 0.0046583 0.00153845 
0.0109977 0.0109977 0.0339402 0.0109977 0.0109977 0.0339402 0.630446 0.0109977 0.0109977 0.0109977 0.0109977 0.0109977 0.0109977 0.0339402 0.0339402 0.0109977 0.0109977 0.0568828 0.0339402 0.0109977 
0.00417206 0.0126326 0.018273 0.212865 0.0126326 0.59077 0.00135188 0.0126326 0.00135188 0.0577555 0.018273 0.00135188 0.00699224 0.00699224 0.00135188 0.0154528 0.00135188 0.00699224 0.00417206 0.0126326 
0.00079948 0.00747074 0.0124742 0.110875 0.0108064 0.00413511 0.00246729 0.00079948 0.00413511 0.00079948 0.00246729 0.00747074 0.00079948 0.00079948 0.00079948 0.684603 0.0391592 0.105872 0.00079948 0.00246729 
0.00195789 0.00989874 0.0509264 0.072102 0.00328137 0.074749 0.00195789 0.000634418 0.000634418 0.000634418 0.00195789 0.487673 0.0151926 0.00195789 0.176656 0.00328137 0.000634418 0.02181 0.0707785 0.00328137 
0.000757774 0.00866182 0.0307932 0.260011 0.000757774 0.546137 0.0118234 0.0055002 0.000757774 0.000757774 0.0197275 0.000757774 0.000757774 0.000757774 0.00233858 0.098768 0.000757774 0.0055002 0.00391939 0.000757774 
0.0167683 0.0167683 0.0167683 0.051749 0.0167683 0.156691 0.051749 0.261633 0.0167683 0.0167683 0.0167683 0.0167683 0.0167683 0.051749 0.0167683 0.0167683 0.156691 0.0167683 0.0167683 0.051749 
0.05 0.0837984 0.0162016 0.286589 0.0162016 0.05 0.0162016 0.0162016 0.0162016 0.0162016 0.05 0.0162016 0.0162016 0.0162016 0.0162016 0.185194 0.05 0.05 0.0162016 0.0162016 
0.0192815 0.00372788 0.00372788 0.4159 0.0115047 0.0115047 0.00372788 0.00372788 0.0192815 0.0115047 0.0270584 0.00372788 0.0115047 0.12038 0.0115047 0.00372788 0.283694 0.00372788 0.00372788 0.0270584 
0.00283626 0.077608 0.000919037 0.392033 0.0124224 0.0181741 0.000919037 0.000919037 0.0124224 0.00667071 0.000919037 0.000919037 0.00858794 0.00283626 0.0450152 0.000919037 0.000919037 0.0105052 0.00475349 0.399702 
0.00204341 0.00204341 0.00630622 0.415536 0.00630622 0.0958252 0.377171 0.010569 0.00204341 0.00204341 0.00204341 0.00630622 0.00204341 0.0404087 0.00204341 0.00204341 0.010569 0.00204341 0.010569 0.00204341 
0.00408739 0.043653 0.00903309 0.172241 0.00738452 0.356881 0.000790254 0.0601387 0.00408739 0.000790254 0.0106817 0.0139788 0.000790254 0.0106817 0.251373 0.0189245 0.000790254 0.0288159 0.00408739 0.000790254 
0.0393581 0.0393581 0.0127532 0.0659629 0.0127532 0.49164 0.0925677 0.0127532 0.0127532 0.0127532 0.0127532 0.0127532 0.0127532 0.0127532 0.0127532 0.0127532 0.0127532 0.0659629 0.0127532 0.0393581 
0.0138594 0.0138594 0.100597 0.100597 0.0138594 0.187334 0.274072 0.0138594 0.0427719 0.0138594 0.0138594 0.0427719 0.0716843 0.0138594 0.0138594 0.0138594 0.0138594 0.0138594 0.0138594 0.0138594 
0.0180297 0.0556418 0.0180297 0.0180297 0.093254 0.0556418 0.0556418 0.0180297 0.0180297 0.0180297 0.0180297 0.0556418 0.0556418 0.0180297 0.0180297 0.0180297 0.0180297 0.394151 0.0180297 0.0180297 
0.0006499 0.00471722 0.0006499 0.179612 0.00471722 0.561939 0.00336144 0.0142076 0.0481019 0.0006499 0.00336144 0.0006499 0.0006499 0.00200567 0.0006499 0.0101403 0.00336144 0.0399673 0.0575923 0.0630154 
0.0131018 0.286422 0.0677658 0.0131018 0.0131018 0.0131018 0.149762 0.0131018 0.0131018 0.0131018 0.0404338 0.0404338 0.0404338 0.0131018 0.0950978 0.0131018 0.12243 0.0131018 0.0131018 0.0131018 
0.00425766 0.0664317 0.00425766 0.137488 0.00425766 0.45724 0.00425766 0.0131397 0.0220217 0.0131397 0.00425766 0.0131397 0.00425766 0.00425766 0.00425766 0.0397857 0.00425766 0.128606 0.0131397 0.0575497 
0.123212 0.0091155 0.0851797 0.0091155 0.0091155 0.0281315 0.0661636 0.0091155 0.0091155 0.0471476 0.0091155 0.0091155 0.142228 0.123212 0.0471476 0.0091155 0.0281315 0.18026 0.0281315 0.0281315 
0.0115266 0.0115266 0.0115266 0.0115266 0.0115266 0.0115266 0.0115266 0.10771 0.0355725 0.0115266 0.0115266 0.0355725 0.0115266 0.0115266 0.131756 0.0355725 0.0115266 0.492444 0.0115266 0.0115266 
0.00716094 0.00716094 0.00232037 0.1669 0.00232037 0.0700884 0.0313638 0.0120015 0.00716094 0.00232037 0.0120015 0.00716094 0.00232037 0.00232037 0.00232037 0.0168421 0.00232037 0.520262 0.118494 0.00716094 
0.0662753 0.0514796 0.00709244 0.199437 0.0514796 0.0662753 0.15505 0.00709244 0.00709244 0.15505 0.00709244 0.0662753 0.00709244 0.00709244 0.0218882 0.0514796 0.0366839 0.0218882 0.00709244 0.00709244 
0.00256908 0.0722416 0.0454445 0.243743 0.00256908 0.0454445 0.0829605 0.0186474 0.0132879 0.00256908 0.00256908 0.00792851 0.0561633 0.00792851 0.00256908 0.00792851 0.0132879 0.0132879 0.0936793 0.265181 
0.0483653 0.113752 0.0156719 0.0810588 0.0156719 0.342606 0.0156719 0.0156719 0.0156719 0.0156719 0.0483653 0.0156719 0.0156719 0.0156719 0.0810588 0.0156719 0.0810588 0.0156719 0.0156719 0.0156719 
0.0118106 0.0118106 0.0364489 0.0364489 0.0118106 0.110364 0.282832 0.0364489 0.0364489 0.0364489 0.0118106 0.0118106 0.0118106 0.135002 0.0364489 0.0118106 0.0118106 0.0118106 0.0610873 0.0857256 
0.000684223 0.000684223 0.0335138 0.366092 0.0021116 0.513112 0.026377 0.000684223 0.0106758 0.00782109 0.00496635 0.00639372 0.000684223 0.0021116 0.0106758 0.00924847 0.0021116 0.000684223 0.000684223 0.000684223 
0.0898736 0.0536249 0.19862 0.0173761 0.0898736 0.19862 0.0536249 0.0173761 0.0536249 0.0173761 0.0173761 0.0173761 0.0173761 0.0173761 0.0536249 0.0173761 0.0173761 0.0173761 0.0173761 0.0173761 
0.0146807 0.0129493 0.016412 0.341904 0.00429261 0.0631582 0.00602395 0.00602395 0.00429261 0.000829932 0.000829932 0.000829932 0.00775529 0.00602395 0.00429261 0.000829932 0.468292 0.00429261 0.000829932 0.0354567 
0.000811663 0.0651544 0.0922461 0.0939393 0.000811663 0.00419812 0.000811663 0.010971 0.017744 0.00589135 0.017744 0.00250489 0.000811663 0.00927781 0.549418 0.0295966 0.0431424 0.0380627 0.00927781 0.00758458 
0.045397 0.01471 0.01471 0.137458 0.01471 0.01471 0.045397 0.382953 0.01471 0.045397 0.01471 0.01471 0.01471 0.0760839 0.01471 0.01471 0.01471 0.0760839 0.01471 0.01471 
0.0774364 0.0153163 0.0256696 0.00496296 0.00496296 0.036023 0.00496296 0.0153163 0.0153163 0.0567297 0.00496296 0.0256696 0.00496296 0.315563 0.0153163 0.346623 0.00496296 0.0153163 0.00496296 0.00496296 
0.00947588 0.0885473 0.00947588 0.0292437 0.00947588 0.24669 0.226922 0.00947588 0.0292437 0.00947588 0.0490116 0.00947588 0.0292437 0.0292437 0.00947588 0.00947588 0.00947588 0.167619 0.00947588 0.00947588 
0.0121089 0.0121089 0.138413 0.0121089 0.0121089 0.0121089 0.0121089 0.0121089 0.0121089 0.0121089 0.0121089 0.0121089 0.0121089 0.214195 0.0373696 0.0373696 0.214195 0.163673 0.0121089 0.0373696 
0.00986594 0.0304475 0.0304475 0.0921922 0.00986594 0.0304475 0.0716106 0.0921922 0.00986594 0.00986594 0.0510291 0.00986594 0.0304475 0.00986594 0.359753 0.0716106 0.00986594 0.00986594 0.0510291 0.00986594 
0.00237792 0.136315 0.260331 0.00237792 0.0271811 0.0122992 0.141276 0.00237792 0.00237792 0.156158 0.0321417 0.00237792 0.00237792 0.0122992 0.0470236 0.0122992 0.0271811 0.0470236 0.0619055 0.0122992 
0.0173761 0.0173761 0.0173761 0.0898736 0.0173761 0.0173761 0.0173761 0.0173761 0.0173761 0.0898736 0.0898736 0.0173761 0.0173761 0.0173761 0.0173761 0.0173761 0.19862 0.234869 0.0173761 0.0536249 
0.0124227 0.0124227 0.0383381 0.0383381 0.0124227 0.556645 0.0383381 0.0383381 0.0383381 0.0124227 0.0124227 0.0383381 0.0124227 0.0124227 0.0124227 0.0642534 0.0124227 0.0124227 0.0124227 0.0124227 
0.00986594 0.1951 0.0304475 0.174518 0.00986594 0.0510291 0.0921922 0.00986594 0.00986594 0.0716106 0.00986594 0.00986594 0.00986594 0.0716106 0.00986594 0.0304475 0.00986594 0.0304475 0.153937 0.00986594 
0.162343 0.0742308 0.0246678 0.00263982 0.0191608 0.00814682 0.00263982 0.0411888 0.00263982 0.00263982 0.00814682 0.00263982 0.00263982 0.00263982 0.0191608 0.0411888 0.0577098 0.509284 0.00263982 0.0136538 
0.0092922 0.0092922 0.0092922 0.280678 0.0480615 0.0092922 0.0480615 0.0092922 0.0092922 0.0092922 0.0092922 0.0286769 0.0092922 0.0092922 0.0092922 0.0480615 0.16437 0.0286769 0.222524 0.0286769 
0.01347 0.09777 0.01347 0.01347 0.04157 0.12587 0.04157 0.01347 0.01347 0.01347 0.06967 0.09777 0.12587 0.01347 0.12587 0.04157 0.09777 0.01347 0.01347 0.01347 
0.0021116 0.000684223 0.000684223 0.179106 0.014958 0.000684223 0.00924847 0.00924847 0.0206675 0.000684223 0.000684223 0.000684223 0.000684223 0.0021116 0.140567 0.613028 0.000684223 0.000684223 0.000684223 0.0021116 
0.0406007 0.00926991 0.0280684 0.00300374 0.00300374 0.00300374 0.00300374 0.0343346 0.0155361 0.00926991 0.00300374 0.00300374 0.00300374 0.00300374 0.0155361 0.0155361 0.00300374 0.798807 0.00300374 0.00300374 
0.0468342 0.0151757 0.0151757 0.110151 0.0151757 0.110151 0.173468 0.0151757 0.0784926 0.0151757 0.0468342 0.0468342 0.0151757 0.0151757 0.0151757 0.0151757 0.0151757 0.173468 0.0468342 0.0151757 
0.00384757 0.100166 0.156351 0.00384757 0.0199006 0.212537 0.188457 0.0118741 0.00384757 0.00384757 0.00384757 0.00384757 0.0118741 0.00384757 0.140298 0.00384757 0.0520066 0.0118741 0.0600331 0.00384757 
0.0162016 0.0162016 0.0162016 0.0162016 0.05 0.0162016 0.117597 0.0162016 0.0162016 0.05 0.0162016 0.0162016 0.0162016 0.0162016 0.0162016 0.0837984 0.0162016 0.455581 0.0162016 0.0162016 
0.000825643 0.0438855 0.000825643 0.279854 0.000825643 0.515822 0.0404407 0.00427043 0.00427043 0.0731662 0.000825643 0.000825643 0.00943761 0.000825643 0.00427043 0.00254804 0.00427043 0.00427043 0.00427043 0.00427043 
0.0124227 0.0642534 0.0124227 0.0383381 0.0642534 0.0124227 0.0124227 0.0124227 0.0124227 0.0383381 0.0383381 0.0124227 0.0124227 0.0124227 0.0124227 0.0124227 0.375238 0.19383 0.0124227 0.0383381 
0.00947588 0.128083 0.00947588 0.325762 0.00947588 0.167619 0.00947588 0.0490116 0.00947588 0.00947588 0.00947588 0.0687795 0.00947588 0.00947588 0.0687795 0.0490116 0.00947588 0.0292437 0.00947588 0.00947588 
0.00963204 0.107296 0.016143 0.00963204 0.00312108 0.022654 0.00312108 0.016143 0.00312108 0.113807 0.00963204 0.00963204 0.0486978 0.0291649 0.00963204 0.00312108 0.00963204 0.550042 0.022654 0.00312108 
0.000457583 0.0424589 0.0243219 0.237192 0.0128671 0.0462772 0.0415043 0.0100033 0.0520046 0.000457583 0.000457583 0.00809418 0.00523046 0.000457583 0.00618503 0.00236673 0.000457583 0.381333 0.126461 0.00141216 
0.000841588 0.0113755 0.00961988 0.178163 0.00259725 0.0166425 0.00259725 0.0113755 0.000841588 0.0148868 0.000841588 0.172896 0.000841588 0.000841588 0.000841588 0.504715 0.00259725 0.00961988 0.0570226 0.000841588 
0.00173941 0.328315 0.05254 0.0924548 0.00173941 0.0307683 0.0634259 0.00173941 0.00536802 0.00899664 0.00173941 0.00536802 0.00173941 0.00173941 0.00536802 0.0271397 0.00173941 0.259371 0.106969 0.00173941 
0.00535074 0.262084 0.00535074 0.0165131 0.0834869 0.150461 0.116974 0.00535074 0.00535074 0.0165131 0.0165131 0.116974 0.0276754 0.0723246 0.0388377 0.0276754 0.0165131 0.00535074 0.00535074 0.00535074 
0.01471 0.01471 0.045397 0.01471 0.01471 0.475014 0.01471 0.01471 0.01471 0.01471 0.045397 0.01471 0.106771 0.045397 0.01471 0.01471 0.0760839 0.01471 0.01471 0.01471 
0.0373696 0.0373696 0.138413 0.0121089 0.0121089 0.0121089 0.0626304 0.0121089 0.0121089 0.0626304 0.0121089 0.0373696 0.0121089 0.0626304 0.0373696 0.0121089 0.0121089 0.39102 0.0121089 0.0121089 
0.341888 0.0342367 0.0311906 0.0357597 0.000730075 0.0388058 0.0022531 0.000730075 0.00986824 0.00682218 0.0357597 0.00834521 0.00529916 0.0022531 0.262691 0.0250985 0.0235755 0.0022531 0.0753584 0.0570821 
0.0292437 0.0292437 0.00947588 0.00947588 0.0292437 0.464137 0.00947588 0.128083 0.00947588 0.0292437 0.0490116 0.00947588 0.0490116 0.00947588 0.0292437 0.0292437 0.0292437 0.00947588 0.00947588 0.0292437 
0.00801441 0.00259692 0.0784418 0.116364 0.00259692 0.343899 0.00259692 0.00259692 0.0296844 0.0351019 0.0405194 0.00259692 0.0242669 0.0188494 0.0188494 0.00259692 0.00259692 0.165122 0.100112 0.00259692 
0.00837749 0.43876 0.00271457 0.0253663 0.00837749 0.149951 0.0423551 0.0197033 0.00271457 0.00271457 0.0366921 0.00271457 0.00271457 0.0310292 0.0876585 0.00271457 0.00271457 0.0140404 0.11031 0.00837749 
0.0115266 0.203894 0.0355725 0.0836642 0.0355725 0.0115266 0.0115266 0.0115266 0.0115266 0.0115266 0.0355725 0.0115266 0.0836642 0.0596184 0.155802 0.0115266 0.0355725 0.0115266 0.0355725 0.131756 
0.000834265 0.0930744 0.0130169 0.0861129 0.00605541 0.594304 0.0199784 0.00257465 0.0356419 0.0217188 0.000834265 0.000834265 0.00953617 0.00953617 0.0843725 0.00605541 0.000834265 0.000834265 0.0112765 0.00257465 
0.0118106 0.0118106 0.0118106 0.0118106 0.0118106 0.356747 0.0364489 0.0118106 0.0118106 0.0118106 0.0118106 0.0610873 0.0118106 0.0610873 0.0118106 0.0364489 0.208917 0.0364489 0.0364489 0.0364489 
0.00529168 0.00529168 0.0163308 0.00529168 0.00529168 0.402699 0.00529168 0.0273699 0.00529168 0.00529168 0.0715262 0.00529168 0.00529168 0.00529168 0.00529168 0.00529168 0.00529168 0.380621 0.0273699 0.00529168 
0.00256571 0.113564 0.000831371 0.104892 0.000831371 0.0563304 0.0476586 0.00256571 0.000831371 0.0337839 0.0251122 0.0251122 0.00776874 0.0060344 0.0736738 0.489916 0.000831371 0.00256571 0.00256571 0.00256571 
0.198987 0.0127532 0.0127532 0.145777 0.0659629 0.0393581 0.0127532 0.0127532 0.0127532 0.0659629 0.0393581 0.0127532 0.0393581 0.0127532 0.0393581 0.225592 0.0127532 0.0127532 0.0127532 0.0127532 
0.00361542 0.244966 0.0186998 0.0111576 0.0186998 0.0111576 0.0337843 0.026242 0.00361542 0.00361542 0.00361542 0.00361542 0.00361542 0.00361542 0.350557 0.131833 0.109206 0.00361542 0.0111576 0.00361542 
0.0259014 0.0110714 0.399121 0.253294 0.00118481 0.0753345 0.00365646 0.00118481 0.00365646 0.00612812 0.00612812 0.0629762 0.00859977 0.00612812 0.00365646 0.00612812 0.00612812 0.0901644 0.00612812 0.0234297 
0.0799186 0.00512205 0.00512205 0.208141 0.00512205 0.0585482 0.0264925 0.00512205 0.00512205 0.0158073 0.00512205 0.0158073 0.0799186 0.0264925 0.0158073 0.00512205 0.379105 0.0371777 0.0158073 0.00512205 
0.01347 0.01347 0.01347 0.01347 0.01347 0.09777 0.04157 0.04157 0.06967 0.01347 0.01347 0.01347 0.01347 0.01347 0.12587 0.01347 0.01347 0.01347 0.43497 0.01347 
0.356729 0.28111 0.0117179 0.00699172 0.00226553 0.0873369 0.00226553 0.00226553 0.00699172 0.00699172 0.00699172 0.092063 0.00699172 0.00226553 0.00699172 0.00226553 0.0164441 0.00226553 0.0967892 0.00226553 
0.0147067 0.0147067 0.00284338 0.151135 0.0147067 0.465512 0.0206383 0.0325016 0.0147067 0.0443649 0.00284338 0.00284338 0.0443649 0.00877503 0.0325016 0.0562282 0.00877503 0.0206383 0.0443649 0.00284338 
0.0162016 0.0162016 0.0837984 0.218992 0.0162016 0.0837984 0.0162016 0.0162016 0.0162016 0.0162016 0.0162016 0.0162016 0.05 0.0162016 0.0162016 0.0162016 0.0162016 0.117597 0.218992 0.0162016 
0.0037571 0.0272704 0.0507838 0.184026 0.0037571 0.450511 0.0037571 0.0272704 0.0115949 0.0115949 0.0037571 0.0037571 0.0037571 0.0037571 0.16835 0.0037571 0.0115949 0.0115949 0.0115949 0.0037571 
0.00642682 0.623155 0.0466482 0.0466482 0.00642682 0.00642682 0.00642682 0.00642682 0.00642682 0.00642682 0.00642682 0.0466482 0.00642682 0.0198339 0.0868696 0.00642682 0.00642682 0.0198339 0.0332411 0.00642682 
0.00101433 0.00736236 0.0581466 0.197803 0.00101433 0.161831 0.00313034 0.00101433 0.00101433 0.0264065 0.00101433 0.0475666 0.0115944 0.00101433 0.130091 0.00101433 0.00101433 0.00101433 0.00101433 0.345924 
0.00791187 0.106943 0.238984 0.00791187 0.00791187 0.0409222 0.00791187 0.00791187 0.00791187 0.024417 0.139953 0.00791187 0.00791187 0.00791187 0.0409222 0.00791187 0.024417 0.238984 0.0409222 0.024417 
0.000772427 0.00882931 0.00560656 0.0555593 0.0668389 0.000772427 0.0297772 0.000772427 0.00399518 0.00399518 0.0023838 0.0152748 0.0362227 0.0023838 0.0120521 0.532527 0.0152748 0.129683 0.0668389 0.0104407 
0.00120871 0.0642466 0.00877325 0.727405 0.00120871 0.107112 0.00120871 0.00120871 0.00120871 0.0491175 0.00373022 0.00877325 0.0138163 0.00120871 0.00120871 0.00120871 0.00120871 0.00120871 0.00120871 0.00373022 
0.0249775 0.50802 0.105485 0.155529 0.00974648 0.00321888 0.103309 0.00539475 0.00104302 0.00104302 0.0162741 0.00104302 0.00104302 0.00104302 0.0510879 0.00104302 0.00321888 0.00104302 0.00104302 0.00539475 
0.0349452 0.00412448 0.0278328 0.0989576 0.000568238 0.0183494 0.00175365 0.0290182 0.0633952 0.00530989 0.0633952 0.00649531 0.000568238 0.000568238 0.0550973 0.00293907 0.00412448 0.0337598 0.213943 0.334855 
0.00160872 0.188649 0.00922083 0.333279 0.00378361 0.000521275 0.000521275 0.00813339 0.00160872 0.00160872 0.000521275 0.000521275 0.000521275 0.00378361 0.390914 0.00378361 0.000521275 0.0407567 0.00487105 0.00487105 
0.0149793 0.0721559 0.0164088 0.172215 0.00211462 0.00497344 0.00354403 0.00783227 0.00497344 0.00211462 0.00211462 0.00211462 0.00354403 0.180791 0.42808 0.0335617 0.0464265 0.000685201 0.000685201 0.000685201 
0.0604871 0.325425 0.00529168 0.00529168 0.00529168 0.336464 0.038409 0.00529168 0.00529168 0.00529168 0.0604871 0.00529168 0.00529168 0.00529168 0.0273699 0.0163308 0.0163308 0.0163308 0.049448 0.00529168 
0.000783793 0.0972541 0.00241888 0.174103 0.000783793 0.0253101 0.00568906 0.00405397 0.00405397 0.0890786 0.00895924 0.00241888 0.00568906 0.00241888 0.0122294 0.00405397 0.000783793 0.543634 0.00241888 0.0138645 
0.00250489 0.0312898 0.000811663 0.149816 0.000811663 0.19384 0.473223 0.00250489 0.00419812 0.0668476 0.00927781 0.00250489 0.010971 0.017744 0.000811663 0.00419812 0.000811663 0.0245169 0.000811663 0.00250489 
0.00587541 0.00587541 0.00587541 0.00587541 0.0426459 0.0549027 0.0181322 0.00587541 0.00587541 0.00587541 0.00587541 0.00587541 0.00587541 0.00587541 0.00587541 0.349067 0.361323 0.0916732 0.00587541 0.00587541 
0.0295896 0.0125809 0.0721113 0.0636069 0.00407662 0.437797 0.0210853 0.0551026 0.00407662 0.0380939 0.0125809 0.00407662 0.00407662 0.0636069 0.0125809 0.0295896 0.00407662 0.0891199 0.0295896 0.0125809 
0.0115745 0.088016 0.00747946 0.223153 0.0115745 0.150807 0.277754 0.0102095 0.0784608 0.0102095 0.00611444 0.00474941 0.00611444 0.000654336 0.0402401 0.000654336 0.00201936 0.00474941 0.0648105 0.000654336 
0.004184 0.524875 0.00298148 0.312029 0.00177896 0.000576437 0.000576437 0.00658904 0.0138042 0.0570949 0.00298148 0.0126016 0.00177896 0.004184 0.00177896 0.000576437 0.004184 0.000576437 0.0186142 0.0282344 
0.0254526 0.00845821 0.000905154 0.244491 0.000905154 0.197285 0.00279342 0.00279342 0.00845821 0.00656994 0.0103465 0.000905154 0.0613296 0.344569 0.0405587 0.000905154 0.000905154 0.0292291 0.0122347 0.000905154 
0.0125426 0.0686803 0.00286371 0.227414 0.000927932 0.0783592 0.00286371 0.000927932 0.000927932 0.0144784 0.0454509 0.0609372 0.00286371 0.33969 0.000927932 0.0551298 0.0106068 0.0570656 0.00867106 0.00867106 
0.000908585 0.0236536 0.0122811 0.251104 0.000908585 0.0293399 0.0122811 0.00849027 0.000908585 0.00280401 0.379993 0.00849027 0.00659485 0.00659485 0.249209 0.000908585 0.000908585 0.000908585 0.00280401 0.000908585 
0.0147072 0.0047656 0.0345905 0.0047656 0.0047656 0.074357 0.0147072 0.0047656 0.0047656 0.0047656 0.0942402 0.0246489 0.0047656 0.0246489 0.0147072 0.0147072 0.0047656 0.472022 0.163832 0.0147072 
0.00318326 0.00318326 0.00318326 0.202403 0.0164646 0.00318326 0.0164646 0.00318326 0.00982393 0.00982393 0.00318326 0.049668 0.00318326 0.00318326 0.0164646 0.0164646 0.06959 0.554359 0.00982393 0.00318326 
0.00320454 0.00988961 0.0767403 0.00320454 0.00988961 0.00320454 0.0433149 0.00988961 0.00320454 0.0700552 0.00320454 0.00988961 0.00320454 0.0299448 0.00988961 0.230497 0.397623 0.0767403 0.00320454 0.00320454 
0.278802 0.00525748 0.0519084 0.0752339 0.0179805 0.011619 0.00101648 0.00525748 0.020101 0.00101648 0.00101648 0.00313698 0.024342 0.00313698 0.028583 0.327573 0.00101648 0.00101648 0.140969 0.00101648 
0.000652554 0.000652554 0.0904989 0.275637 0.0129043 0.015627 0.000652554 0.357315 0.000652554 0.0129043 0.000652554 0.000652554 0.000652554 0.0074591 0.178984 0.00201386 0.000652554 0.000652554 0.0401305 0.000652554 
0.0046435 0.00150464 0.00150464 0.00150464 0.0171989 0.105087 0.0046435 0.0297544 0.0391709 0.0799761 0.0046435 0.0109212 0.0171989 0.00150464 0.0360321 0.00150464 0.0046435 0.61986 0.0140601 0.0046435 
0.0109977 0.102768 0.0109977 0.0339402 0.0109977 0.469848 0.0109977 0.0109977 0.0109977 0.0109977 0.0109977 0.0568828 0.0109977 0.0109977 0.0339402 0.0568828 0.0798253 0.0109977 0.0109977 0.0339402 
0.0138594 0.0138594 0.0138594 0.0427719 0.0138594 0.100597 0.0138594 0.0138594 0.0138594 0.0138594 0.0138594 0.0138594 0.0138594 0.0427719 0.0427719 0.0427719 0.129509 0.331897 0.0138594 0.100597 
0.00878152 0.0271008 0.00878152 0.0271008 0.173655 0.0820588 0.155336 0.00878152 0.00878152 0.00878152 0.0637395 0.00878152 0.0820588 0.100378 0.00878152 0.100378 0.0637395 0.0271008 0.00878152 0.0271008 
0.00405397 0.0939839 0.00732415 0.128321 0.000783793 0.386665 0.00568906 0.000783793 0.0449312 0.02204 0.00732415 0.0661874 0.00241888 0.000783793 0.141402 0.000783793 0.00405397 0.000783793 0.0318505 0.0498365 
0.000674594 0.00208188 0.000674594 0.62551 0.000674594 0.0105256 0.000674594 0.00489645 0.00489645 0.000674594 0.000674594 0.000674594 0.000674594 0.000674594 0.000674594 0.00630374 0.304649 0.00208188 0.000674594 0.0316349 
0.026405 0.0238263 0.000618058 0.128263 0.0354304 0.441574 0.0135115 0.0276943 0.030273 0.0199582 0.000618058 0.0328517 0.0173796 0.00319675 0.0947403 0.00964348 0.026405 0.0186689 0.0483239 0.000618058 
0.000758974 0.0197587 0.000758974 0.504252 0.00550891 0.000758974 0.000758974 0.000758974 0.0039256 0.000758974 0.000758974 0.000758974 0.000758974 0.00234229 0.44567 0.00550891 0.000758974 0.000758974 0.000758974 0.0039256 
0.000937002 0.0028917 0.000937002 0.153404 0.0185293 0.0146199 0.000937002 0.000937002 0.0126652 0.000937002 0.0028917 0.0107105 0.000937002 0.000937002 0.0634874 0.53848 0.000937002 0.0028917 0.167087 0.0048464 
0.020848 0.251391 0.000800816 0.129437 0.020848 0.371674 0.0910132 0.00915382 0.000800816 0.000800816 0.000800816 0.000800816 0.012495 0.020848 0.00414202 0.00247142 0.000800816 0.05426 0.00581262 0.000800816 
0.00529168 0.0163308 0.00529168 0.00529168 0.00529168 0.038409 0.0715262 0.0604871 0.0163308 0.0163308 0.00529168 0.00529168 0.0163308 0.557246 0.00529168 0.0936044 0.0273699 0.038409 0.00529168 0.00529168 
0.0166995 0.00541115 0.0392761 0.163448 0.0279878 0.152159 0.0957177 0.0279878 0.00541115 0.129583 0.00541115 0.0166995 0.00541115 0.00541115 0.00541115 0.0505644 0.0731411 0.0166995 0.0957177 0.0618527 
0.00327703 0.0429288 0.000633579 0.67207 0.0125291 0.000633579 0.00327703 0.00592048 0.00459875 0.0112074 0.00592048 0.0468939 0.00592048 0.000633579 0.0574677 0.106372 0.0164943 0.000633579 0.0019553 0.000633579 
0.113752 0.244526 0.0156719 0.0156719 0.0156719 0.0156719 0.0156719 0.0156719 0.0810588 0.0156719 0.0156719 0.0156719 0.0156719 0.0156719 0.244526 0.0156719 0.0156719 0.0483653 0.0483653 0.0156719 
0.00437422 0.0317497 0.0773755 0.305504 0.00437422 0.451507 0.00437422 0.00437422 0.00437422 0.0134994 0.00437422 0.05 0.00437422 0.00437422 0.00437422 0.00437422 0.0134994 0.00437422 0.00437422 0.00437422 
0.0052339 0.0052339 0.0707453 0.11442 0.0052339 0.223605 0.027071 0.0161525 0.0052339 0.0161525 0.0052339 0.0052339 0.0925824 0.0052339 0.0052339 0.027071 0.0052339 0.343709 0.0161525 0.0052339 
0.0853933 0.0625589 0.0283073 0.0283073 0.00547293 0.50783 0.0168901 0.00547293 0.00547293 0.00547293 0.0168901 0.00547293 0.00547293 0.00547293 0.00547293 0.0168901 0.153897 0.0168901 0.00547293 0.0168901 
0.0151594 0.0356539 0.0049121 0.0049121 0.0459011 0.0459011 0.0766428 0.0049121 0.0049121 0.138126 0.0049121 0.0049121 0.0049121 0.0971373 0.0151594 0.0459011 0.0049121 0.353319 0.0868901 0.0049121 
0.122891 0.033179 0.100463 0.010751 0.010751 0.100463 0.055607 0.033179 0.010751 0.055607 0.055607 0.010751 0.010751 0.055607 0.010751 0.010751 0.190175 0.100463 0.010751 0.010751 
0.00286035 0.289278 0.175905 0.0207615 0.00286035 0.20574 0.0147944 0.0147944 0.0147944 0.0386626 0.00286035 0.0326956 0.0625308 0.00882739 0.0207615 0.0565637 0.0267285 0.00286035 0.00286035 0.00286035 
0.00204341 0.249286 0.0574599 0.00204341 0.0872996 0.428324 0.0318831 0.00204341 0.00630622 0.00204341 0.010569 0.0446715 0.0233575 0.0148318 0.0148318 0.00204341 0.00204341 0.00204341 0.0148318 0.00204341 
0.00500204 0.0510063 0.0121902 0.311218 0.0121902 0.469358 0.000689142 0.0193784 0.00212678 0.000689142 0.000689142 0.00356441 0.000689142 0.000689142 0.00643968 0.000689142 0.00212678 0.0610698 0.0323171 0.00787731 
0.0201866 0.0542591 0.00315034 0.77404 0.018057 0.013798 0.00315034 0.00315034 0.00102081 0.00102081 0.00315034 0.00102081 0.00102081 0.00315034 0.0074094 0.00102081 0.05 0.0201866 0.0159275 0.00527987 
0.0505187 0.0245842 0.00124319 0.0686728 0.00902353 0.00124319 0.011617 0.011617 0.00383664 0.0323646 0.0168039 0.0297711 0.00124319 0.00383664 0.0271777 0.621077 0.011617 0.0634859 0.00124319 0.00902353 
0.00426836 0.00426836 0.0244653 0.160073 0.00426836 0.497651 0.00426836 0.00138308 0.0273506 0.02158 0.0100389 0.00138308 0.0100389 0.00138308 0.00138308 0.00715363 0.0129242 0.194697 0.00426836 0.00715363 
0.000788953 0.0402895 0.00243481 0.0781441 0.000788953 0.101186 0.00737237 0.000788953 0.0123099 0.158791 0.00572652 0.00243481 0.00243481 0.00408066 0.00243481 0.542275 0.0106641 0.0254768 0.000788953 0.000788953 
0.00778341 0.00778341 0.105206 0.00778341 0.00778341 0.00778341 0.0240206 0.153918 0.0402577 0.00778341 0.00778341 0.0402577 0.00778341 0.00778341 0.170155 0.251341 0.072732 0.0240206 0.00778341 0.0402577 
0.0059751 0.256392 0.0948327 0.119067 0.00193612 0.357367 0.038287 0.0100141 0.0059751 0.0544429 0.00193612 0.00193612 0.0059751 0.00193612 0.0100141 0.00193612 0.00193612 0.022131 0.00193612 0.0059751 
0.00915517 0.0215324 0.00296656 0.145305 0.0215324 0.293831 0.00296656 0.00296656 0.0215324 0.00915517 0.00915517 0.0215324 0.027721 0.00296656 0.0896071 0.00296656 0.00296656 0.30002 0.00915517 0.00296656 
0.00561241 0.00181859 0.210478 0.191509 0.00181859 0.0359629 0.0397567 0.0245815 0.00181859 0.153571 0.0283753 0.0132 0.00561241 0.00181859 0.0473443 0.00181859 0.00181859 0.157365 0.0132 0.0625196 
0.00259692 0.0134319 0.00259692 0.00259692 0.0134319 0.0188494 0.0134319 0.0405194 0.0242669 0.00259692 0.00259692 0.143452 0.00259692 0.620191 0.0242669 0.0134319 0.00801441 0.0134319 0.0351019 0.00259692 
0.428723 0.00443862 0.0491944 0.110062 0.00622885 0.0295019 0.000858162 0.0563553 0.000858162 0.0491944 0.0133898 0.000858162 0.000858162 0.00980932 0.0742576 0.0635162 0.0366628 0.0348725 0.0295019 0.000858162 
0.00862354 0.0266133 0.0805826 0.0985724 0.00862354 0.188521 0.0446031 0.0266133 0.00862354 0.0446031 0.0446031 0.00862354 0.00862354 0.00862354 0.00862354 0.206511 0.0625928 0.0446031 0.00862354 0.0625928 
0.0156738 0.00709225 0.00137121 0.233073 0.00709225 0.00137121 0.567754 0.00137121 0.0271159 0.00423173 0.00709225 0.00137121 0.00137121 0.00137121 0.0614421 0.00137121 0.0156738 0.00137121 0.00137121 0.0414184 
0.0019657 0.0630882 0.0325269 0.0418282 0.0458144 0.0099382 0.0046232 0.0099382 0.0285407 0.000636947 0.0046232 0.000636947 0.0019657 0.0072807 0.626478 0.0165819 0.000636947 0.0192394 0.0816907 0.0019657 
0.000288668 0.0587017 0.0159458 0.127352 0.000288668 0.00992381 0.10748 0.00209526 0.00149306 0.0213656 0.0123326 0.214671 0.000890864 0.000288668 0.000288668 0.418213 0.00510624 0.000288668 0.00209526 0.000890864 
0.00104987 0.00981052 0.0273318 0.165312 0.00324003 0.0273318 0.00762036 0.00762036 0.0120007 0.00104987 0.00104987 0.00762036 0.00324003 0.00104987 0.5464 0.00324003 0.165312 0.00104987 0.00324003 0.0054302 
0.00268417 0.131473 0.0194827 0.131473 0.00268417 0.327456 0.00268417 0.00268417 0.00268417 0.0138832 0.00828368 0.00268417 0.0194827 0.00828368 0.170669 0.00268417 0.00828368 0.131473 0.00828368 0.00268417 
0.0124227 0.0383381 0.0124227 0.0124227 0.0383381 0.0124227 0.0124227 0.19383 0.0124227 0.0124227 0.0124227 0.0124227 0.0124227 0.0124227 0.0124227 0.0124227 0.452984 0.0901688 0.0124227 0.0124227 
0.00743241 0.163314 0.0494005 0.211277 0.022421 0.0044347 0.0134278 0.0104301 0.00143698 0.00143698 0.0164256 0.0044347 0.0104301 0.0044347 0.0134278 0.0314142 0.00143698 0.430111 0.00143698 0.00143698 
0.000831371 0.0996889 0.413605 0.176 0.0112374 0.000831371 0.00950309 0.00430006 0.00776874 0.00950309 0.000831371 0.000831371 0.0060344 0.00430006 0.0129718 0.00430006 0.0112374 0.151719 0.0320495 0.0424556 
0.00594832 0.00594832 0.00594832 0.0307662 0.00594832 0.278945 0.0928108 0.00594832 0.0431751 0.00594832 0.0307662 0.00594832 0.0307662 0.00594832 0.0183572 0.00594832 0.00594832 0.378216 0.0183572 0.0183572 
0.00293182 0.397314 0.0187864 0.151568 0.00095 0.00293182 0.00689545 0.00095 0.0267136 0.147605 0.00887727 0.00887727 0.0465318 0.0722955 0.00887727 0.0128409 0.00095 0.0604045 0.02275 0.00095 
0.00255539 0.0132171 0.00255539 0.146488 0.00255539 0.0238788 0.0398714 0.0132171 0.00255539 0.0665257 0.00255539 0.0452022 0.00255539 0.00255539 0.0505331 0.103842 0.00255539 0.46634 0.00255539 0.00788624 
0.271229 0.0745516 0.127351 0.0639918 0.0230724 0.050792 0.0032727 0.00459268 0.0191125 0.0164725 0.0138325 0.0243924 0.000632743 0.000632743 0.15639 0.0547519 0.0389122 0.0270323 0.0270323 0.00195272 
0.000807561 0.0917799 0.00249223 0.157482 0.00417691 0.492732 0.000807561 0.000807561 0.0159696 0.000807561 0.000807561 0.000807561 0.000807561 0.00923092 0.0547171 0.0126003 0.00249223 0.0648251 0.0850412 0.000807561 
0.00158629 0.023032 0.0187429 0.068068 0.000514009 0.00480315 0.000514009 0.00480315 0.023032 0.0294657 0.00373087 0.605283 0.0552006 0.103453 0.00587544 0.000514009 0.000514009 0.00158629 0.0476946 0.00158629 
0.000686182 0.00211764 0.000686182 0.903938 0.000686182 0.000686182 0.000686182 0.000686182 0.00211764 0.000686182 0.000686182 0.000686182 0.00211764 0.0736907 0.000686182 0.000686182 0.00211764 0.000686182 0.0035491 0.00211764 
0.0301463 0.00322611 0.00322611 0.171478 0.0436064 0.00322611 0.178208 0.0166862 0.00995616 0.00322611 0.0166862 0.00322611 0.00322611 0.110907 0.00322611 0.245508 0.0301463 0.00322611 0.117637 0.00322611 
