0.000772201 0.000772201 0.0223938 0.000772201 0.0023166 0.419305 0.357529 0.0131274 0.00540541 0.0208494 0.000772201 0.12278 0.000772201 0.000772201 0.0316602 
0.00775194 0.00775194 0.116279 0.00775194 0.0232558 0.100775 0.333333 0.162791 0.00775194 0.0697674 0.00775194 0.00775194 0.00775194 0.0852713 0.0542636 
0.260302 0.00703518 0.143719 0.254271 0.0371859 0.00100503 0.242211 0.0110553 0.00100503 0.00502513 0.0130653 0.00100503 0.00502513 0.0170854 0.00100503 
0.296703 0.010989 0.032967 0.0549451 0.0549451 0.0769231 0.010989 0.0769231 0.010989 0.0549451 0.010989 0.032967 0.010989 0.0769231 0.186813 
0.0707071 0.010101 0.030303 0.0505051 0.010101 0.030303 0.0505051 0.010101 0.0505051 0.272727 0.0707071 0.111111 0.030303 0.0707071 0.131313 
0.0734633 0.00049975 0.00049975 0.00049975 0.00549725 0.429285 0.430285 0.0154923 0.00149925 0.00049975 0.00049975 0.00349825 0.00249875 0.0334833 0.00249875 
0.169874 0.00164926 0.0500275 0.000549753 0.0181418 0.280924 0.329302 0.048928 0.00934579 0.000549753 0.000549753 0.00164926 0.00274876 0.0852117 0.000549753 
0.100409 0.00681508 0.0449796 0.000454339 0.0286234 0.00318037 0.329396 0.000454339 0.000454339 0.000454339 0.000454339 0.000454339 0.000454339 0.47751 0.00590641 
0.00621118 0.0186335 0.0310559 0.00621118 0.217391 0.130435 0.217391 0.00621118 0.00621118 0.0434783 0.0310559 0.00621118 0.0186335 0.118012 0.142857 
0.00636943 0.00636943 0.630573 0.0191083 0.0318471 0.00636943 0.0700637 0.00636943 0.00636943 0.00636943 0.00636943 0.0191083 0.0191083 0.0318471 0.133758 
0.335477 0.00107181 0.101822 0.286174 0.00107181 0.00107181 0.176849 0.00535906 0.0096463 0.00750268 0.00107181 0.0246517 0.00321543 0.0375134 0.00750268 
0.00879765 0.0205279 0.331378 0.14956 0.00293255 0.0381232 0.384164 0.0205279 0.00293255 0.00879765 0.00293255 0.00293255 0.00879765 0.00879765 0.00879765 
0.0181818 0.0181818 0.0181818 0.0545455 0.2 0.0181818 0.0181818 0.0909091 0.0181818 0.0181818 0.0181818 0.0545455 0.0545455 0.0181818 0.381818 
0.233653 0.0445648 0.0737193 0.0120783 0.109538 0.197001 0.310287 0.000416493 0.000416493 0.0112453 0.000416493 0.000416493 0.00208247 0.00208247 0.00208247 
0.185629 0.0419162 0.0179641 0.257485 0.00598802 0.00598802 0.00598802 0.00598802 0.0179641 0.0179641 0.00598802 0.00598802 0.00598802 0.185629 0.233533 
0.215889 0.00172712 0.074266 0.606218 0.00172712 0.00518135 0.0604491 0.00518135 0.00172712 0.00172712 0.00172712 0.00172712 0.00518135 0.00172712 0.015544 
0.121756 0.00998004 0.217565 0.0219561 0.00199601 0.00199601 0.297405 0.0459082 0.0139721 0.0778443 0.00598802 0.0259481 0.00199601 0.0578842 0.0978044 
0.141284 0.0201835 0.372477 0.185321 0.00550459 0.00183486 0.222018 0.00183486 0.00183486 0.00183486 0.00917431 0.0201835 0.00183486 0.012844 0.00183486 
0.0520231 0.641618 0.017341 0.0404624 0.00578035 0.00578035 0.0289017 0.00578035 0.00578035 0.00578035 0.00578035 0.00578035 0.017341 0.00578035 0.156069 
0.0549451 0.010989 0.0549451 0.318681 0.032967 0.010989 0.032967 0.010989 0.032967 0.010989 0.010989 0.032967 0.032967 0.032967 0.318681 
0.017341 0.00578035 0.0867052 0.00578035 0.017341 0.156069 0.144509 0.0289017 0.109827 0.213873 0.0635838 0.0404624 0.00578035 0.0520231 0.0520231 
0.00558659 0.00558659 0.139665 0.00558659 0.0614525 0.0949721 0.206704 0.0614525 0.0726257 0.117318 0.0726257 0.0614525 0.0502793 0.027933 0.0167598 
0.141254 0.000509944 0.157573 0.00968893 0.0280469 0.0311066 0.250382 0.0045895 0.0168281 0.342172 0.0117287 0.000509944 0.000509944 0.00356961 0.00152983 
0.00492611 0.00492611 0.0246305 0.00492611 0.00492611 0.00492611 0.300493 0.00492611 0.00492611 0.00492611 0.00492611 0.00492611 0.0147783 0.546798 0.0640394 
0.610802 0.00397141 0.056394 0.00397141 0.0150913 0.00873709 0.210485 0.000794281 0.00238284 0.019857 0.00397141 0.00238284 0.000794281 0.00238284 0.0579825 
0.0794979 0.0125523 0.0125523 0.188285 0.0041841 0.0794979 0.0711297 0.0962343 0.0041841 0.0878661 0.0041841 0.0041841 0.0041841 0.0041841 0.34728 
0.0089172 0.31465 0.00382166 0.00127389 0.00127389 0.00127389 0.482803 0.00127389 0.00636943 0.121019 0.00382166 0.00127389 0.0216561 0.0292994 0.00127389 
0.0352941 0.0117647 0.0352941 0.223529 0.0352941 0.0117647 0.0117647 0.0823529 0.0117647 0.0117647 0.0117647 0.0117647 0.0117647 0.0117647 0.482353 
0.240412 0.000935454 0.579046 0.000935454 0.00654818 0.00280636 0.152479 0.000935454 0.00467727 0.000935454 0.00467727 0.000935454 0.000935454 0.00280636 0.000935454 
0.047619 0.004329 0.047619 0.515152 0.004329 0.004329 0.004329 0.0562771 0.004329 0.021645 0.004329 0.021645 0.030303 0.151515 0.0822511 
0.234043 0.000925069 0.000925069 0.00462535 0.0749306 0.00277521 0.0508788 0.0471785 0.0249769 0.000925069 0.433858 0.00277521 0.0212766 0.0860315 0.013876 
0.04 0.00121212 0.53697 0.0254545 0.00848485 0.00606061 0.335758 0.0133333 0.00363636 0.00606061 0.00121212 0.00848485 0.00121212 0.00363636 0.00848485 
0.0052356 0.0052356 0.026178 0.0052356 0.0575916 0.13089 0.162304 0.0471204 0.0366492 0.0366492 0.0680628 0.0157068 0.0052356 0.340314 0.0575916 
0.0639033 0.00172712 0.00172712 0.457686 0.00518135 0.00172712 0.0535406 0.00518135 0.00172712 0.150259 0.00172712 0.00518135 0.00172712 0.208981 0.0397237 
0.153285 0.00729927 0.19708 0.00729927 0.00729927 0.0948905 0.080292 0.0364964 0.00729927 0.00729927 0.00729927 0.0364964 0.0364964 0.00729927 0.313869 
0.0420924 0.000408664 0.096036 0.225991 0.0257458 0.00939926 0.489988 0.0249285 0.0126686 0.0576216 0.0044953 0.00531263 0.00122599 0.00204332 0.00204332 
0.30859 0.00318134 0.0413574 0.00954401 0.00106045 0.234358 0.185578 0.00106045 0.00106045 0.00106045 0.00530223 0.0265111 0.0159067 0.153765 0.0116649 
0.00149286 0.00149286 0.00405204 0.000213265 0.288121 0.000639795 0.601621 0.000213265 0.00362551 0.00447857 0.000639795 0.0117296 0.017701 0.0637663 0.000213265 
0.0196078 0.0588235 0.372549 0.0196078 0.0588235 0.0196078 0.0196078 0.0196078 0.0196078 0.0196078 0.0196078 0.0196078 0.0196078 0.0196078 0.294118 
0.196172 0.0430622 0.0909091 0.0143541 0.00478469 0.100478 0.311005 0.00478469 0.00478469 0.00478469 0.00478469 0.00478469 0.00478469 0.0143541 0.196172 
0.217002 0.00223714 0.373602 0.0111857 0.00671141 0.0290828 0.185682 0.00223714 0.0380313 0.0559284 0.00671141 0.033557 0.00223714 0.033557 0.00223714 
0.114754 0.0163934 0.147541 0.114754 0.0163934 0.0163934 0.0163934 0.0163934 0.0163934 0.0163934 0.0163934 0.0491803 0.0819672 0.0819672 0.278689 
0.0126582 0.0126582 0.0126582 0.291139 0.0126582 0.0632911 0.0126582 0.0126582 0.0126582 0.0632911 0.0126582 0.0126582 0.0126582 0.0126582 0.443038 
0.138539 0.00755668 0.34005 0.00251889 0.0125945 0.00755668 0.335013 0.00251889 0.00755668 0.0125945 0.00251889 0.0125945 0.00251889 0.0579345 0.0579345 
0.10303 0.00606061 0.0545455 0.527273 0.00606061 0.030303 0.00606061 0.00606061 0.0181818 0.00606061 0.00606061 0.00606061 0.00606061 0.0181818 0.2 
0.0375771 0.0173864 0.000560852 0.630959 0.000560852 0.000560852 0.280987 0.000560852 0.00168256 0.00616938 0.00392597 0.000560852 0.000560852 0.015143 0.00280426 
0.257333 0.00940786 0.559491 0.000553403 0.0105147 0.00498063 0.0824571 0.00387382 0.00387382 0.00166021 0.000553403 0.000553403 0.000553403 0.0636414 0.000553403 
0.0126582 0.0126582 0.56962 0.0126582 0.0126582 0.0126582 0.0379747 0.0632911 0.0126582 0.0126582 0.0379747 0.0379747 0.0126582 0.0126582 0.139241 
0.165599 0.000914913 0.374199 0.0192132 0.000914913 0.010064 0.337603 0.0137237 0.00640439 0.0612992 0.000914913 0.000914913 0.000914913 0.00640439 0.000914913 
0.081497 0.0129416 0.000349773 0.440364 0.000349773 0.00874432 0.43127 0.000349773 0.012242 0.00314795 0.000349773 0.0038475 0.000349773 0.000349773 0.0038475 
0.090411 0.000210748 0.00400421 0.0183351 0.0453109 0.0056902 0.453319 0.00484721 0.00189673 0.330664 0.00231823 0.000210748 0.000210748 0.0389884 0.00358272 
0.125526 0.108709 0.439039 0.0018018 0.00540541 0.0018018 0.292492 0.003003 0.0042042 0.0018018 0.0042042 0.000600601 0.0042042 0.0042042 0.003003 
0.0149254 0.0149254 0.0149254 0.253731 0.134328 0.0447761 0.0149254 0.0149254 0.0149254 0.0149254 0.0447761 0.0149254 0.0447761 0.0149254 0.343284 
0.434263 0.0199203 0.0438247 0.0119522 0.0119522 0.0199203 0.0677291 0.00398406 0.0119522 0.0278884 0.00398406 0.00398406 0.00398406 0.0119522 0.322709 
0.29702 0.00308325 0.00102775 0.00924974 0.00513875 0.529291 0.118191 0.00513875 0.00308325 0.00513875 0.00308325 0.00102775 0.00308325 0.00924974 0.00719424 
0.406593 0.00659341 0.476923 0.0021978 0.010989 0.0021978 0.0153846 0.0021978 0.0021978 0.010989 0.00659341 0.0021978 0.0505495 0.0021978 0.0021978 
0.000212721 0.0010636 0.0491385 0.000212721 0.425229 0.000212721 0.517549 0.000212721 0.00319081 0.000212721 0.000212721 0.000212721 0.000212721 0.00148904 0.000638162 
0.0126582 0.0632911 0.468354 0.113924 0.0126582 0.0126582 0.0126582 0.0126582 0.0126582 0.0379747 0.0126582 0.0126582 0.0126582 0.0126582 0.189873 
0.0136986 0.0136986 0.205479 0.0136986 0.0136986 0.0410959 0.0684932 0.0410959 0.0410959 0.0410959 0.0136986 0.123288 0.0136986 0.0410959 0.315068 
0.0169492 0.0169492 0.288136 0.288136 0.0169492 0.0169492 0.0508475 0.0169492 0.0169492 0.0169492 0.0169492 0.0169492 0.0169492 0.0169492 0.186441 
0.249032 0.00645161 0.0116129 0.491613 0.0193548 0.00129032 0.0787097 0.0245161 0.00129032 0.00645161 0.00387097 0.00129032 0.0141935 0.0219355 0.0683871 
0.00381388 0.000762777 0.0797864 0.000152555 0.00686499 0.203966 0.676278 0.000762777 0.00167811 0.00411899 0.000762777 0.00381388 0.0169336 0.000152555 0.000152555 
0.0588235 0.0823529 0.0352941 0.0117647 0.0117647 0.2 0.0117647 0.0352941 0.0588235 0.0117647 0.0117647 0.0117647 0.0352941 0.2 0.223529 
0.0766917 0.0586466 0.130827 0.160902 0.00451128 0.00150376 0.467669 0.00150376 0.0075188 0.00451128 0.00150376 0.0406015 0.00150376 0.00150376 0.0406015 
0.171717 0.010101 0.0505051 0.131313 0.0505051 0.010101 0.010101 0.010101 0.010101 0.0707071 0.010101 0.010101 0.0707071 0.010101 0.373737 
0.00395257 0.00395257 0.114625 0.565217 0.00395257 0.00395257 0.0909091 0.00395257 0.0118577 0.0118577 0.00395257 0.00395257 0.00395257 0.13834 0.0355731 
0.0344828 0.0114943 0.0114943 0.37931 0.218391 0.0114943 0.0114943 0.0114943 0.0114943 0.0114943 0.0344828 0.0114943 0.0114943 0.0114943 0.218391 
0.0499195 0.00161031 0.00483092 0.523349 0.00161031 0.00805153 0.355878 0.00161031 0.00483092 0.0144928 0.00161031 0.00805153 0.00161031 0.00805153 0.0144928 
0.266187 0.00719424 0.453237 0.0935252 0.00719424 0.00719424 0.00719424 0.00719424 0.00719424 0.00719424 0.00719424 0.00719424 0.0215827 0.0215827 0.0791367 
0.0838446 0.00204499 0.0633947 0.00204499 0.0633947 0.0879346 0.321063 0.00204499 0.00204499 0.0429448 0.0102249 0.0306748 0.0184049 0.104294 0.165644 
0.015873 0.015873 0.174603 0.047619 0.015873 0.174603 0.015873 0.015873 0.047619 0.015873 0.015873 0.015873 0.015873 0.047619 0.365079 
0.0107527 0.0752688 0.290323 0.0322581 0.0107527 0.0107527 0.0107527 0.0107527 0.0322581 0.0322581 0.0107527 0.0107527 0.0107527 0.0107527 0.44086 
0.310903 0.00186916 0.470405 0.000623053 0.00809969 0.0242991 0.170093 0.000623053 0.000623053 0.00311526 0.000623053 0.00685358 0.000623053 0.000623053 0.000623053 
0.0175439 0.0175439 0.192982 0.0175439 0.0175439 0.0175439 0.0175439 0.0175439 0.0877193 0.0175439 0.0526316 0.0175439 0.0175439 0.0175439 0.473684 
0.187978 0.000509424 0.402955 0.0219052 0.0565461 0.016811 0.298013 0.000509424 0.00254712 0.00356597 0.000509424 0.00152827 0.00152827 0.000509424 0.00458482 
0.00673105 0.00438982 0.000292654 0.0254609 0.0231197 0.000877963 0.610184 0.000877963 0.00556043 0.00146327 0.000292654 0.292947 0.00204858 0.023705 0.00204858 
0.0153846 0.0153846 0.0769231 0.230769 0.0769231 0.0153846 0.0153846 0.0153846 0.0769231 0.0153846 0.0769231 0.0153846 0.0461538 0.0153846 0.292308 
0.00483092 0.0531401 0.00483092 0.0338164 0.00483092 0.120773 0.207729 0.0144928 0.0628019 0.0241546 0.439614 0.00483092 0.00483092 0.00483092 0.0144928 
0.00578035 0.00578035 0.514451 0.00578035 0.0289017 0.00578035 0.225434 0.00578035 0.0289017 0.017341 0.00578035 0.00578035 0.00578035 0.00578035 0.132948 
0.0619469 0.256637 0.132743 0.00884956 0.00884956 0.0265487 0.00884956 0.0619469 0.00884956 0.0973451 0.00884956 0.00884956 0.00884956 0.0265487 0.274336 
0.0105263 0.0105263 0.136842 0.0315789 0.0526316 0.0105263 0.0105263 0.0105263 0.221053 0.0315789 0.0105263 0.0105263 0.0105263 0.0526316 0.389474 
0.0628571 0.302857 0.00571429 0.00571429 0.0171429 0.0171429 0.12 0.0514286 0.0514286 0.0171429 0.00571429 0.00571429 0.0171429 0.245714 0.0742857 
0.105925 0.00179533 0.177738 0.02693 0.00179533 0.00179533 0.24237 0.016158 0.0305206 0.016158 0.00179533 0.00179533 0.00179533 0.324955 0.048474 
0.00571429 0.0171429 0.0285714 0.245714 0.108571 0.04 0.268571 0.04 0.00571429 0.131429 0.00571429 0.04 0.00571429 0.00571429 0.0514286 
0.272727 0.100737 0.371007 0.002457 0.002457 0.012285 0.022113 0.002457 0.00737101 0.002457 0.00737101 0.0614251 0.022113 0.002457 0.110565 
0.149091 0.00363636 0.570909 0.00363636 0.00363636 0.00363636 0.192727 0.00363636 0.0109091 0.0109091 0.00363636 0.0181818 0.0109091 0.00363636 0.0109091 
0.0707071 0.010101 0.010101 0.0505051 0.030303 0.030303 0.010101 0.010101 0.010101 0.272727 0.010101 0.030303 0.171717 0.151515 0.131313 
0.105105 0.00900901 0.015015 0.489489 0.003003 0.003003 0.153153 0.00900901 0.021021 0.003003 0.00900901 0.003003 0.003003 0.0990991 0.0750751 
0.0133333 0.0133333 0.253333 0.04 0.04 0.12 0.04 0.0133333 0.0133333 0.04 0.0133333 0.0133333 0.0133333 0.173333 0.2 
0.106903 0.0323763 0.00305437 0.352474 0.000610874 0.000610874 0.158216 0.0775809 0.00549786 0.0128283 0.000610874 0.000610874 0.000610874 0.238852 0.0091631 
0.0120715 0.61661 0.00241429 0.000482859 0.00144858 0.000482859 0.35297 0.000482859 0.00338001 0.000482859 0.000482859 0.000482859 0.00724288 0.000482859 0.000482859 
0.012987 0.012987 0.0649351 0.402597 0.012987 0.012987 0.012987 0.012987 0.012987 0.012987 0.0909091 0.012987 0.012987 0.038961 0.272727 
0.037037 0.0123457 0.0864198 0.382716 0.0123457 0.0123457 0.0617284 0.0123457 0.0123457 0.0123457 0.135802 0.0123457 0.0864198 0.0864198 0.037037 
0.0350195 0.0116732 0.346304 0.00389105 0.0116732 0.0116732 0.128405 0.00389105 0.0116732 0.0272374 0.00389105 0.136187 0.00389105 0.159533 0.105058 
0.0169492 0.0169492 0.186441 0.322034 0.0169492 0.0169492 0.0508475 0.0847458 0.0169492 0.0169492 0.0169492 0.0169492 0.0508475 0.0169492 0.152542 
0.185444 0.00349895 0.518544 0.013296 0.0118964 0.00069979 0.23443 0.00209937 0.00069979 0.00489853 0.00489853 0.00209937 0.00349895 0.0118964 0.00209937 
0.113924 0.0886076 0.0379747 0.240506 0.0126582 0.0126582 0.0632911 0.0632911 0.0126582 0.0126582 0.0379747 0.0126582 0.0126582 0.0379747 0.240506 
0.436893 0.00970874 0.0485437 0.00970874 0.00970874 0.00970874 0.00970874 0.0291262 0.00970874 0.00970874 0.0485437 0.0291262 0.00970874 0.0679612 0.262136 
0.0169492 0.0101695 0.0101695 0.572881 0.0101695 0.0305085 0.118644 0.0983051 0.00338983 0.00338983 0.0169492 0.00338983 0.00338983 0.0169492 0.0847458 
0.0197123 0.000532765 0.0900373 0.475759 0.000532765 0.00266383 0.397975 0.0015983 0.000532765 0.00372936 0.0015983 0.00266383 0.000532765 0.000532765 0.0015983 
0.00140647 0.00703235 0.00984529 0.288326 0.00984529 0.00140647 0.428973 0.00703235 0.00140647 0.00984529 0.00140647 0.00140647 0.0182841 0.16737 0.0464135 
0.553939 0.00606061 0.0375758 0.049697 0.00121212 0.00121212 0.173333 0.0109091 0.00121212 0.00121212 0.00121212 0.00363636 0.00363636 0.132121 0.0230303 
0.257253 0.00580271 0.0715667 0.558994 0.00580271 0.0174081 0.0522244 0.00193424 0.00193424 0.00967118 0.00580271 0.00193424 0.00193424 0.00193424 0.00580271 
0.015873 0.015873 0.396825 0.015873 0.015873 0.047619 0.015873 0.015873 0.047619 0.015873 0.047619 0.015873 0.015873 0.047619 0.269841 
0.0173697 0.00744417 0.0124069 0.543424 0.00248139 0.00744417 0.28536 0.00744417 0.0173697 0.0471464 0.00744417 0.00744417 0.00248139 0.00248139 0.0322581 
0.00132931 0.00302115 0.00398792 0.000845921 0.284834 0.00205438 0.62852 0.001571 0.000120846 0.00132931 0.0119637 0.00374622 0.0257402 0.0303323 0.00060423 
0.0666667 0.0666667 0.409524 0.00952381 0.00952381 0.00952381 0.00952381 0.047619 0.0285714 0.00952381 0.00952381 0.00952381 0.00952381 0.12381 0.180952 
0.0153846 0.0373626 0.16044 0.257143 0.00659341 0.0373626 0.283516 0.0021978 0.0021978 0.010989 0.0153846 0.134066 0.00659341 0.0021978 0.0285714 
0.00160514 0.00160514 0.107544 0.046549 0.00160514 0.00160514 0.479936 0.0176565 0.00160514 0.0369181 0.00481541 0.00802568 0.00802568 0.261637 0.0208668 
0.0105263 0.0947368 0.0526316 0.0105263 0.242105 0.0105263 0.0736842 0.0105263 0.0105263 0.0315789 0.0315789 0.0105263 0.0105263 0.0105263 0.389474 
0.0156062 0.00120048 0.333333 0.00120048 0.0684274 0.00040016 0.499 0.00040016 0.0020008 0.00680272 0.0020008 0.00440176 0.0212085 0.0436174 0.00040016 
0.0508475 0.0169492 0.0508475 0.0169492 0.0508475 0.0847458 0.0169492 0.0169492 0.0169492 0.0508475 0.0169492 0.0169492 0.0847458 0.0169492 0.491525 
0.0214592 0.46168 0.0692826 0.00183936 0.00551809 0.00183936 0.055794 0.265481 0.00429185 0.0030656 0.000613121 0.00183936 0.000613121 0.0876763 0.0190067 
0.0958904 0.205479 0.0410959 0.0136986 0.0410959 0.0958904 0.0410959 0.0136986 0.0410959 0.0136986 0.0136986 0.0410959 0.0136986 0.0136986 0.315068 
0.014433 0.0350515 0.043299 0.00618557 0.105155 0.121649 0.385567 0.00206186 0.0268041 0.00206186 0.00206186 0.0103093 0.00206186 0.162887 0.0804124 
0.3794 0.00130378 0.0065189 0.0769231 0.0221643 0.0195567 0.160365 0.0065189 0.00130378 0.011734 0.00391134 0.238592 0.0143416 0.0273794 0.029987 
0.147541 0.0163934 0.224044 0.300546 0.0163934 0.0163934 0.00546448 0.103825 0.00546448 0.0163934 0.00546448 0.00546448 0.00546448 0.0163934 0.114754 
0.00699301 0.00699301 0.00699301 0.00699301 0.020979 0.174825 0.440559 0.00699301 0.00699301 0.048951 0.00699301 0.034965 0.00699301 0.020979 0.202797 
0.00431655 0.00143885 0.556835 0.00143885 0.00143885 0.00143885 0.31223 0.0158273 0.00143885 0.0100719 0.00431655 0.00143885 0.00143885 0.0848921 0.00143885 
0.0455927 0.00303951 0.422492 0.0395137 0.0151976 0.0759878 0.234043 0.0577508 0.00303951 0.00303951 0.0273556 0.00303951 0.00303951 0.00303951 0.0638298 
0.223881 0.0447761 0.0149254 0.0447761 0.0149254 0.0149254 0.0447761 0.0746269 0.0447761 0.134328 0.0447761 0.0149254 0.0149254 0.0149254 0.253731 
0.271889 0.0138249 0.493088 0.00460829 0.0599078 0.00460829 0.00460829 0.00460829 0.00460829 0.00460829 0.0138249 0.00460829 0.0138249 0.00460829 0.0967742 
0.0326797 0.0457516 0.0326797 0.00653595 0.0326797 0.00653595 0.00653595 0.0588235 0.00653595 0.0196078 0.00653595 0.00653595 0.0196078 0.51634 0.202614 
0.206212 0.000862813 0.421915 0.000862813 0.0301984 0.000862813 0.318378 0.00258844 0.00431406 0.000862813 0.000862813 0.00603969 0.000862813 0.000862813 0.00431406 
0.0894309 0.0243902 0.0569106 0.121951 0.186992 0.00813008 0.0243902 0.00813008 0.00813008 0.00813008 0.00813008 0.00813008 0.00813008 0.138211 0.300813 
0.00197877 0.0390358 0.0152905 0.0235654 0.0217665 0.0206872 0.581939 0.0131319 0.001619 0.000179888 0.000539665 0.000179888 0.277928 0.000179888 0.00197877 
0.092662 0.000535619 0.00696304 0.00160686 0.00374933 0.447242 0.400107 0.000535619 0.00160686 0.000535619 0.000535619 0.00160686 0.000535619 0.0391002 0.00267809 
0.388181 0.00115875 0.536501 0.00347625 0.00115875 0.00115875 0.0475087 0.00579374 0.00115875 0.00115875 0.00115875 0.00579374 0.00115875 0.00115875 0.00347625 
0.00436137 0.000623053 0.00685358 0.000623053 0.0267913 0.327103 0.438006 0.00186916 0.000623053 0.0803738 0.00809969 0.00311526 0.035514 0.0454829 0.0205607 
0.284974 0.00287853 0.331031 0.0305124 0.0213011 0.0362694 0.0949914 0.00402994 0.0120898 0.000575705 0.00518135 0.00172712 0.000575705 0.173287 0.000575705 
0.0348541 0.00481723 0.0308869 0.037121 0.0745254 0.294418 0.472372 0.000283366 0.000850099 0.00141683 0.00141683 0.000283366 0.0223859 0.0206857 0.00368376 
0.0285714 0.00571429 0.04 0.00571429 0.00571429 0.0171429 0.0285714 0.00571429 0.00571429 0.0171429 0.0171429 0.00571429 0.00571429 0.531429 0.28 
0.17009 0.000821693 0.000821693 0.493837 0.00246508 0.00246508 0.189811 0.0172555 0.000821693 0.000821693 0.00410846 0.000821693 0.000821693 0.114215 0.000821693 
0.001443 0.002405 0.017797 0.431457 0.000481 0.001443 0.464165 0.001443 0.000481 0.011063 0.000481 0.001443 0.002405 0.0620491 0.001443 
0.109827 0.213873 0.109827 0.248555 0.0404624 0.00578035 0.00578035 0.017341 0.017341 0.017341 0.0867052 0.017341 0.0289017 0.00578035 0.0751445 
0.0122249 0.0220049 0.0855746 0.114914 0.00244499 0.0122249 0.486553 0.00244499 0.00244499 0.163814 0.0415648 0.0122249 0.00244499 0.00244499 0.0366748 
0.000187301 0.017419 0.269526 0.0110508 0.000187301 0.00355872 0.637385 0.0279078 0.000187301 0.0106762 0.00430792 0.000187301 0.000187301 0.0170444 0.000187301 
0.332024 0.000654879 0.00327439 0.000654879 0.000654879 0.000654879 0.0307793 0.0255403 0.00196464 0.000654879 0.000654879 0.00720367 0.00196464 0.592665 0.000654879 
0.308699 0.0315627 0.0146266 0.013087 0.0284834 0.0115473 0.267129 0.000769823 0.000769823 0.000769823 0.00692841 0.00538876 0.00230947 0.000769823 0.307159 
0.0958979 0.000271665 0.00353165 0.211627 0.0182016 0.00570497 0.520782 0.0236349 0.000271665 0.00298832 0.00135833 0.066558 0.0111383 0.0279815 0.0100516 
0.227968 0.000728332 0.010925 0.000728332 0.462491 0.002185 0.175528 0.002185 0.000728332 0.010925 0.00946832 0.000728332 0.00364166 0.0808449 0.010925 
0.00529101 0.00529101 0.015873 0.502646 0.00529101 0.015873 0.238095 0.00529101 0.015873 0.00529101 0.00529101 0.015873 0.00529101 0.00529101 0.153439 
0.179916 0.0041841 0.221757 0.0209205 0.0209205 0.0041841 0.288703 0.0041841 0.0041841 0.0041841 0.0209205 0.0376569 0.0041841 0.0125523 0.171548 
0.128205 0.018315 0.003663 0.692308 0.010989 0.003663 0.003663 0.003663 0.003663 0.003663 0.003663 0.010989 0.010989 0.010989 0.0915751 
0.0242588 0.00808625 0.0512129 0.385445 0.0458221 0.0458221 0.180593 0.110512 0.0242588 0.0134771 0.0242588 0.00808625 0.0296496 0.00269542 0.0458221 
0.158338 0.000602047 0.0307044 0.389524 0.0668272 0.00421433 0.253462 0.00301023 0.00421433 0.000602047 0.000602047 0.00301023 0.000602047 0.0475617 0.0367249 
0.00209644 0.0267878 0.0137433 0.037037 0.235034 0.00116469 0.594223 0.00116469 0.00116469 0.0207314 0.0267878 0.00209644 0.0365712 0.000232937 0.00116469 
0.000116509 0.000349528 0.000116509 0.000116509 0.00174764 0.000349528 0.499942 0.000349528 0.000349528 0.000349528 0.000116509 0.495281 0.000582547 0.000116509 0.000116509 
0.0294695 0.00196464 0.00196464 0.587426 0.00196464 0.0137525 0.13556 0.0412574 0.00982318 0.00982318 0.00589391 0.00196464 0.0255403 0.0609037 0.0726916 
0.142857 0.032967 0.340659 0.010989 0.010989 0.032967 0.032967 0.010989 0.010989 0.0769231 0.010989 0.010989 0.032967 0.010989 0.230769 
0.038961 0.012987 0.168831 0.142857 0.012987 0.038961 0.012987 0.012987 0.038961 0.012987 0.038961 0.038961 0.038961 0.0649351 0.324675 
0.047619 0.00952381 0.238095 0.047619 0.00952381 0.0666667 0.00952381 0.047619 0.00952381 0.0285714 0.047619 0.0285714 0.104762 0.142857 0.161905 
0.0561798 0.00271213 0.0267338 0.000387447 0.0724525 0.000387447 0.500969 0.000387447 0.000387447 0.0058117 0.00116234 0.00426191 0.00116234 0.13057 0.196435 
0.0205488 0.000127632 0.0269304 0.00829611 0.0922782 0.000127632 0.55635 0.00114869 0.00140396 0.248756 0.00114869 0.0141672 0.000127632 0.028462 0.000127632 
0.453787 0.00347464 0.000694927 0.00208478 0.371786 0.00208478 0.123002 0.000694927 0.000694927 0.000694927 0.00347464 0.00208478 0.000694927 0.0340514 0.000694927 
0.0285111 0.575502 0.00105597 0.00105597 0.00105597 0.00105597 0.355861 0.00105597 0.00105597 0.00105597 0.0116156 0.00105597 0.0095037 0.0095037 0.00105597 
0.0124446 0.000210926 0.0461928 0.233073 0.0339591 0.00147648 0.608521 0.000632778 0.00105463 0.00105463 0.000632778 0.000210926 0.00105463 0.0575828 0.00189833 
0.225434 0.00578035 0.352601 0.00578035 0.00578035 0.017341 0.00578035 0.0635838 0.00578035 0.00578035 0.00578035 0.109827 0.00578035 0.00578035 0.179191 
0.232569 0.345685 0.000487567 0.000487567 0.00731351 0.00341297 0.302779 0.0170648 0.00536324 0.000487567 0.00341297 0.000487567 0.000487567 0.0755729 0.0043881 
0.0153846 0.0153846 0.353846 0.0153846 0.0153846 0.0461538 0.107692 0.0153846 0.0153846 0.0153846 0.0153846 0.0153846 0.0153846 0.107692 0.230769 
0.333333 0.0153846 0.405128 0.0153846 0.00512821 0.0358974 0.0153846 0.00512821 0.0153846 0.00512821 0.0153846 0.00512821 0.00512821 0.0666667 0.0564103 
0.156757 0.00540541 0.0594595 0.210811 0.00540541 0.00540541 0.00540541 0.0378378 0.00540541 0.0486486 0.0162162 0.027027 0.00540541 0.124324 0.286486 
0.0526316 0.0292398 0.298246 0.274854 0.00584795 0.00584795 0.0175439 0.00584795 0.0292398 0.00584795 0.00584795 0.0175439 0.00584795 0.0175439 0.22807 
0.00606061 0.030303 0.0181818 0.406061 0.00606061 0.00606061 0.00606061 0.139394 0.030303 0.0181818 0.00606061 0.00606061 0.00606061 0.115152 0.2 
0.010101 0.010101 0.171717 0.151515 0.010101 0.111111 0.010101 0.010101 0.0505051 0.030303 0.010101 0.010101 0.010101 0.111111 0.292929 
0.00215054 0.00215054 0.427957 0.0494624 0.00215054 0.0236559 0.11828 0.0322581 0.0150538 0.0107527 0.00215054 0.00215054 0.00645161 0.225806 0.0795699 
0.0272266 0.0013844 0.0512229 0.0161514 0.00876788 0.1509 0.600369 0.0226119 0.00415321 0.00876788 0.0013844 0.000461467 0.000461467 0.104753 0.0013844 
0.0941018 0.000450248 0.383161 0.0292661 0.00405223 0.00765421 0.434489 0.000450248 0.00135074 0.000450248 0.00405223 0.00225124 0.00135074 0.0328681 0.00405223 
0.279012 0.000823045 0.0139918 0.00246914 0.000823045 0.409053 0.234568 0.00576132 0.000823045 0.00576132 0.000823045 0.000823045 0.000823045 0.0419753 0.00246914 
0.167336 0.00133869 0.00401606 0.692102 0.00133869 0.00133869 0.105756 0.00133869 0.00133869 0.00133869 0.00133869 0.00401606 0.00401606 0.00133869 0.0120482 
0.00564061 0.000805802 0.0926672 0.323127 0.000805802 0.000805802 0.551974 0.000805802 0.000805802 0.00402901 0.000805802 0.000805802 0.000805802 0.000805802 0.0153102 
0.163108 0.000454339 0.00954112 0.0322581 0.00318037 0.00318037 0.0758746 0.550204 0.0131758 0.00499773 0.0286234 0.000454339 0.0113585 0.103135 0.000454339 
0.0956522 0.37971 0.0434783 0.113043 0.026087 0.0318841 0.084058 0.00869565 0.0376812 0.0666667 0.00289855 0.0144928 0.00289855 0.00289855 0.0898551 
0.251641 0.00218818 0.461707 0.00218818 0.00218818 0.00656455 0.00218818 0.02407 0.00656455 0.00218818 0.00218818 0.00218818 0.00218818 0.225383 0.00656455 
0.18797 0.0175439 0.0225564 0.408521 0.0275689 0.0125313 0.238095 0.0075188 0.0175439 0.0075188 0.00250627 0.0125313 0.00250627 0.0325815 0.00250627 
0.189802 0.00849858 0.000944287 0.00472144 0.000944287 0.223796 0.459868 0.00472144 0.0160529 0.0311615 0.00283286 0.000944287 0.000944287 0.0538244 0.000944287 
0.00169779 0.00848896 0.00848896 0.00169779 0.00509338 0.0186757 0.388795 0.0152801 0.409168 0.0118846 0.00169779 0.0220713 0.00509338 0.00169779 0.10017 
0.0391942 0.00153273 0.00109481 0.0260565 0.367637 0.000656886 0.526166 0.00853952 0.00722575 0.00109481 0.00153273 0.0120429 0.00197066 0.00109481 0.00416028 
0.0697674 0.271318 0.178295 0.0232558 0.00775194 0.00775194 0.00775194 0.0542636 0.00775194 0.0232558 0.00775194 0.00775194 0.00775194 0.00775194 0.317829 
0.287254 0.00190235 0.00570704 0.00190235 0.000634115 0.00190235 0.043754 0.0336081 0.00190235 0.00317058 0.000634115 0.000634115 0.000634115 0.615726 0.000634115 
0.0121862 0.00660696 0.000440464 0.0069006 0.266774 0.000734107 0.659375 0.000146821 0.000440464 0.00308325 0.000440464 0.0104243 0.00513875 0.0215827 0.00572603 
0.178364 0.450188 0.00513523 0.00513523 0.00102705 0.00376583 0.103732 0.134543 0.000342349 0.00102705 0.00239644 0.000342349 0.0140363 0.0996234 0.000342349 
0.0982483 0.0129474 0.297791 0.00228484 0.049505 0.111957 0.41051 0.00228484 0.000761615 0.000761615 0.000761615 0.000761615 0.00228484 0.00837776 0.000761615 
0.024602 0.00723589 0.00723589 0.212735 0.0477569 0.0419682 0.534009 0.00434153 0.00144718 0.0101302 0.00723589 0.00434153 0.0101302 0.0767004 0.0101302 
0.24618 0.0186757 0.00509338 0.385399 0.00169779 0.0152801 0.113752 0.0152801 0.00509338 0.00509338 0.00169779 0.00169779 0.00169779 0.16129 0.0220713 
0.189246 0.000527148 0.000527148 0.226147 0.000527148 0.00158144 0.369531 0.000527148 0.00263574 0.0416447 0.000527148 0.024776 0.000527148 0.0869794 0.0542963 
0.0419162 0.0538922 0.281437 0.173653 0.0179641 0.0658683 0.0299401 0.0179641 0.0419162 0.00598802 0.00598802 0.00598802 0.00598802 0.0898204 0.161677 
0.00671141 0.00671141 0.288591 0.355705 0.0201342 0.033557 0.0469799 0.0469799 0.00671141 0.00671141 0.00671141 0.00671141 0.00671141 0.0604027 0.100671 
0.0644316 0.000523834 0.000523834 0.0015715 0.000523834 0.00680985 0.496071 0.0382399 0.0937664 0.000523834 0.0015715 0.000523834 0.000523834 0.286537 0.00785752 
0.144279 0.00696517 0.00298507 0.000995025 0.000995025 0.000995025 0.130348 0.00298507 0.0288557 0.0965174 0.00895522 0.000995025 0.000995025 0.572139 0.000995025 
0.0458404 0.00169779 0.00509338 0.589134 0.00509338 0.00509338 0.314092 0.00848896 0.00169779 0.0118846 0.00169779 0.00169779 0.00509338 0.00169779 0.00169779 
0.0169041 0.000189934 0.000189934 0.00474834 0.497056 0.000189934 0.471605 0.00132953 0.00208927 0.00208927 0.000949668 0.000189934 0.000189934 0.00208927 0.000189934 
0.0925756 0.00824931 0.484876 0.0339138 0.0320807 0.00458295 0.231897 0.00091659 0.00091659 0.0119157 0.00458295 0.00274977 0.00091659 0.0870761 0.00274977 
0.0882862 0.000577034 0.0121177 0.0017311 0.0213503 0.0017311 0.0536642 0.65955 0.1206 0.000577034 0.00288517 0.0017311 0.000577034 0.034045 0.000577034 
0.818182 0.000693963 0.0215128 0.00346981 0.000693963 0.000693963 0.106176 0.000693963 0.00485774 0.00763359 0.0215128 0.00208189 0.00763359 0.00208189 0.00208189 
0.081761 0.00209644 0.0691824 0.00209644 0.0398323 0.00628931 0.463312 0.00209644 0.0691824 0.048218 0.00209644 0.00209644 0.111111 0.00209644 0.0985325 
0.0163934 0.0491803 0.0163934 0.0163934 0.0491803 0.0491803 0.0163934 0.0491803 0.0819672 0.0163934 0.114754 0.0163934 0.147541 0.0163934 0.344262 
0.091419 0.00168256 0.00280426 0.0140213 0.413348 0.00168256 0.305665 0.0656197 0.00280426 0.0308469 0.00504767 0.000560852 0.000560852 0.0487942 0.015143 
0.191219 0.426921 0.0132871 0.000577701 0.000577701 0.0017331 0.276719 0.00635471 0.00404391 0.00404391 0.0028885 0.0109763 0.0548816 0.0028885 0.0028885 
0.0232558 0.0232558 0.0232558 0.0232558 0.0232558 0.0697674 0.0232558 0.0232558 0.209302 0.0232558 0.0697674 0.0697674 0.0232558 0.0232558 0.348837 
0.107692 0.0153846 0.0153846 0.0769231 0.0153846 0.0153846 0.0461538 0.0153846 0.0769231 0.0461538 0.0153846 0.0461538 0.0461538 0.0769231 0.384615 
0.111111 0.0617284 0.0123457 0.037037 0.0123457 0.0123457 0.037037 0.0123457 0.0123457 0.0123457 0.0617284 0.0123457 0.0123457 0.037037 0.555556 
0.0769231 0.673546 0.00562852 0.00187617 0.00562852 0.00938086 0.15197 0.00562852 0.00187617 0.00187617 0.0168856 0.00187617 0.00938086 0.0356473 0.00187617 
0.0728993 0.000556483 0.000556483 0.00166945 0.00166945 0.00278242 0.475793 0.00612131 0.260991 0.00278242 0.000556483 0.0294936 0.119644 0.0239288 0.000556483 
0.0153846 0.0153846 0.0153846 0.0153846 0.507692 0.0461538 0.0153846 0.0461538 0.0153846 0.0153846 0.0153846 0.0153846 0.0153846 0.0153846 0.230769 
0.0012815 0.000427168 0.000427168 0.000427168 0.122597 0.00384451 0.302008 0.195216 0.000427168 0.0106792 0.320803 0.000427168 0.00555318 0.0337463 0.00213584 
0.011236 0.011236 0.0337079 0.011236 0.011236 0.191011 0.011236 0.011236 0.011236 0.0337079 0.146067 0.0561798 0.0561798 0.011236 0.393258 
0.000903342 0.00271003 0.000903342 0.0117435 0.125565 0.441734 0.30262 0.000903342 0.000903342 0.00271003 0.0785908 0.000903342 0.0171635 0.000903342 0.0117435 
0.0909091 0.0545455 0.0181818 0.0545455 0.0181818 0.0181818 0.0545455 0.0181818 0.0545455 0.0545455 0.0181818 0.0181818 0.0909091 0.0181818 0.418182 
0.0114943 0.0114943 0.0344828 0.0114943 0.0344828 0.0344828 0.0114943 0.0114943 0.149425 0.0344828 0.0114943 0.0804598 0.103448 0.0114943 0.448276 
0.225376 0.00166945 0.0116861 0.00166945 0.0116861 0.00166945 0.0283806 0.00834725 0.552588 0.0517529 0.0217028 0.00166945 0.00834725 0.00166945 0.0717863 
0.336709 0.00253165 0.0126582 0.00759494 0.00253165 0.00253165 0.0683544 0.0227848 0.402532 0.00253165 0.00253165 0.00253165 0.0481013 0.00253165 0.0835443 
0.146067 0.011236 0.0337079 0.0337079 0.0786517 0.146067 0.011236 0.011236 0.123596 0.011236 0.011236 0.011236 0.0786517 0.011236 0.280899 
0.411467 0.000316756 0.000316756 0.000316756 0.000316756 0.000316756 0.000950269 0.00158378 0.581882 0.000316756 0.000316756 0.000950269 0.000316756 0.000316756 0.000316756 
0.282051 0.025641 0.00854701 0.00854701 0.00854701 0.00854701 0.00854701 0.00854701 0.299145 0.00854701 0.00854701 0.00854701 0.0598291 0.025641 0.230769 
0.327254 0.00101317 0.00101317 0.0070922 0.00101317 0.00303951 0.0151976 0.00101317 0.106383 0.00101317 0.469098 0.00911854 0.00101317 0.00911854 0.047619 
0.0114943 0.0574713 0.0574713 0.0344828 0.0114943 0.0114943 0.0114943 0.0114943 0.149425 0.0114943 0.287356 0.0114943 0.0344828 0.0114943 0.287356 
0.167592 0.0299667 0.00110988 0.0432852 0.00554939 0.00332963 0.045505 0.00554939 0.63596 0.00332963 0.0188679 0.00110988 0.0321865 0.00554939 0.00110988 
0.223061 0.00205903 0.00205903 0.000686342 0.000686342 0.000686342 0.00754976 0.254633 0.000686342 0.000686342 0.501716 0.000686342 0.00343171 0.000686342 0.000686342 
0.22314 0.0247934 0.0578512 0.0247934 0.00826446 0.0413223 0.00826446 0.00826446 0.0247934 0.0413223 0.00826446 0.00826446 0.00826446 0.0578512 0.454545 
0.0491803 0.311475 0.0163934 0.0491803 0.0163934 0.0163934 0.0163934 0.0163934 0.0163934 0.0163934 0.0163934 0.0491803 0.0491803 0.0163934 0.344262 
0.113924 0.164557 0.0126582 0.0379747 0.0126582 0.0379747 0.0379747 0.0126582 0.0126582 0.0126582 0.0632911 0.0126582 0.0126582 0.0379747 0.417722 
0.0786517 0.0786517 0.011236 0.258427 0.011236 0.011236 0.011236 0.0337079 0.011236 0.011236 0.168539 0.011236 0.011236 0.0337079 0.258427 
0.122807 0.0175439 0.0175439 0.0526316 0.0175439 0.0175439 0.0175439 0.0175439 0.0175439 0.0526316 0.157895 0.0175439 0.0175439 0.0526316 0.403509 
0.000419992 0.0146997 0.00209996 0.000419992 0.000419992 0.00293994 0.429651 0.000419992 0.00125997 0.000419992 0.543049 0.00125997 0.00209996 0.000419992 0.000419992 
0.0697674 0.0232558 0.0232558 0.0697674 0.0697674 0.0697674 0.0232558 0.0232558 0.0232558 0.0232558 0.209302 0.0232558 0.0232558 0.0232558 0.302326 
0.0140845 0.0140845 0.0422535 0.0140845 0.126761 0.0985915 0.0140845 0.0140845 0.183099 0.0422535 0.126761 0.0140845 0.0704225 0.0140845 0.211268 
0.00598802 0.00598802 0.00598802 0.00598802 0.00598802 0.00598802 0.245509 0.00598802 0.0179641 0.00598802 0.0658683 0.00598802 0.00598802 0.00598802 0.60479 
0.134328 0.0447761 0.134328 0.0447761 0.0149254 0.0149254 0.0149254 0.0149254 0.104478 0.0746269 0.0149254 0.0149254 0.0149254 0.0447761 0.313433 
0.0379747 0.0126582 0.0126582 0.0379747 0.0379747 0.0632911 0.113924 0.0379747 0.0126582 0.0126582 0.113924 0.0126582 0.0126582 0.0126582 0.468354 
0.00514995 0.000302939 0.000302939 0.000908816 0.000302939 0.000302939 0.476522 0.000908816 0.000302939 0.000302939 0.000302939 0.000302939 0.513481 0.000302939 0.000302939 
0.00150527 0.00150527 0.000501756 0.0767687 0.0265931 0.000501756 0.353738 0.0426493 0.000501756 0.00451581 0.00250878 0.00250878 0.417963 0.0677371 0.000501756 
0.0379747 0.0379747 0.0126582 0.189873 0.0126582 0.0379747 0.0126582 0.0379747 0.0886076 0.0126582 0.0126582 0.0126582 0.0126582 0.0379747 0.443038 
0.0123457 0.037037 0.0123457 0.037037 0.0123457 0.0617284 0.0123457 0.0123457 0.037037 0.0864198 0.037037 0.0617284 0.0123457 0.0123457 0.555556 
0.370682 0.000933707 0.00840336 0.00653595 0.000933707 0.00653595 0.167134 0.0364146 0.368814 0.00280112 0.000933707 0.000933707 0.0102708 0.0102708 0.00840336 
0.123739 0.00265534 0.0408922 0.00265534 0.0780669 0.000531067 0.456187 0.0015932 0.000531067 0.000531067 0.205523 0.0302708 0.031333 0.000531067 0.0249602 
0.151292 0.00369004 0.0258303 0.00369004 0.0184502 0.00369004 0.0405904 0.0110701 0.0184502 0.00369004 0.0110701 0.00369004 0.00369004 0.0258303 0.675277 
0.164067 0.00311915 0.00187149 0.00187149 0.00062383 0.00686213 0.403618 0.0542732 0.256394 0.0106051 0.00436681 0.00935745 0.0792265 0.00062383 0.00311915 
0.012987 0.012987 0.012987 0.012987 0.012987 0.012987 0.038961 0.0649351 0.012987 0.012987 0.194805 0.0649351 0.0909091 0.012987 0.428571 
0.0163934 0.0491803 0.0163934 0.0163934 0.0491803 0.0163934 0.0163934 0.0491803 0.0491803 0.0163934 0.245902 0.0491803 0.0819672 0.0163934 0.311475 
0.155556 0.0222222 0.0222222 0.0222222 0.0222222 0.0222222 0.0222222 0.0222222 0.0222222 0.0222222 0.0666667 0.0222222 0.0222222 0.0666667 0.466667 
0.0133333 0.12 0.0133333 0.0133333 0.0133333 0.04 0.0133333 0.0133333 0.0133333 0.04 0.0133333 0.12 0.0133333 0.0133333 0.546667 
0.179032 0.00222124 0.000444247 0.00133274 0.370946 0.000444247 0.404709 0.00133274 0.000444247 0.00222124 0.0075522 0.000444247 0.0244336 0.00133274 0.00310973 
0.000360794 0.000120265 0.000120265 0.000120265 0.000120265 0.000601323 0.572339 0.000120265 0.000120265 0.000360794 0.420806 0.000120265 0.000120265 0.000120265 0.00444979 
0.00371747 0.0185874 0.0111524 0.0111524 0.00371747 0.0260223 0.0334572 0.070632 0.00371747 0.122677 0.39777 0.130112 0.063197 0.0483271 0.0557621 
0.218855 0.0841751 0.131313 0.00112233 0.00112233 0.0258137 0.0258137 0.245791 0.0639731 0.0572391 0.016835 0.00561167 0.108866 0.010101 0.003367 
0.120778 0.00057241 0.00057241 0.00057241 0.00515169 0.0120206 0.424156 0.00171723 0.00057241 0.00171723 0.00629651 0.00057241 0.424156 0.00057241 0.00057241 
0.0962963 0.00740741 0.0666667 0.00740741 0.0222222 0.0666667 0.0222222 0.00740741 0.00740741 0.00740741 0.00740741 0.0222222 0.037037 0.0222222 0.6 
0.0114767 0.000765111 0.0573833 0.0558531 0.0971691 0.00994644 0.155318 0.000765111 0.000765111 0.000765111 0.00382555 0.000765111 0.352716 0.208875 0.0436113 
0.0225485 0.000524384 0.000524384 0.0131096 0.00157315 0.00157315 0.438909 0.000524384 0.000524384 0.00262192 0.00471945 0.473519 0.03828 0.000524384 0.000524384 
0.143307 0.12126 0.0299213 0.0929134 0.00787402 0.0015748 0.28189 0.00472441 0.023622 0.0173228 0.114961 0.080315 0.023622 0.0015748 0.0551181 
0.129412 0.2 0.0117647 0.0117647 0.0117647 0.0352941 0.0117647 0.0352941 0.0352941 0.0117647 0.0117647 0.0352941 0.0588235 0.0117647 0.388235 
0.0151724 0.00137931 0.00689655 0.00413793 0.00689655 0.00413793 0.211034 0.0206897 0.674483 0.00137931 0.00137931 0.00137931 0.00137931 0.00413793 0.0455172 
0.00131406 0.00043802 0.00306614 0.0021901 0.00043802 0.00131406 0.297416 0.0021901 0.676741 0.00043802 0.00043802 0.00043802 0.00131406 0.00306614 0.00919842 
0.00900901 0.00900901 0.00900901 0.027027 0.0810811 0.00900901 0.00900901 0.027027 0.459459 0.027027 0.00900901 0.045045 0.00900901 0.171171 0.0990991 
0.0422535 0.0704225 0.0140845 0.0140845 0.0140845 0.0704225 0.0140845 0.0140845 0.126761 0.0140845 0.0140845 0.0140845 0.0422535 0.0422535 0.492958 
0.00916546 0.000482393 0.000482393 0.000482393 0.000482393 0.603473 0.376749 0.000482393 0.00434153 0.000482393 0.00144718 0.000482393 0.000482393 0.000482393 0.000482393 
0.251288 0.0690417 0.00014721 0.593699 0.000441631 0.000441631 0.0357721 0.025173 0.0192846 0.000736052 0.00014721 0.00103047 0.000441631 0.00014721 0.00220816 
0.0163934 0.0163934 0.0163934 0.0491803 0.0163934 0.0491803 0.0163934 0.0163934 0.114754 0.0163934 0.0163934 0.0163934 0.180328 0.0163934 0.442623 
0.00633837 0.617747 0.000487567 0.000487567 0.000487567 0.00536324 0.360312 0.00243784 0.000487567 0.000487567 0.0014627 0.000487567 0.000487567 0.00243784 0.000487567 
