0.004065 0.004065 0.004065 0.004065 0.004065 0.004065 0.004065 0.963415 0.004065 0.004065 
0.002809 0.002809 0.002809 0.002809 0.002809 0.002809 0.008427 0.969101 0.002809 0.002809 
0.002242 0.002242 0.002242 0.002242 0.002242 0.002242 0.002242 0.979821 0.002242 0.002242 
0.001597 0.001597 0.004792 0.001597 0.001597 0.011182 0.001597 0.972843 0.001597 0.001597 
0.000430 0.001291 0.000430 0.000430 0.000430 0.472031 0.000430 0.522806 0.001291 0.000430 
0.000659 0.000659 0.000220 0.000220 0.003295 0.631151 0.000220 0.361380 0.000659 0.001538 
0.000184 0.000184 0.000184 0.000184 0.000184 0.657043 0.000184 0.341486 0.000184 0.000184 
0.001070 0.000765 0.000153 0.000765 0.000153 0.672936 0.000153 0.323700 0.000153 0.000153 
0.000454 0.000151 0.000151 0.000151 0.000756 0.684362 0.000151 0.312008 0.000756 0.001059 
0.000445 0.000148 0.000148 0.000148 0.000148 0.687074 0.000741 0.309369 0.001631 0.000148 
0.000108 0.006161 0.000108 0.000108 0.000324 0.686446 0.000108 0.305988 0.000324 0.000324 
0.000531 0.011778 0.000531 0.000743 0.000106 0.680072 0.000318 0.305497 0.000318 0.000106 
0.001345 0.023080 0.000103 0.000517 0.000310 0.669944 0.000103 0.302732 0.001759 0.000103 
0.032863 0.102435 0.000824 0.000092 0.000092 0.600970 0.000092 0.262083 0.000458 0.000092 
0.140357 0.229269 0.000067 0.000067 0.000067 0.437042 0.000067 0.192400 0.000067 0.000599 
0.225808 0.273649 0.000054 0.000271 0.000054 0.348394 0.000054 0.151497 0.000054 0.000163 
0.236333 0.278434 0.000268 0.000161 0.000161 0.329664 0.000161 0.154495 0.000054 0.000268 
0.228582 0.282140 0.000053 0.000053 0.000053 0.337512 0.000053 0.151019 0.000160 0.000373 
0.231360 0.278770 0.000052 0.000157 0.000261 0.337667 0.000365 0.151264 0.000052 0.000052 
0.204979 0.223719 0.000040 0.000040 0.000040 0.252916 0.139990 0.114413 0.000040 0.063822 
0.188148 0.220739 0.000116 0.000194 0.000039 0.255883 0.153545 0.110814 0.000271 0.070251 
0.186079 0.220256 0.000038 0.000038 0.000568 0.247537 0.159177 0.105373 0.000720 0.080214 
0.163316 0.183418 0.000033 0.000163 0.000293 0.208333 0.152713 0.086684 0.027810 0.177238 
0.160259 0.186540 0.000033 0.000033 0.000098 0.211586 0.158893 0.089741 0.028331 0.164487 
0.149772 0.179757 0.000031 0.000093 0.001327 0.196169 0.154337 0.082336 0.065863 0.170317 
0.142743 0.164422 0.000030 0.000030 0.032341 0.187341 0.142212 0.077293 0.084264 0.169325 
0.126813 0.153017 0.000026 0.000026 0.084357 0.162070 0.126707 0.066146 0.123266 0.157570 
0.128706 0.152856 0.000026 0.000291 0.087433 0.164218 0.120409 0.065925 0.118559 0.161576 
0.128619 0.143173 0.000025 0.000534 0.094016 0.159152 0.122818 0.062567 0.134370 0.154725 
0.130759 0.145595 0.000025 0.000025 0.096076 0.151215 0.121291 0.067316 0.135468 0.152228 
0.126600 0.145645 0.000174 0.001414 0.101156 0.151299 0.119606 0.064205 0.143265 0.146637 
0.119775 0.131137 0.000117 0.041499 0.100931 0.146334 0.114351 0.060250 0.143341 0.142266 
0.118581 0.132401 0.000113 0.070570 0.096631 0.141299 0.109232 0.055169 0.142609 0.133395 
0.112221 0.132839 0.000519 0.068416 0.096522 0.134824 0.110056 0.055874 0.141546 0.147185 
0.113046 0.133055 0.000158 0.068792 0.097454 0.138734 0.106332 0.060680 0.143420 0.138328 
0.114617 0.124801 0.000066 0.085968 0.096064 0.132638 0.108905 0.060507 0.134808 0.141627 
0.115201 0.127406 0.000109 0.091273 0.094160 0.131474 0.107590 0.059383 0.135236 0.138167 
0.109118 0.123274 0.000022 0.092123 0.094875 0.135114 0.109643 0.055466 0.137780 0.142586 
0.108357 0.122056 0.020569 0.096454 0.096872 0.125439 0.101967 0.058115 0.136088 0.134084 
0.105407 0.119209 0.073493 0.098048 0.083597 0.116807 0.092023 0.051836 0.133965 0.125615 
0.103231 0.113133 0.077268 0.098432 0.089172 0.119709 0.093254 0.050926 0.136262 0.118613 
0.096858 0.114600 0.085400 0.094788 0.087544 0.118666 0.094345 0.049991 0.135631 0.122177 
0.102072 0.111060 0.091293 0.095641 0.086872 0.118368 0.091475 0.051209 0.135505 0.116505 
0.098753 0.106732 0.134995 0.091444 0.077430 0.112096 0.081956 0.048798 0.131676 0.116120 
0.095483 0.104350 0.135737 0.092237 0.079354 0.111477 0.084039 0.048904 0.132257 0.116162 
0.093331 0.100709 0.147609 0.093623 0.078899 0.111337 0.082702 0.048770 0.130773 0.112247 
0.088767 0.097942 0.177607 0.089667 0.075557 0.099132 0.080696 0.043912 0.133274 0.113445 
0.085034 0.092456 0.194508 0.087000 0.076892 0.093675 0.078360 0.045847 0.132806 0.113420 
