0.000171939 0.000171939 0.000171939 0.254642 0.000171939 0.000171939 0.000171939 0.395633 0.000171939 0.000171939 0.00876891 0.00189133 0.00189133 0.00876891 0.326857 0.000171939 
0.00157233 0.00157233 0.111635 0.00157233 0.00157233 0.00157233 0.00157233 0.00157233 0.426101 0.205975 0.00157233 0.00157233 0.00157233 0.00157233 0.00157233 0.237421 
0.0010142 0.0010142 0.0010142 0.0111562 0.0010142 0.0010142 0.0010142 0.0010142 0.325558 0.467546 0.0111562 0.0010142 0.0111562 0.163286 0.0010142 0.0010142 
0.00316456 0.00316456 0.00316456 0.31962 0.00316456 0.00316456 0.00316456 0.00316456 0.0664557 0.00316456 0.00316456 0.00316456 0.00316456 0.0664557 0.00316456 0.509494 
0.00102459 0.0215164 0.0215164 0.00102459 0.00102459 0.00102459 0.00102459 0.144467 0.00102459 0.226434 0.00102459 0.00102459 0.349385 0.185451 0.0420082 0.00102459 
0.132124 0.00259067 0.0803109 0.494819 0.00259067 0.0284974 0.00259067 0.132124 0.00259067 0.00259067 0.00259067 0.0284974 0.00259067 0.0803109 0.00259067 0.00259067 
0.00351995 0.000167616 0.0487764 0.117499 0.139289 0.000167616 0.000167616 0.000167616 0.000167616 0.0471002 0.00184378 0.000167616 0.000167616 0.404123 0.236507 0.000167616 
0.00220176 0.0442354 0.00020016 0.00020016 0.190352 0.00020016 0.00020016 0.0182146 0.00420336 0.0182146 0.00020016 0.00020016 0.00020016 0.340472 0.2504 0.130304 
0.000138966 0.000138966 0.000138966 0.000138966 0.00569761 0.000138966 0.000138966 0.378127 0.000138966 0.000138966 0.0432185 0.000138966 0.00152863 0.415648 0.137715 0.0168149 
0.0289256 0.00137741 0.00137741 0.00137741 0.00137741 0.00137741 0.00137741 0.00137741 0.00137741 0.304408 0.0151515 0.00137741 0.00137741 0.27686 0.00137741 0.359504 
0.00143678 0.00143678 0.00143678 0.00143678 0.00143678 0.00143678 0.00143678 0.00143678 0.0158046 0.0445402 0.0301724 0.0445402 0.734195 0.0732759 0.00143678 0.0445402 
0.000238892 0.000238892 0.000238892 0.0742953 0.000238892 0.000238892 0.000238892 0.0742953 0.320354 0.000238892 0.000238892 0.00501672 0.0480172 0.0719064 0.246297 0.157907 
0.000994036 0.0109344 0.000994036 0.000994036 0.0506958 0.000994036 0.0109344 0.100398 0.120278 0.000994036 0.0904573 0.000994036 0.587475 0.000994036 0.0208748 0.000994036 
0.0060241 0.0060241 0.0060241 0.186747 0.0060241 0.0060241 0.0060241 0.0060241 0.0060241 0.186747 0.0060241 0.126506 0.0060241 0.0060241 0.0060241 0.427711 
0.000137627 0.000137627 0.000137627 0.000137627 0.330443 0.000137627 0.00426645 0.00977154 0.000137627 0.00701899 0.0015139 0.0207817 0.0744564 0.000137627 0.338701 0.212084 
0.00115473 0.00115473 0.00115473 0.520785 0.00115473 0.00115473 0.00115473 0.0127021 0.243649 0.00115473 0.0127021 0.19746 0.00115473 0.00115473 0.00115473 0.00115473 
0.000317864 0.000317864 0.000317864 0.140178 0.000317864 0.000317864 0.0034965 0.000317864 0.543865 0.000317864 0.000317864 0.000317864 0.187858 0.121106 0.000317864 0.000317864 
0.000618812 0.000618812 0.000618812 0.180074 0.0191832 0.000618812 0.000618812 0.000618812 0.000618812 0.112005 0.000618812 0.000618812 0.545173 0.124381 0.000618812 0.012995 
0.000379363 0.0686646 0.000379363 0.000379363 0.000379363 0.000379363 0.000379363 0.000379363 0.402504 0.00796662 0.000379363 0.000379363 0.322838 0.0800455 0.114188 0.000379363 
0.00121065 0.00121065 0.00121065 0.00121065 0.00121065 0.00121065 0.00121065 0.00121065 0.00121065 0.00121065 0.70339 0.00121065 0.00121065 0.0133172 0.00121065 0.267554 
0.00265957 0.00265957 0.00265957 0.0292553 0.00265957 0.00265957 0.00265957 0.00265957 0.694149 0.00265957 0.00265957 0.00265957 0.242021 0.00265957 0.00265957 0.00265957 
0.00127226 0.00127226 0.00127226 0.0267176 0.00127226 0.00127226 0.00127226 0.00127226 0.268448 0.00127226 0.00127226 0.0139949 0.66285 0.0139949 0.00127226 0.00127226 
0.177989 0.0149457 0.0013587 0.0013587 0.0013587 0.137228 0.0013587 0.0013587 0.0013587 0.232337 0.0013587 0.0013587 0.422554 0.0013587 0.0013587 0.0013587 
0.184073 0.00130548 0.00130548 0.00130548 0.00130548 0.144909 0.00130548 0.04047 0.00130548 0.249347 0.00130548 0.00130548 0.366841 0.00130548 0.00130548 0.00130548 
0.000180636 0.000180636 0.000180636 0.047146 0.000180636 0.000180636 0.000180636 0.000180636 0.0670159 0.0652095 0.027276 0.000180636 0.560152 0.0326951 0.19888 0.000180636 
0.00193798 0.00193798 0.0213178 0.00193798 0.00193798 0.00193798 0.00193798 0.0213178 0.00193798 0.00193798 0.00193798 0.0213178 0.00193798 0.718992 0.195736 0.00193798 
0.000150921 0.277845 0.00166013 0.149562 0.000150921 0.000150921 0.00769695 0.000150921 0.000150921 0.161636 0.000150921 0.000150921 0.0424087 0.0680652 0.277845 0.0122246 
0.0183246 0.0008726 0.166667 0.0008726 0.0183246 0.0008726 0.0357766 0.149215 0.0968586 0.384817 0.0008726 0.0008726 0.0008726 0.123037 0.0008726 0.0008726 
0.000771605 0.000771605 0.000771605 0.278549 0.594907 0.0162037 0.0239198 0.000771605 0.000771605 0.000771605 0.000771605 0.000771605 0.000771605 0.000771605 0.000771605 0.0779321 
0.00337838 0.00337838 0.00337838 0.00337838 0.00337838 0.00337838 0.00337838 0.00337838 0.510135 0.172297 0.00337838 0.239865 0.0371622 0.00337838 0.00337838 0.00337838 
0.016035 0.00145773 0.00145773 0.00145773 0.132653 0.00145773 0.00145773 0.263848 0.555394 0.00145773 0.00145773 0.00145773 0.00145773 0.016035 0.00145773 0.00145773 
0.000223914 0.000223914 0.000223914 0.000223914 0.000223914 0.000223914 0.000223914 0.000223914 0.000223914 0.000223914 0.000223914 0.385356 0.405508 0.000223914 0.206225 0.000223914 
0.555458 0.000880282 0.000880282 0.000880282 0.0096831 0.000880282 0.000880282 0.000880282 0.141725 0.000880282 0.000880282 0.000880282 0.000880282 0.28257 0.000880282 0.000880282 
0.105139 0.00560984 0.000180963 0.00199059 0.000180963 0.000180963 0.000180963 0.00560984 0.555737 0.0255157 0.000180963 0.000180963 0.000180963 0.0598987 0.0997105 0.139522 
0.000422654 0.0046492 0.0046492 0.0426881 0.000422654 0.000422654 0.000422654 0.000422654 0.21175 0.00887574 0.0046492 0.000422654 0.714708 0.000422654 0.0046492 0.000422654 
0.46793 0.00145773 0.176385 0.00145773 0.00145773 0.00145773 0.00145773 0.00145773 0.0597668 0.00145773 0.00145773 0.00145773 0.00145773 0.205539 0.00145773 0.074344 
0.00162338 0.00162338 0.00162338 0.293831 0.00162338 0.00162338 0.00162338 0.00162338 0.147727 0.00162338 0.0503247 0.00162338 0.342532 0.099026 0.00162338 0.0503247 
0.0748842 0.000257334 0.000257334 0.00540401 0.0388574 0.000257334 0.000257334 0.000257334 0.350232 0.118631 0.000257334 0.000257334 0.334792 0.0748842 0.000257334 0.000257334 
0.00342243 0.000162973 0.0132008 0.000162973 0.00668188 0.000162973 0.000162973 0.269068 0.13706 0.213657 0.0376467 0.0213494 0.000162973 0.184322 0.000162973 0.112614 
0.00862069 0.00862069 0.00862069 0.00862069 0.00862069 0.00862069 0.00862069 0.00862069 0.00862069 0.00862069 0.00862069 0.00862069 0.87069 0.00862069 0.00862069 0.00862069 
0.00118203 0.00118203 0.00118203 0.343972 0.00118203 0.00118203 0.00118203 0.00118203 0.00118203 0.00118203 0.00118203 0.00118203 0.190307 0.00118203 0.28487 0.166667 
0.000721501 0.000721501 0.000721501 0.0512266 0.000721501 0.000721501 0.000721501 0.00793651 0.0151515 0.000721501 0.0800866 0.000721501 0.765512 0.000721501 0.0728716 0.000721501 
0.00485437 0.00485437 0.00485437 0.00485437 0.00485437 0.00485437 0.00485437 0.00485437 0.101942 0.00485437 0.00485437 0.00485437 0.684466 0.00485437 0.00485437 0.150485 
0.0034965 0.0034965 0.248252 0.0734266 0.0034965 0.0034965 0.0034965 0.0034965 0.632867 0.0034965 0.0034965 0.0034965 0.0034965 0.0034965 0.0034965 0.0034965 
0.000508647 0.00559512 0.000508647 0.000508647 0.000508647 0.00559512 0.000508647 0.000508647 0.00559512 0.47355 0.0106816 0.000508647 0.412513 0.0818922 0.000508647 0.000508647 
0.00190114 0.00190114 0.00190114 0.515209 0.00190114 0.00190114 0.00190114 0.00190114 0.363118 0.00190114 0.00190114 0.00190114 0.0969582 0.00190114 0.00190114 0.00190114 
0.661362 0.000123365 0.0112263 0.00752529 0.000123365 0.000123365 0.000123365 0.000123365 0.160498 0.0531705 0.0247964 0.00135702 0.000123365 0.0790772 0.000123365 0.000123365 
0.000104866 0.227664 0.000104866 0.00744547 0.000104866 0.000104866 0.000104866 0.00744547 0.000104866 0.000104866 0.0200294 0.000104866 0.320994 0.139576 0.233956 0.0420512 
0.00280899 0.00280899 0.00280899 0.00280899 0.00280899 0.00280899 0.00280899 0.00280899 0.00280899 0.227528 0.00280899 0.00280899 0.733146 0.00280899 0.00280899 0.00280899 
0.000288517 0.0695326 0.000288517 0.11281 0.0175995 0.000288517 0.000288517 0.00317369 0.000288517 0.000288517 0.00894403 0.000288517 0.588863 0.00894403 0.187825 0.000288517 
0.814909 0.000169033 0.000169033 0.000169033 0.000169033 0.000169033 0.00693036 0.000169033 0.000169033 0.0170723 0.000169033 0.0035497 0.00185936 0.0593306 0.0948276 0.000169033 
0.000133761 0.473649 0.000133761 0.000133761 0.00280899 0.00147138 0.00147138 0.000133761 0.0148475 0.140583 0.000133761 0.000133761 0.000133761 0.0108347 0.000133761 0.353264 
0.000160102 0.000160102 0.000160102 0.000160102 0.00336215 0.000160102 0.000160102 0.000160102 0.000160102 0.000160102 0.144252 0.0738072 0.619757 0.000160102 0.157061 0.000160102 
0.00485437 0.150485 0.00485437 0.00485437 0.00485437 0.00485437 0.00485437 0.247573 0.101942 0.0533981 0.00485437 0.00485437 0.34466 0.00485437 0.00485437 0.0533981 
0.375 0.0509259 0.00462963 0.143519 0.00462963 0.00462963 0.00462963 0.00462963 0.00462963 0.00462963 0.00462963 0.00462963 0.0509259 0.00462963 0.143519 0.189815 
0.0174129 0.000829187 0.000829187 0.000829187 0.000829187 0.000829187 0.000829187 0.000829187 0.000829187 0.150083 0.000829187 0.000829187 0.191542 0.000829187 0.631012 0.000829187 
0.000194704 0.000194704 0.000194704 0.107282 0.000194704 0.00214174 0.000194704 0.000194704 0.58236 0.000194704 0.000194704 0.00214174 0.000194704 0.0449766 0.142329 0.117017 
0.00485437 0.000441306 0.000441306 0.00926743 0.0313327 0.0401589 0.000441306 0.0136805 0.000441306 0.0136805 0.000441306 0.000441306 0.574139 0.000441306 0.309356 0.000441306 
0.000167056 0.000167056 0.0168727 0.00350819 0.000167056 0.000167056 0.00350819 0.00183762 0.284163 0.105413 0.00183762 0.000167056 0.210658 0.00183762 0.133812 0.235717 
0.00337838 0.00337838 0.00337838 0.00337838 0.00337838 0.00337838 0.00337838 0.00337838 0.206081 0.0371622 0.00337838 0.00337838 0.712838 0.00337838 0.00337838 0.00337838 
0.0037594 0.0413534 0.0037594 0.0037594 0.0037594 0.0037594 0.304511 0.0037594 0.0037594 0.0037594 0.0037594 0.0037594 0.266917 0.0413534 0.304511 0.0037594 
0.274194 0.00537634 0.00537634 0.00537634 0.00537634 0.00537634 0.0591398 0.00537634 0.00537634 0.00537634 0.00537634 0.00537634 0.596774 0.00537634 0.00537634 0.00537634 
0.000137061 0.000137061 0.000137061 0.000137061 0.00973136 0.000137061 0.000137061 0.397615 0.0165844 0.126234 0.0782621 0.000137061 0.266036 0.000137061 0.0645559 0.0398849 
0.0034965 0.0034965 0.213287 0.0034965 0.0034965 0.0034965 0.0384615 0.0034965 0.0034965 0.0034965 0.0034965 0.0034965 0.143357 0.248252 0.0034965 0.318182 
0.0105163 0.000956023 0.000956023 0.000956023 0.000956023 0.000956023 0.0296367 0.0296367 0.106119 0.0965583 0.0487572 0.0487572 0.478967 0.000956023 0.0774379 0.0678776 
0.00224215 0.00224215 0.00224215 0.540359 0.00224215 0.00224215 0.00224215 0.00224215 0.338565 0.00224215 0.00224215 0.00224215 0.00224215 0.00224215 0.00224215 0.0919283 
0.00297619 0.0327381 0.00297619 0.00297619 0.00297619 0.00297619 0.00297619 0.00297619 0.389881 0.0327381 0.00297619 0.00297619 0.0327381 0.00297619 0.00297619 0.479167 
0.121349 0.000503525 0.00553877 0.000503525 0.000503525 0.000503525 0.000503525 0.000503525 0.624874 0.0961732 0.00553877 0.000503525 0.00553877 0.000503525 0.136455 0.000503525 
0.00167785 0.00167785 0.00167785 0.00167785 0.0184564 0.00167785 0.00167785 0.00167785 0.0687919 0.0184564 0.00167785 0.119128 0.756711 0.00167785 0.00167785 0.00167785 
0.00055991 0.00055991 0.00055991 0.0285554 0.00055991 0.00055991 0.00055991 0.0285554 0.286114 0.168533 0.0173572 0.00055991 0.0453527 0.00055991 0.157335 0.263718 
0.00442478 0.00442478 0.00442478 0.181416 0.00442478 0.00442478 0.00442478 0.00442478 0.0486726 0.00442478 0.00442478 0.0929204 0.181416 0.0486726 0.0486726 0.358407 
0.00306748 0.00306748 0.00306748 0.156442 0.156442 0.0644172 0.00306748 0.00306748 0.00306748 0.00306748 0.00306748 0.00306748 0.58589 0.00306748 0.00306748 0.00306748 
0.000144383 0.000144383 0.000144383 0.0838868 0.000144383 0.000144383 0.000144383 0.00447589 0.000144383 0.000144383 0.000144383 0.000144383 0.700404 0.000144383 0.180624 0.0290211 
0.00510204 0.00510204 0.00510204 0.158163 0.00510204 0.00510204 0.00510204 0.00510204 0.00510204 0.00510204 0.00510204 0.158163 0.566327 0.00510204 0.00510204 0.0561224 
0.105513 0.000175562 0.0036868 0.000175562 0.0107093 0.000175562 0.000175562 0.000175562 0.066889 0.000175562 0.000175562 0.000175562 0.000175562 0.0247542 0.697156 0.0897121 
0.11689 0.000171644 0.00188809 0.14092 0.000171644 0.000171644 0.000171644 0.00875386 0.346893 0.00875386 0.000171644 0.00360453 0.00360453 0.0688294 0.000171644 0.298833 
0.00406504 0.207317 0.00406504 0.00406504 0.735772 0.00406504 0.00406504 0.00406504 0.00406504 0.00406504 0.00406504 0.00406504 0.00406504 0.00406504 0.00406504 0.00406504 
0.463883 0.339729 0.00112867 0.00112867 0.159142 0.00112867 0.00112867 0.00112867 0.0124153 0.00112867 0.00112867 0.0124153 0.00112867 0.00112867 0.00112867 0.00112867 
0.00234742 0.00234742 0.0258216 0.00234742 0.307512 0.00234742 0.0258216 0.00234742 0.00234742 0.00234742 0.00234742 0.00234742 0.612676 0.00234742 0.00234742 0.00234742 
0.00316456 0.60443 0.0348101 0.00316456 0.00316456 0.00316456 0.00316456 0.00316456 0.00316456 0.00316456 0.00316456 0.00316456 0.00316456 0.00316456 0.31962 0.00316456 
0.00246305 0.00246305 0.00246305 0.00246305 0.00246305 0.00246305 0.0270936 0.00246305 0.00246305 0.00246305 0.00246305 0.00246305 0.150246 0.00246305 0.00246305 0.79064 
0.0211777 0.000516529 0.000516529 0.341426 0.000516529 0.000516529 0.0728306 0.000516529 0.0160124 0.00568182 0.196798 0.000516529 0.000516529 0.331095 0.000516529 0.0108471 
0.209184 0.00510204 0.00510204 0.00510204 0.00510204 0.00510204 0.00510204 0.00510204 0.00510204 0.00510204 0.158163 0.00510204 0.209184 0.00510204 0.00510204 0.362245 
0.0686275 0.0359477 0.0359477 0.00326797 0.00326797 0.00326797 0.00326797 0.00326797 0.00326797 0.00326797 0.00326797 0.00326797 0.689542 0.00326797 0.00326797 0.133987 
0.00246305 0.00246305 0.00246305 0.00246305 0.00246305 0.00246305 0.00246305 0.00246305 0.0270936 0.248768 0.100985 0.347291 0.150246 0.0763547 0.0270936 0.00246305 
0.599654 0.000576037 0.000576037 0.0178571 0.000576037 0.000576037 0.000576037 0.000576037 0.21947 0.0293779 0.000576037 0.000576037 0.000576037 0.115783 0.0120968 0.000576037 
0.00229358 0.00229358 0.506881 0.231651 0.00229358 0.00229358 0.00229358 0.00229358 0.00229358 0.00229358 0.00229358 0.00229358 0.00229358 0.00229358 0.00229358 0.231651 
0.00362319 0.00362319 0.00362319 0.00362319 0.148551 0.00362319 0.00362319 0.00362319 0.00362319 0.0398551 0.0398551 0.00362319 0.0398551 0.293478 0.0398551 0.365942 
0.000144383 0.000144383 0.00158822 0.000144383 0.000144383 0.00158822 0.000144383 0.000144383 0.000144383 0.000144383 0.56324 0.000144383 0.000144383 0.000144383 0.091106 0.340889 
0.000659631 0.000659631 0.000659631 0.000659631 0.000659631 0.000659631 0.000659631 0.000659631 0.990106 0.000659631 0.000659631 0.000659631 0.000659631 0.000659631 0.000659631 0.000659631 
0.00423729 0.00423729 0.00423729 0.00423729 0.00423729 0.00423729 0.00423729 0.00423729 0.385593 0.00423729 0.00423729 0.00423729 0.34322 0.00423729 0.00423729 0.216102 
0.000857633 0.000857633 0.000857633 0.129503 0.0265866 0.000857633 0.172384 0.000857633 0.146655 0.0951973 0.0866209 0.00943396 0.0780446 0.0866209 0.000857633 0.163808 
0.00462963 0.00462963 0.00462963 0.328704 0.00462963 0.00462963 0.00462963 0.00462963 0.513889 0.00462963 0.00462963 0.00462963 0.0972222 0.00462963 0.00462963 0.00462963 
0.000174642 0.000174642 0.00716032 0.000174642 0.00716032 0.000174642 0.0735243 0.283095 0.000174642 0.000174642 0.00716032 0.00192106 0.27087 0.0385959 0.274363 0.035103 
0.820261 0.00326797 0.00326797 0.00326797 0.00326797 0.00326797 0.00326797 0.00326797 0.00326797 0.0686275 0.00326797 0.00326797 0.00326797 0.00326797 0.00326797 0.0686275 
0.00234742 0.0492958 0.00234742 0.00234742 0.0492958 0.0492958 0.00234742 0.00234742 0.0492958 0.00234742 0.00234742 0.00234742 0.190141 0.00234742 0.589202 0.00234742 
0.000686813 0.000686813 0.000686813 0.124313 0.000686813 0.000686813 0.0212912 0.00755495 0.817995 0.000686813 0.000686813 0.000686813 0.000686813 0.0212912 0.000686813 0.000686813 
9.61908e-05 0.00202001 9.61908e-05 0.0895537 9.61908e-05 9.61908e-05 0.00779146 9.61908e-05 0.456041 0.201135 9.61908e-05 9.61908e-05 0.196326 0.0462678 9.61908e-05 9.61908e-05 
0.000178063 0.000178063 0.000178063 0.0108618 0.00373932 0.00373932 0.000178063 0.000178063 0.000178063 0.197828 0.491631 0.000178063 0.000178063 0.00195869 0.28864 0.000178063 
0.000373692 0.000373692 0.000373692 0.0489537 0.000373692 0.000373692 0.0265321 0.000373692 0.370329 0.123692 0.000373692 0.000373692 0.000373692 0.422646 0.00411061 0.000373692 
0.00122549 0.00122549 0.209559 0.0625 0.00122549 0.00122549 0.0379902 0.00122549 0.0134804 0.00122549 0.00122549 0.00122549 0.319853 0.270833 0.00122549 0.0747549 
0.00406504 0.00406504 0.00406504 0.00406504 0.00406504 0.00406504 0.00406504 0.00406504 0.00406504 0.00406504 0.00406504 0.00406504 0.939024 0.00406504 0.00406504 0.00406504 
0.00316456 0.00316456 0.00316456 0.224684 0.00316456 0.00316456 0.00316456 0.00316456 0.60443 0.129747 0.00316456 0.00316456 0.00316456 0.00316456 0.00316456 0.00316456 
0.000154178 0.00477953 0.0140302 0.000154178 0.000154178 0.00323774 0.000154178 0.0309898 0.513568 0.051033 0.0309898 0.00323774 0.00786309 0.0587419 0.000154178 0.280759 
0.00234742 0.00234742 0.00234742 0.00234742 0.00234742 0.00234742 0.00234742 0.260563 0.0492958 0.0258216 0.00234742 0.00234742 0.166667 0.07277 0.00234742 0.401408 
0.000566251 0.0345413 0.000566251 0.295017 0.000566251 0.000566251 0.000566251 0.0571914 0.221404 0.0345413 0.0741789 0.000566251 0.278029 0.000566251 0.000566251 0.000566251 
0.00059312 0.00059312 0.0183867 0.00059312 0.00059312 0.00059312 0.00059312 0.00059312 0.267497 0.00652432 0.00059312 0.172598 0.131079 0.397983 0.00059312 0.00059312 
0.181548 0.00297619 0.00297619 0.00297619 0.00297619 0.0625 0.00297619 0.00297619 0.00297619 0.00297619 0.00297619 0.00297619 0.00297619 0.00297619 0.0327381 0.6875 
0.000176491 0.000176491 0.000176491 0.000176491 0.0019414 0.000176491 0.000176491 0.603777 0.000176491 0.000176491 0.00723615 0.000176491 0.000176491 0.0990116 0.0725379 0.213731 
0.0644172 0.095092 0.0644172 0.00306748 0.00306748 0.00306748 0.00306748 0.00306748 0.00306748 0.00306748 0.00306748 0.00306748 0.46319 0.00306748 0.279141 0.00306748 
0.00121065 0.00121065 0.00121065 0.00121065 0.00121065 0.00121065 0.00121065 0.00121065 0.509685 0.00121065 0.0133172 0.00121065 0.461259 0.00121065 0.00121065 0.00121065 
0.0124868 0.000175871 0.000175871 0.0863524 0.0617306 0.000175871 0.000175871 0.000175871 0.000175871 0.000175871 0.362469 0.000175871 0.0582132 0.149666 0.110974 0.156701 
0.00337838 0.00337838 0.00337838 0.00337838 0.00337838 0.00337838 0.239865 0.00337838 0.510135 0.00337838 0.00337838 0.00337838 0.00337838 0.00337838 0.206081 0.00337838 
0.000802568 0.000802568 0.000802568 0.000802568 0.00882825 0.000802568 0.0329053 0.00882825 0.0329053 0.000802568 0.000802568 0.26565 0.000802568 0.0569823 0.000802568 0.586677 
0.000252143 0.0128593 0.000252143 0.33056 0.000252143 0.000252143 0.000252143 0.00781644 0.184317 0.0885023 0.0153807 0.000252143 0.000252143 0.0758951 0.282653 0.000252143 
0.433411 0.00116822 0.00116822 0.00116822 0.00116822 0.00116822 0.00116822 0.00116822 0.00116822 0.00116822 0.00116822 0.00116822 0.328271 0.00116822 0.188084 0.036215 
0.00362319 0.00362319 0.00362319 0.00362319 0.00362319 0.00362319 0.00362319 0.00362319 0.00362319 0.32971 0.00362319 0.00362319 0.438406 0.00362319 0.00362319 0.184783 
0.000491159 0.00540275 0.000491159 0.000491159 0.000491159 0.000491159 0.000491159 0.000491159 0.00540275 0.000491159 0.000491159 0.83055 0.000491159 0.147839 0.00540275 0.000491159 
0.000622665 0.000622665 0.000622665 0.000622665 0.000622665 0.000622665 0.000622665 0.0691158 0.0815691 0.187422 0.0691158 0.00684932 0.486301 0.00684932 0.000622665 0.0877958 
0.0509259 0.00462963 0.00462963 0.467593 0.00462963 0.00462963 0.00462963 0.00462963 0.421296 0.00462963 0.00462963 0.00462963 0.00462963 0.00462963 0.00462963 0.00462963 
0.00083612 0.00083612 0.00083612 0.23495 0.00083612 0.00083612 0.00083612 0.00083612 0.00083612 0.00083612 0.00083612 0.00083612 0.352007 0.00083612 0.151338 0.251672 
0.0015015 0.0015015 0.0015015 0.0015015 0.0615616 0.0765766 0.0015015 0.0015015 0.0015015 0.0015015 0.0015015 0.0015015 0.0015015 0.842342 0.0015015 0.0015015 
0.000215239 0.000215239 0.000215239 0.043263 0.00236763 0.000215239 0.000215239 0.641627 0.000215239 0.00667241 0.000215239 0.000215239 0.000215239 0.0109772 0.14873 0.144425 
0.00190114 0.0589354 0.00190114 0.00190114 0.039924 0.00190114 0.00190114 0.0209125 0.211027 0.0589354 0.0209125 0.00190114 0.00190114 0.458175 0.00190114 0.11597 
0.0866797 0.0785178 0.000163239 0.00342801 0.000163239 0.000163239 0.0262814 0.000163239 0.000163239 0.0736206 0.522527 0.00832517 0.0817826 0.000163239 0.0458701 0.0719882 
0.000257334 0.000257334 0.000257334 0.000257334 0.000257334 0.000257334 0.381112 0.000257334 0.0105507 0.00283067 0.000257334 0.000257334 0.157231 0.0594442 0.386258 0.000257334 
0.000221435 0.0135075 0.000221435 0.0312223 0.000221435 0.000221435 0.000221435 0.0267936 0.0777236 0.0201506 0.000221435 0.000221435 0.0932241 0.520593 0.108725 0.10651 
0.000119674 0.00131642 0.000119674 0.0623504 0.000119674 0.000119674 0.00251316 0.000119674 0.428554 0.30888 0.000119674 0.000119674 0.000119674 0.0384155 0.0563667 0.100646 
0.00230364 0.000109697 0.000109697 0.000109697 0.000109697 0.000109697 0.000109697 0.000109697 0.328104 0.000109697 0.000109697 0.000109697 0.0209522 0.164656 0.271062 0.211825 
0.000144592 0.000144592 0.000144592 0.000144592 0.000144592 0.000144592 0.000144592 0.049306 0.415124 0.00592828 0.0073742 0.000144592 0.000144592 0.0507519 0.198236 0.271978 
0.00121065 0.00121065 0.00121065 0.00121065 0.00121065 0.00121065 0.00121065 0.497579 0.00121065 0.00121065 0.00121065 0.00121065 0.00121065 0.461259 0.00121065 0.0254237 
0.000165673 0.000165673 0.000165673 0.150928 0.0134195 0.000165673 0.000165673 0.0018224 0.599901 0.000165673 0.000165673 0.000165673 0.0233598 0.12939 0.0796885 0.000165673 
0.0482321 0.000171644 0.020769 0.000171644 0.000171644 0.000171644 0.000171644 0.0739787 0.000171644 0.00875386 0.00188809 0.0482321 0.791452 0.000171644 0.00188809 0.00360453 
0.70788 0.0013587 0.0013587 0.0013587 0.150815 0.0013587 0.0013587 0.0013587 0.0013587 0.0013587 0.0149457 0.0013587 0.0828804 0.0013587 0.0013587 0.0285326 
0.0282847 0.000912409 0.000912409 0.0830292 0.000912409 0.0100365 0.000912409 0.000912409 0.429745 0.000912409 0.000912409 0.000912409 0.429745 0.000912409 0.000912409 0.0100365 
0.00151808 0.000138007 0.0263594 0.000138007 0.000138007 0.000138007 0.000138007 0.392078 0.00151808 0.156086 0.000138007 0.0222192 0.096743 0.111924 0.121584 0.0691416 
0.000121418 0.000121418 0.000121418 0.131253 0.000121418 0.000121418 0.000121418 0.286668 0.00254978 0.00376396 0.000121418 0.0984701 0.000121418 0.312166 0.164036 0.000121418 
0.000191718 0.000191718 0.000191718 0.207247 0.000191718 0.013612 0.000191718 0.000191718 0.418137 0.0116948 0.000191718 0.000191718 0.120974 0.000191718 0.165069 0.0615414 
0.0847424 0.000196618 0.000196618 0.212544 0.000196618 0.000196618 0.000196618 0.000196618 0.342312 0.0493512 0.000196618 0.0178923 0.0237908 0.0591821 0.183052 0.025757 
0.00596613 0.000192456 0.000192456 0.000192456 0.000192456 0.00404157 0.00404157 0.329292 0.0502309 0.0444573 0.000192456 0.000192456 0.000192456 0.107968 0.156082 0.296574 
0.141469 0.00107991 0.00107991 0.11987 0.00107991 0.00107991 0.00107991 0.00107991 0.530238 0.13067 0.00107991 0.00107991 0.0226782 0.0442765 0.00107991 0.00107991 
0.000701262 0.000701262 0.0147265 0.000701262 0.000701262 0.000701262 0.00771388 0.000701262 0.701964 0.000701262 0.000701262 0.000701262 0.000701262 0.000701262 0.267181 0.000701262 
0.77048 0.000706215 0.000706215 0.000706215 0.000706215 0.000706215 0.0148305 0.000706215 0.000706215 0.000706215 0.0360169 0.000706215 0.000706215 0.000706215 0.170198 0.000706215 
0.000215703 0.000215703 0.019629 0.000215703 0.0562985 0.0519845 0.00452977 0.000215703 0.000215703 0.215919 0.504961 0.000215703 0.000215703 0.00884383 0.136109 0.000215703 
0.000137627 0.000137627 0.000137627 0.000137627 0.000137627 0.0015139 0.000137627 0.000137627 0.000137627 0.0992293 0.000137627 0.000137627 0.000137627 0.140517 0.545142 0.212084 
0.0840309 0.000321958 0.0743722 0.000321958 0.000321958 0.00354153 0.000321958 0.000321958 0.663554 0.000321958 0.0260786 0.000321958 0.0357373 0.000321958 0.000321958 0.109788 
0.00280899 0.00280899 0.00280899 0.0308989 0.00280899 0.00280899 0.00280899 0.199438 0.00280899 0.00280899 0.00280899 0.00280899 0.536517 0.00280899 0.199438 0.00280899 
0.116541 0.0037594 0.0037594 0.0037594 0.0037594 0.0789474 0.0037594 0.0037594 0.342105 0.0037594 0.0037594 0.0037594 0.0037594 0.0037594 0.0037594 0.417293 
0.0236052 0.00214592 0.0665236 0.00214592 0.0665236 0.00214592 0.345494 0.00214592 0.0450644 0.195279 0.0236052 0.00214592 0.130901 0.0665236 0.00214592 0.0236052 
0.000165673 0.000165673 0.000165673 0.00347913 0.0233598 0.000165673 0.000165673 0.497184 0.000165673 0.12939 0.000165673 0.0117628 0.000165673 0.0879722 0.0929423 0.152584 
0.000142328 0.000142328 0.000142328 0.000142328 0.000142328 0.000142328 0.000142328 0.000142328 0.000142328 0.000142328 0.000142328 0.00156561 0.000142328 0.000142328 0.993595 0.0029889 
0.0913236 0.00403856 0.000130276 0.000130276 0.0118551 0.00534132 0.00403856 0.0496352 0.000130276 0.105654 0.000130276 0.000130276 0.479547 0.0574518 0.000130276 0.190334 
0.000160359 0.000160359 0.000160359 0.000160359 0.000160359 0.000160359 0.000160359 0.000160359 0.0129891 0.000160359 0.000160359 0.000160359 0.000160359 0.000160359 0.306446 0.67848 
0.00416998 0.00019857 0.00218427 0.00019857 0.677323 0.00019857 0.00019857 0.00019857 0.00019857 0.224583 0.00615568 0.00019857 0.00019857 0.00019857 0.00019857 0.0835981 
0.000169319 0.0137149 0.000169319 0.000169319 0.000169319 0.000169319 0.000169319 0.000169319 0.47257 0.0357264 0.000169319 0.000169319 0.128852 0.218591 0.0526583 0.076363 
0.400726 0.497579 0.00121065 0.00121065 0.00121065 0.00121065 0.00121065 0.0133172 0.00121065 0.00121065 0.00121065 0.00121065 0.0496368 0.00121065 0.0254237 0.00121065 
0.00124069 0.00124069 0.00124069 0.373449 0.137717 0.00124069 0.12531 0.00124069 0.00124069 0.0260546 0.0136476 0.00124069 0.299007 0.00124069 0.00124069 0.0136476 
0.000133583 0.000133583 0.00547689 0.000133583 0.411568 0.000133583 0.000133583 0.000133583 0.000133583 0.0482234 0.00146941 0.000133583 0.000133583 0.0802832 0.374165 0.0776115 
0.137168 0.00442478 0.00442478 0.00442478 0.00442478 0.00442478 0.00442478 0.00442478 0.00442478 0.0486726 0.00442478 0.00442478 0.00442478 0.00442478 0.00442478 0.756637 
0.000984252 0.0108268 0.0206693 0.000984252 0.000984252 0.000984252 0.000984252 0.0305118 0.000984252 0.000984252 0.000984252 0.000984252 0.53248 0.0698819 0.325787 0.000984252 
0.0251196 0.00119617 0.0131579 0.288278 0.09689 0.00119617 0.00119617 0.00119617 0.348086 0.00119617 0.0131579 0.00119617 0.156699 0.00119617 0.0131579 0.0370813 
0.00125628 0.00125628 0.00125628 0.177136 0.277638 0.0138191 0.00125628 0.00125628 0.177136 0.0263819 0.00125628 0.00125628 0.315327 0.00125628 0.00125628 0.00125628 
0.00111607 0.00111607 0.00111607 0.246652 0.00111607 0.00111607 0.00111607 0.00111607 0.36942 0.246652 0.00111607 0.00111607 0.101562 0.0122768 0.0122768 0.00111607 
0.00273224 0.00273224 0.00273224 0.00273224 0.00273224 0.193989 0.00273224 0.00273224 0.357923 0.00273224 0.00273224 0.00273224 0.303279 0.0300546 0.0846995 0.00273224 
0.000626566 0.000626566 0.000626566 0.000626566 0.176065 0.000626566 0.0695489 0.000626566 0.000626566 0.0131579 0.000626566 0.000626566 0.232456 0.483083 0.0194236 0.000626566 
0.000441306 0.00926743 0.00926743 0.000441306 0.000441306 0.000441306 0.00485437 0.000441306 0.0622242 0.274051 0.0180936 0.000441306 0.349073 0.265225 0.00485437 0.000441306 
0.000145433 0.000145433 0.000145433 0.000145433 0.000145433 0.000145433 0.000145433 0.000145433 0.410268 0.0379581 0.00159977 0.000145433 0.147033 0.120855 0.280832 0.000145433 
0.000216638 0.000216638 0.000216638 0.000216638 0.000216638 0.000216638 0.00238302 0.000216638 0.000216638 0.0175477 0.00454939 0.000216638 0.0110485 0.128033 0.834272 0.000216638 
0.302172 0.00291314 0.000264831 0.00556144 0.000264831 0.000264831 0.000264831 0.000264831 0.556409 0.0214513 0.000264831 0.000264831 0.000264831 0.0108581 0.0982521 0.000264831 
0.000295334 0.000295334 0.000295334 0.000295334 0.000295334 0.000295334 0.000295334 0.000295334 0.254282 0.000295334 0.00620201 0.000295334 0.570289 0.165682 0.000295334 0.000295334 
0.073549 0.0235157 0.000166778 0.145264 0.00183456 0.000166778 0.000166778 0.000166778 0.490494 0.000166778 0.0368579 0.0268512 0.00183456 0.115243 0.0802201 0.00350233 
0.505597 0.00186567 0.00186567 0.132463 0.0578358 0.00186567 0.00186567 0.00186567 0.225746 0.00186567 0.0205224 0.00186567 0.00186567 0.0391791 0.00186567 0.00186567 
0.000417362 0.000417362 0.000417362 0.0546745 0.000417362 0.000417362 0.000417362 0.284224 0.000417362 0.000417362 0.000417362 0.000417362 0.213272 0.309265 0.0964107 0.03798 
0.000651042 0.000651042 0.000651042 0.078776 0.000651042 0.000651042 0.000651042 0.000651042 0.703776 0.000651042 0.000651042 0.000651042 0.000651042 0.0136719 0.000651042 0.195964 
0.000391236 0.000391236 0.000391236 0.368153 0.368153 0.000391236 0.000391236 0.000391236 0.000391236 0.0864632 0.000391236 0.000391236 0.000391236 0.000391236 0.172535 0.000391236 
0.629105 0.000566251 0.000566251 0.000566251 0.000566251 0.000566251 0.000566251 0.00622877 0.000566251 0.351642 0.00622877 0.000566251 0.000566251 0.000566251 0.000566251 0.000566251 
0.0873592 0.00018162 0.00018162 0.049219 0.00018162 0.00199782 0.00018162 0.0510352 0.515983 0.0455866 0.00018162 0.00018162 0.0274246 0.0455866 0.00018162 0.174537 
0.212185 0.00210084 0.00210084 0.00210084 0.296218 0.00210084 0.00210084 0.00210084 0.00210084 0.128151 0.00210084 0.0231092 0.317227 0.00210084 0.00210084 0.00210084 
0.00029274 0.00029274 0.328162 0.0324941 0.00029274 0.00029274 0.0149297 0.00029274 0.00322014 0.00029274 0.00029274 0.00029274 0.328162 0.00322014 0.117389 0.170082 
0.0001343 0.00819232 0.0001343 0.0014773 0.0108783 0.0001343 0.0001343 0.0001343 0.296938 0.158609 0.0001343 0.0014773 0.00550631 0.0256514 0.0001343 0.49033 
0.0133729 6.05107e-05 6.05107e-05 0.0587559 6.05107e-05 6.05107e-05 6.05107e-05 6.05107e-05 6.05107e-05 0.13863 0.481726 6.05107e-05 0.0230546 0.102324 0.177357 0.00429626 
0.00245207 0.000222916 0.439367 0.000222916 0.000222916 0.000222916 0.000222916 0.00245207 0.000222916 0.00245207 0.000222916 0.00468123 0.000222916 0.000222916 0.214222 0.332367 
0.000586166 0.000586166 0.000586166 0.00644783 0.000586166 0.000586166 0.000586166 0.152989 0.258499 0.000586166 0.000586166 0.000586166 0.0826495 0.211606 0.0885111 0.194021 
0.00326797 0.00326797 0.591503 0.00326797 0.00326797 0.00326797 0.00326797 0.00326797 0.00326797 0.00326797 0.00326797 0.00326797 0.00326797 0.362745 0.00326797 0.00326797 
0.163084 0.000307125 0.000307125 0.0709459 0.00337838 0.000307125 0.0371622 0.000307125 0.000307125 0.000307125 0.000307125 0.000307125 0.000307125 0.614558 0.107801 0.000307125 
0.125044 0.00193458 0.000175871 0.432817 0.000175871 0.000175871 0.000175871 0.000175871 0.10394 0.0634893 0.000175871 0.000175871 0.000175871 0.14439 0.121527 0.00545199 
0.00137741 0.00137741 0.00137741 0.00137741 0.0289256 0.00137741 0.00137741 0.00137741 0.607438 0.0564738 0.00137741 0.0151515 0.27686 0.00137741 0.00137741 0.00137741 
0.000201369 0.0263794 0.000201369 0.175393 0.00422876 0.0142972 0.0243657 0.000201369 0.000201369 0.225735 0.000201369 0.000201369 0.000201369 0.527789 0.000201369 0.000201369 
0.111915 0.000556793 0.000556793 0.000556793 0.000556793 0.000556793 0.000556793 0.00612472 0.652004 0.000556793 0.000556793 0.000556793 0.000556793 0.000556793 0.223274 0.000556793 
0.00546958 0.000133404 0.078842 0.0641676 0.000133404 0.0548292 0.0161419 0.0561633 0.0334845 0.118863 0.292289 0.000133404 0.000133404 0.0801761 0.000133404 0.198906 
0.000170765 0.000170765 0.000170765 0.0684768 0.000170765 0.0155396 0.000170765 0.00187842 0.500512 0.116291 0.013832 0.000170765 0.114583 0.0872609 0.0445697 0.0360314 
0.000108155 0.000108155 0.0249838 0.0357993 0.0055159 0.371079 0.0184945 0.000108155 0.0011897 0.472745 0.000108155 0.000108155 0.0055159 0.0303915 0.02931 0.00443435 
0.000144802 0.000144802 0.000144802 0.000144802 0.000144802 0.000144802 0.000144802 0.000144802 0.000144802 0.000144802 0.000144802 0.000144802 0.000144802 0.000144802 0.997828 0.000144802 
0.000711238 0.00782361 0.000711238 0.000711238 0.000711238 0.192745 0.185633 0.000711238 0.000711238 0.014936 0.0789474 0.107397 0.000711238 0.000711238 0.135846 0.270982 
0.00510204 0.00510204 0.00510204 0.209184 0.209184 0.413265 0.00510204 0.00510204 0.00510204 0.107143 0.00510204 0.00510204 0.00510204 0.00510204 0.00510204 0.00510204 
0.00866463 0.000169895 0.000169895 0.0970099 0.000169895 0.000169895 0.000169895 0.319572 0.156473 0.00186884 0.000169895 0.000169895 0.000169895 0.00186884 0.103806 0.309378 
0.000123671 0.000123671 0.000123671 0.256122 0.450284 0.000123671 0.0063072 0.00878061 0.000123671 0.000123671 0.173262 0.000123671 0.000123671 0.0396982 0.0644324 0.000123671 
0.00943396 0.00943396 0.00943396 0.00943396 0.00943396 0.764151 0.00943396 0.103774 0.00943396 0.00943396 0.00943396 0.00943396 0.00943396 0.00943396 0.00943396 0.00943396 
0.00462963 0.143519 0.00462963 0.00462963 0.00462963 0.560185 0.00462963 0.00462963 0.00462963 0.236111 0.00462963 0.00462963 0.00462963 0.00462963 0.00462963 0.00462963 
0.00326797 0.00326797 0.00326797 0.297386 0.00326797 0.656863 0.00326797 0.00326797 0.00326797 0.00326797 0.00326797 0.00326797 0.00326797 0.00326797 0.00326797 0.00326797 
0.000400641 0.000400641 0.0164263 0.000400641 0.777644 0.000400641 0.000400641 0.000400641 0.000400641 0.0284455 0.0204327 0.0324519 0.000400641 0.000400641 0.000400641 0.120593 
0.000165948 0.000165948 0.098075 0.171092 0.000165948 0.649021 0.000165948 0.000165948 0.000165948 0.000165948 0.000165948 0.000165948 0.000165948 0.0781613 0.000165948 0.00182542 
0.00462963 0.00462963 0.00462963 0.00462963 0.00462963 0.00462963 0.00462963 0.00462963 0.00462963 0.00462963 0.00462963 0.00462963 0.00462963 0.00462963 0.00462963 0.930556 
0.000138007 0.000138007 0.000138007 0.0622412 0.000138007 0.000138007 0.00151808 0.000138007 0.386558 0.00151808 0.000138007 0.000138007 0.000138007 0.00703837 0.129865 0.410019 
0.00316456 0.00316456 0.00316456 0.00316456 0.0664557 0.667722 0.00316456 0.00316456 0.00316456 0.0348101 0.0348101 0.00316456 0.129747 0.0348101 0.00316456 0.00316456 
0.0359477 0.0359477 0.0686275 0.00326797 0.00326797 0.297386 0.00326797 0.133987 0.00326797 0.00326797 0.00326797 0.101307 0.00326797 0.00326797 0.00326797 0.297386 
0.00537634 0.00537634 0.00537634 0.00537634 0.00537634 0.758065 0.00537634 0.00537634 0.0591398 0.00537634 0.00537634 0.0591398 0.00537634 0.00537634 0.0591398 0.00537634 
0.00316456 0.00316456 0.00316456 0.00316456 0.00316456 0.414557 0.00316456 0.00316456 0.00316456 0.00316456 0.446203 0.00316456 0.0348101 0.00316456 0.0664557 0.00316456 
0.209751 0.000327225 0.000327225 0.0919503 0.000327225 0.000327225 0.114856 0.000327225 0.448626 0.000327225 0.000327225 0.000327225 0.00359948 0.000327225 0.127945 0.000327225 
0.000508647 0.102238 0.000508647 0.356562 0.000508647 0.0717192 0.0208545 0.000508647 0.443032 0.000508647 0.000508647 0.000508647 0.000508647 0.000508647 0.000508647 0.000508647 
0.00289017 0.147399 0.00289017 0.263006 0.118497 0.436416 0.00289017 0.00289017 0.00289017 0.00289017 0.00289017 0.00289017 0.00289017 0.00289017 0.00289017 0.00289017 
0.00973633 0.745706 6.04741e-05 6.04741e-05 6.04741e-05 0.00308418 6.04741e-05 6.04741e-05 6.04741e-05 6.04741e-05 6.04741e-05 6.04741e-05 6.04741e-05 6.04741e-05 0.240747 6.04741e-05 
0.0236052 0.195279 0.00214592 0.409871 0.00214592 0.259657 0.00214592 0.00214592 0.0665236 0.00214592 0.00214592 0.00214592 0.00214592 0.00214592 0.0236052 0.00214592 
0.115447 0.0406389 0.000202184 0.0224424 0.00424586 0.0750101 0.00222402 0.000202184 0.0204205 0.000202184 0.511727 0.000202184 0.000202184 0.000202184 0.206429 0.000202184 
0.10473 0.00337838 0.00337838 0.00337838 0.00337838 0.00337838 0.00337838 0.00337838 0.442568 0.00337838 0.408784 0.00337838 0.00337838 0.00337838 0.00337838 0.00337838 
0.167042 0.0881425 0.000225428 0.000225428 0.000225428 0.318079 0.000225428 0.000225428 0.320334 0.00473399 0.000225428 0.000225428 0.000225428 0.000225428 0.0994139 0.000225428 
0.00735294 0.00735294 0.00735294 0.00735294 0.00735294 0.522059 0.154412 0.00735294 0.227941 0.00735294 0.00735294 0.00735294 0.00735294 0.00735294 0.00735294 0.00735294 
0.27403 0.000126807 0.000126807 0.0128075 0.000126807 0.000126807 0.488334 0.000126807 0.000126807 0.223307 0.000126807 0.000126807 0.000126807 0.000126807 0.000126807 0.000126807 
0.00165017 0.00165017 0.00165017 0.19967 0.00165017 0.00165017 0.00165017 0.00165017 0.232673 0.00165017 0.00165017 0.0181518 0.00165017 0.183168 0.348185 0.00165017 
0.00485437 0.00485437 0.00485437 0.150485 0.199029 0.00485437 0.00485437 0.00485437 0.00485437 0.00485437 0.34466 0.00485437 0.00485437 0.00485437 0.199029 0.0533981 
0.0922619 0.00297619 0.00297619 0.00297619 0.00297619 0.00297619 0.00297619 0.00297619 0.181548 0.0625 0.330357 0.00297619 0.21131 0.0625 0.0327381 0.00297619 
0.915541 0.00337838 0.00337838 0.00337838 0.00337838 0.00337838 0.00337838 0.00337838 0.00337838 0.00337838 0.0371622 0.00337838 0.00337838 0.00337838 0.00337838 0.00337838 
0.00537634 0.00537634 0.00537634 0.00537634 0.00537634 0.596774 0.00537634 0.00537634 0.22043 0.0591398 0.00537634 0.00537634 0.0591398 0.00537634 0.00537634 0.00537634 
0.350257 0.000183284 0.000183284 0.0808284 0.000183284 0.533541 0.000183284 0.000183284 0.000183284 0.000183284 0.000183284 0.000183284 0.000183284 0.000183284 0.0331745 0.000183284 
0.712838 0.00337838 0.00337838 0.0709459 0.0709459 0.00337838 0.00337838 0.00337838 0.0371622 0.00337838 0.00337838 0.00337838 0.00337838 0.00337838 0.00337838 0.0709459 
0.181034 0.00862069 0.00862069 0.00862069 0.00862069 0.698276 0.00862069 0.00862069 0.00862069 0.00862069 0.00862069 0.00862069 0.00862069 0.00862069 0.00862069 0.00862069 
0.198718 0.00641026 0.00641026 0.00641026 0.0705128 0.519231 0.00641026 0.00641026 0.00641026 0.00641026 0.00641026 0.00641026 0.134615 0.00641026 0.00641026 0.00641026 
0.0034965 0.0034965 0.0034965 0.0034965 0.0034965 0.842657 0.0384615 0.0034965 0.0034965 0.0384615 0.0034965 0.0034965 0.0034965 0.0034965 0.0034965 0.0384615 
0.00442478 0.49115 0.00442478 0.0486726 0.00442478 0.00442478 0.00442478 0.00442478 0.00442478 0.00442478 0.00442478 0.00442478 0.00442478 0.00442478 0.00442478 0.402655 
0.0034965 0.0034965 0.0034965 0.0034965 0.283217 0.423077 0.0034965 0.0034965 0.0034965 0.213287 0.0034965 0.0384615 0.0034965 0.0034965 0.0034965 0.0034965 
0.000144802 0.000144802 0.000144802 0.000144802 0.000144802 0.00738488 0.462062 0.000144802 0.159427 0.000144802 0.000144802 0.0262091 0.000144802 0.000144802 0.102954 0.240515 
