0.004184 0.004184 0.991632 
0.002865 0.002865 0.994269 
0.006834 0.002278 0.990888 
0.001616 0.001616 0.996769 
0.000432 0.001295 0.998274 
0.000220 0.000220 0.999560 
0.000184 0.000552 0.999263 
0.000153 0.000153 0.999694 
0.000454 0.001363 0.998183 
0.000148 0.000148 0.999703 
0.000324 0.000324 0.999351 
0.000106 0.000106 0.999788 
0.000104 0.000311 0.999586 
0.034533 0.000275 0.965192 
0.243891 0.000067 0.756042 
0.382278 0.000054 0.617668 
0.384690 0.000054 0.615257 
0.380330 0.000053 0.619617 
0.392113 0.000157 0.607730 
0.513416 0.000201 0.486383 
0.517674 0.000039 0.482287 
0.535039 0.000265 0.464696 
0.586362 0.000033 0.413606 
0.583759 0.000163 0.416078 
0.583943 0.022432 0.393625 
0.564267 0.055922 0.379812 
0.523416 0.153628 0.322956 
0.515843 0.156954 0.327202 
0.497137 0.178420 0.324443 
0.500013 0.182994 0.316993 
0.500360 0.191061 0.308580 
0.473261 0.225301 0.301438 
0.459695 0.254523 0.285782 
0.460259 0.249724 0.290017 
0.463503 0.249183 0.287314 
0.448861 0.270211 0.280928 
0.451316 0.276661 0.272023 
0.449191 0.277590 0.273220 
0.427539 0.304902 0.267559 
0.407897 0.348028 0.244075 
0.392701 0.355433 0.251866 
0.394525 0.365137 0.240338 
0.385591 0.371339 0.243070 
0.359700 0.413114 0.227187 
0.366464 0.403611 0.229925 
0.351342 0.427698 0.220960 
0.338395 0.447192 0.214413 
0.331431 0.462575 0.205994 
