0.00929355 0.00081304 0.304415 0.18908 0.173815 0.148374 0.00081304 0.00081304 0.0126858 0.00081304 0.00081304 0.0228624 0.00250914 0.00250914 0.0313429 0.00081304 0.00081304 0.00081304 0.00590135 0.0907064 
0.00669614 0.160355 0.00669614 0.0206651 0.00669614 0.104479 0.00669614 0.160355 0.00669614 0.00669614 0.0206651 0.00669614 0.00669614 0.118448 0.0206651 0.0905101 0.00669614 0.00669614 0.2302 0.00669614 
0.0138793 0.00449733 0.00449733 0.00449733 0.0795533 0.351631 0.00449733 0.0514073 0.0701713 0.00449733 0.0138793 0.00449733 0.0420253 0.00449733 0.0138793 0.00449733 0.0232613 0.0138793 0.285957 0.00449733 
0.0121089 0.163673 0.0121089 0.0626304 0.0121089 0.315238 0.0121089 0.0121089 0.0121089 0.0121089 0.0121089 0.0121089 0.0121089 0.0626304 0.163673 0.0121089 0.0626304 0.0121089 0.0121089 0.0121089 
0.0140108 0.212899 0.00453993 0.0140108 0.00453993 0.421257 0.00453993 0.0518942 0.0424233 0.0140108 0.00453993 0.00453993 0.0424233 0.0140108 0.00453993 0.00453993 0.00453993 0.0518942 0.0803067 0.00453993 
0.0102895 0.267871 0.182011 0.0317546 0.0317546 0.0102895 0.0102895 0.0102895 0.13908 0.0102895 0.0102895 0.0102895 0.0102895 0.0102895 0.0102895 0.0317546 0.0746849 0.0102895 0.117615 0.0102895 
0.00244689 0.0669537 0.00244689 0.286939 0.00410091 0.0173331 0.349791 0.00410091 0.00575493 0.086802 0.00740895 0.00906297 0.0156791 0.000792868 0.012371 0.00244689 0.103342 0.0206411 0.000792868 0.000792868 
0.000944386 0.0561073 0.00291449 0.337832 0.0167052 0.0048846 0.188104 0.00291449 0.000944386 0.0856589 0.000944386 0.012765 0.012765 0.0206454 0.0364063 0.000944386 0.130971 0.0048846 0.000944386 0.0817187 
0.00753086 0.566914 0.000658832 0.215066 0.00203324 0.092744 0.000658832 0.00203324 0.00340764 0.00890527 0.00615646 0.0185261 0.00615646 0.000658832 0.0157773 0.0102797 0.0212749 0.00615646 0.0116541 0.00340764 
0.00594832 0.241718 0.0307662 0.00594832 0.00594832 0.0183572 0.055584 0.0431751 0.0183572 0.00594832 0.00594832 0.0431751 0.00594832 0.0307662 0.254127 0.0307662 0.00594832 0.0307662 0.154855 0.00594832 
0.0448445 0.0448445 0.00617832 0.147954 0.160843 0.315508 0.0448445 0.019067 0.00617832 0.019067 0.00617832 0.00617832 0.0319558 0.019067 0.00617832 0.0448445 0.00617832 0.0577332 0.00617832 0.00617832 
0.0480074 0.0269098 0.0151888 0.376194 0.0105005 0.221477 0.00346789 0.00581208 0.0011237 0.0315981 0.0011237 0.0011237 0.0011237 0.0011237 0.0433191 0.0011237 0.00581208 0.176938 0.00815627 0.0198772 
0.0136237 0.0044145 0.0136237 0.0136237 0.0044145 0.685895 0.0228329 0.0044145 0.0136237 0.0044145 0.0228329 0.0136237 0.0044145 0.0044145 0.0504605 0.0228329 0.0044145 0.0688788 0.0136237 0.0136237 
0.0194963 0.0194963 0.0601679 0.0194963 0.0194963 0.0194963 0.0601679 0.10084 0.0194963 0.0194963 0.0601679 0.0194963 0.0194963 0.0601679 0.0194963 0.0194963 0.304198 0.0601679 0.0194963 0.0601679 
0.000652554 0.00473648 0.0224335 0.523395 0.00337517 0.0428531 0.0074591 0.00201386 0.011543 0.000652554 0.000652554 0.0169883 0.0074591 0.000652554 0.218462 0.113641 0.000652554 0.0197109 0.00201386 0.000652554 
0.0050679 0.301091 0.0156402 0.0579292 0.0050679 0.089646 0.0579292 0.0156402 0.0367847 0.258802 0.0156402 0.0050679 0.0050679 0.0156402 0.0050679 0.0367847 0.0050679 0.0050679 0.0050679 0.0579292 
0.00148598 0.00148598 0.00148598 0.271181 0.00458592 0.0913842 0.051085 0.00458592 0.00148598 0.0107858 0.0107858 0.00148598 0.00148598 0.00148598 0.00148598 0.00148598 0.00458592 0.522275 0.0138857 0.00148598 
0.00282662 0.0912767 0.215107 0.29766 0.00282662 0.114863 0.00282662 0.00282662 0.00872329 0.0264133 0.00282662 0.00872329 0.00282662 0.00282662 0.00282662 0.00282662 0.0794834 0.03231 0.0912767 0.00872329 
0.00912914 0.0533139 0.112227 0.178504 0.0128112 0.462022 0.00912914 0.00544708 0.00912914 0.00912914 0.00176502 0.00176502 0.00176502 0.00912914 0.00176502 0.00176502 0.0164933 0.0974986 0.00544708 0.00176502 
0.0163308 0.0163308 0.0163308 0.126722 0.0163308 0.038409 0.00529168 0.00529168 0.00529168 0.00529168 0.00529168 0.00529168 0.00529168 0.0163308 0.00529168 0.678676 0.00529168 0.00529168 0.00529168 0.0163308 
0.0324512 0.0105152 0.0105152 0.0982592 0.0324512 0.0105152 0.0105152 0.0105152 0.0543872 0.0324512 0.0105152 0.0105152 0.0543872 0.0105152 0.0324512 0.0105152 0.0105152 0.536979 0.0105152 0.0105152 
0.00553613 0.00553613 0.00553613 0.190321 0.00553613 0.190321 0.00553613 0.00553613 0.0517324 0.00553613 0.00553613 0.0286342 0.00553613 0.0170852 0.00553613 0.0401833 0.00553613 0.386655 0.00553613 0.0286342 
0.0671596 0.0303891 0.00587541 0.00587541 0.0303891 0.140701 0.0671596 0.00587541 0.116187 0.0181322 0.0794164 0.00587541 0.140701 0.0181322 0.0303891 0.0426459 0.0549027 0.0426459 0.0671596 0.0303891 
0.112066 0.0293113 0.0293113 0.0174892 0.00566703 0.218465 0.0647777 0.00566703 0.0529555 0.00566703 0.0884219 0.0647777 0.0647777 0.0293113 0.0293113 0.0529555 0.0293113 0.0411334 0.0529555 0.00566703 
0.000853577 0.00797625 0.0240023 0.294664 0.00619558 0.486976 0.000853577 0.000853577 0.0257829 0.0346863 0.00975691 0.0133182 0.0275636 0.000853577 0.00263424 0.00975691 0.000853577 0.0257829 0.0204409 0.00619558 
0.0248268 0.377252 0.00804465 0.108737 0.00804465 0.0248268 0.00804465 0.00804465 0.0583911 0.00804465 0.0919553 0.0248268 0.00804465 0.0248268 0.108737 0.0248268 0.0416089 0.0248268 0.00804465 0.00804465 
0.00518852 0.00518852 0.100627 0.355628 0.000714833 0.00966222 0.0126447 0.00518852 0.00966222 0.000714833 0.00220606 0.000714833 0.00220606 0.000714833 0.0394868 0.000714833 0.00966222 0.00667976 0.120013 0.312382 
0.00391034 0.0283827 0.0283827 0.00391034 0.00391034 0.06917 0.085485 0.00391034 0.0365402 0.0773275 0.00391034 0.0528551 0.0283827 0.085485 0.00391034 0.0773275 0.0365402 0.191532 0.175217 0.00391034 
0.0107522 0.105238 0.345086 0.00348403 0.0107522 0.0180203 0.00348403 0.0180203 0.0252884 0.00348403 0.00348403 0.0761652 0.0325565 0.0470928 0.0107522 0.257868 0.0107522 0.00348403 0.0107522 0.00348403 
0.0127532 0.119173 0.0393581 0.0127532 0.0127532 0.225592 0.0127532 0.0127532 0.0127532 0.0127532 0.0659629 0.0127532 0.0127532 0.0127532 0.0127532 0.0127532 0.0393581 0.278802 0.0393581 0.0393581 
0.032373 0.123772 0.019316 0.019316 0.019316 0.202114 0.00625899 0.04543 0.019316 0.00625899 0.00625899 0.019316 0.00625899 0.019316 0.0584871 0.00625899 0.00625899 0.319627 0.04543 0.019316 
0.00105449 0.00105449 0.00985368 0.309026 0.00105449 0.00765389 0.603799 0.0142533 0.00325429 0.00105449 0.00105449 0.00325429 0.00105449 0.00545409 0.0208527 0.00985368 0.00105449 0.00325429 0.00105449 0.00105449 
0.0203916 0.300026 0.0121671 0.0450653 0.0121671 0.086188 0.00394251 0.0121671 0.00394251 0.0286162 0.0203916 0.00394251 0.0121671 0.0203916 0.0286162 0.0697389 0.00394251 0.258904 0.0121671 0.0450653 
0.093615 0.00799048 0.0008551 0.154266 0.00263894 0.0008551 0.0008551 0.0276128 0.0008551 0.0383158 0.00977432 0.00263894 0.0008551 0.00977432 0.548495 0.0258289 0.013342 0.0525866 0.00263894 0.00620663 
0.00604839 0.00195987 0.0142254 0.026491 0.00604839 0.72154 0.00195987 0.0101369 0.018314 0.00604839 0.0101369 0.00195987 0.00195987 0.0142254 0.0101369 0.00195987 0.018314 0.124616 0.00195987 0.00195987 
0.019316 0.189057 0.019316 0.019316 0.00625899 0.019316 0.00625899 0.00625899 0.019316 0.0976581 0.019316 0.00625899 0.00625899 0.00625899 0.0584871 0.00625899 0.30657 0.0584871 0.019316 0.110715 
0.0068886 0.0356295 0.05 0.179334 0.0068886 0.294298 0.0068886 0.0068886 0.0068886 0.0643705 0.0068886 0.0068886 0.0643705 0.0212591 0.0212591 0.0212591 0.0068886 0.0212591 0.0068886 0.164964 
0.00120871 0.0314669 0.0289454 0.0692896 0.00877325 0.0718111 0.374393 0.0163378 0.00373022 0.00120871 0.00373022 0.00625174 0.00625174 0.0239023 0.0289454 0.00120871 0.0390314 0.190322 0.0894617 0.00373022 
0.016859 0.198652 0.0586874 0.0281205 0.0216854 0.0200766 0.000771184 0.00881511 0.00237997 0.00237997 0.0409908 0.000771184 0.105342 0.000771184 0.290352 0.0458172 0.0265117 0.00559754 0.124648 0.000771184 
0.0244731 0.0755269 0.0244731 0.0244731 0.0244731 0.432904 0.0244731 0.0244731 0.0244731 0.0244731 0.0755269 0.0244731 0.0244731 0.0244731 0.0244731 0.0244731 0.0244731 0.0244731 0.0244731 0.0244731 
0.00517737 0.00517737 0.199589 0.329196 0.00517737 0.264393 0.0375793 0.00517737 0.00517737 0.015978 0.015978 0.00517737 0.00517737 0.00517737 0.015978 0.015978 0.015978 0.00517737 0.00517737 0.0375793 
0.010092 0.00327012 0.0714889 0.180639 0.00327012 0.392117 0.187461 0.00327012 0.0510233 0.00327012 0.00327012 0.010092 0.00327012 0.0578452 0.00327012 0.00327012 0.00327012 0.00327012 0.00327012 0.00327012 
0.051749 0.0167683 0.0167683 0.051749 0.051749 0.261633 0.0167683 0.0167683 0.0167683 0.051749 0.0167683 0.0167683 0.051749 0.051749 0.051749 0.0867298 0.0167683 0.121711 0.0167683 0.0167683 
0.0131018 0.0404338 0.204426 0.0131018 0.0131018 0.0677658 0.0131018 0.0131018 0.0131018 0.0677658 0.0131018 0.0131018 0.0131018 0.0404338 0.0131018 0.0131018 0.0131018 0.341086 0.0131018 0.0677658 
0.00234305 0.0707735 0.0609978 0.00234305 0.0170067 0.349383 0.0316704 0.00234305 0.0903251 0.00234305 0.00234305 0.00234305 0.00234305 0.00234305 0.0658856 0.00234305 0.00234305 0.00234305 0.261401 0.0267825 
0.00791187 0.00791187 0.123448 0.0904376 0.00791187 0.0739325 0.00791187 0.00791187 0.0409222 0.0409222 0.00791187 0.00791187 0.00791187 0.00791187 0.00791187 0.123448 0.00791187 0.404035 0.00791187 0.00791187 
0.00302883 0.110531 0.00425044 0.000585592 0.00302883 0.0115801 0.000585592 0.0128018 0.000585592 0.00547206 0.00180721 0.00913691 0.00180721 0.0189098 0.00302883 0.494119 0.000585592 0.263233 0.0543367 0.000585592 
0.000498507 0.0566557 0.0254572 0.338481 0.0119379 0.438316 0.0379366 0.0025784 0.0192176 0.00361835 0.0368967 0.00153845 0.0129779 0.000498507 0.00985803 0.000498507 0.000498507 0.000498507 0.00153845 0.000498507 
0.0109977 0.0339402 0.0109977 0.0109977 0.0568828 0.0109977 0.492791 0.102768 0.0339402 0.0109977 0.0109977 0.0109977 0.0568828 0.0109977 0.0109977 0.0109977 0.0109977 0.0109977 0.0568828 0.0339402 
0.00135188 0.00135188 0.066216 0.153642 0.00135188 0.551287 0.0464748 0.0267335 0.00417206 0.035194 0.00135188 0.00699224 0.00417206 0.00699224 0.00981242 0.0210931 0.00135188 0.0154528 0.0154528 0.0295537 
0.00079948 0.0191454 0.00413511 0.134225 0.00079948 0.00079948 0.00580292 0.00079948 0.00079948 0.00246729 0.00079948 0.00246729 0.00079948 0.00079948 0.00079948 0.766326 0.0241489 0.0308201 0.00246729 0.00079948 
0.00328137 0.000634418 0.0654846 0.097248 0.000634418 0.0694551 0.000634418 0.00725179 0.00460484 0.000634418 0.000634418 0.436057 0.0125457 0.000634418 0.248124 0.000634418 0.00328137 0.000634418 0.0456325 0.00195789 
0.000757774 0.0134043 0.0197275 0.272657 0.00233858 0.528748 0.0134043 0.000757774 0.00391939 0.00391939 0.0181467 0.0055002 0.000757774 0.000757774 0.00233858 0.10193 0.00233858 0.00391939 0.00391939 0.000757774 
0.0167683 0.051749 0.0167683 0.0167683 0.051749 0.121711 0.156691 0.0867298 0.0167683 0.0167683 0.0167683 0.121711 0.0167683 0.0167683 0.0167683 0.121711 0.0167683 0.0167683 0.0167683 0.0867298 
0.0162016 0.0162016 0.0837984 0.117597 0.0162016 0.0162016 0.05 0.0837984 0.0162016 0.05 0.0162016 0.0162016 0.0162016 0.0162016 0.0837984 0.0837984 0.05 0.185194 0.05 0.0162016 
0.00372788 0.0115047 0.00372788 0.58699 0.0115047 0.00372788 0.0970498 0.0192815 0.00372788 0.0348352 0.00372788 0.0115047 0.0115047 0.00372788 0.00372788 0.0270584 0.0115047 0.00372788 0.104827 0.042612 
0.000919037 0.0661047 0.0143396 0.41504 0.000919037 0.0450152 0.00283626 0.00283626 0.000919037 0.0162568 0.000919037 0.00283626 0.000919037 0.00475349 0.0507669 0.000919037 0.000919037 0.000919037 0.00283626 0.369026 
0.010569 0.00204341 0.00204341 0.428324 0.00204341 0.0361459 0.394222 0.00204341 0.0190946 0.00630622 0.00630622 0.00630622 0.00204341 0.0404087 0.010569 0.00204341 0.00204341 0.00630622 0.0190946 0.00204341 
0.0205731 0.0238702 0.0156274 0.205213 0.000790254 0.389852 0.000790254 0.0271673 0.00738452 0.000790254 0.032113 0.00903309 0.000790254 0.000790254 0.192024 0.0222216 0.00243882 0.00573596 0.0304645 0.0123302 
0.0127532 0.0127532 0.0127532 0.0393581 0.0127532 0.624664 0.0393581 0.0127532 0.0127532 0.0127532 0.0127532 0.0127532 0.0127532 0.0127532 0.0393581 0.0127532 0.0393581 0.0393581 0.0127532 0.0127532 
0.0138594 0.0138594 0.0138594 0.100597 0.0138594 0.0716843 0.302984 0.0138594 0.100597 0.0427719 0.0138594 0.0138594 0.0138594 0.0427719 0.0138594 0.0138594 0.158422 0.0138594 0.0138594 0.0138594 
0.243703 0.0180297 0.0180297 0.0180297 0.093254 0.0180297 0.093254 0.0180297 0.0180297 0.093254 0.0180297 0.0180297 0.130866 0.0180297 0.0556418 0.0180297 0.0556418 0.0180297 0.0180297 0.0180297 
0.00200567 0.0223423 0.0508135 0.152496 0.0277653 0.547026 0.0128518 0.00742876 0.0603039 0.00200567 0.00471722 0.0006499 0.0006499 0.00336144 0.00200567 0.0006499 0.00200567 0.0182749 0.0413231 0.0413231 
0.0131018 0.368418 0.0131018 0.0404338 0.0131018 0.0404338 0.0950978 0.0131018 0.0131018 0.0131018 0.0677658 0.0404338 0.0404338 0.0677658 0.0404338 0.0131018 0.0131018 0.0131018 0.0677658 0.0131018 
0.00425766 0.0309037 0.0131397 0.0841957 0.00425766 0.608234 0.00425766 0.0131397 0.00425766 0.0131397 0.00425766 0.0131397 0.0220217 0.00425766 0.00425766 0.10196 0.00425766 0.00425766 0.0309037 0.0309037 
0.104196 0.0091155 0.0091155 0.161244 0.0091155 0.0661636 0.0091155 0.0091155 0.0091155 0.0091155 0.0091155 0.0091155 0.104196 0.0091155 0.0661636 0.0661636 0.0091155 0.27534 0.0471476 0.0091155 
0.0355725 0.0115266 0.0115266 0.0115266 0.0115266 0.0115266 0.0115266 0.0115266 0.0596184 0.0115266 0.0115266 0.0115266 0.0115266 0.0115266 0.22794 0.0115266 0.0355725 0.468398 0.0115266 0.0115266 
0.0168421 0.0120015 0.00232037 0.147538 0.00232037 0.370204 0.00232037 0.0120015 0.00232037 0.00232037 0.0216827 0.0120015 0.00232037 0.00232037 0.0362044 0.0507261 0.00232037 0.244349 0.0507261 0.00716094 
0.0218882 0.0366839 0.0514796 0.00709244 0.0218882 0.229028 0.184641 0.00709244 0.0218882 0.184641 0.00709244 0.00709244 0.00709244 0.0218882 0.00709244 0.0218882 0.0514796 0.0958667 0.00709244 0.00709244 
0.0132879 0.163352 0.0240068 0.136555 0.00256908 0.0186474 0.0829605 0.0400851 0.00256908 0.00256908 0.00792851 0.0132879 0.0454445 0.0293662 0.077601 0.00256908 0.0186474 0.00256908 0.0400851 0.2759 
0.0156719 0.113752 0.146446 0.0483653 0.0156719 0.179139 0.0156719 0.0156719 0.0156719 0.0156719 0.0156719 0.0810588 0.0156719 0.0156719 0.0483653 0.0483653 0.0810588 0.0156719 0.0156719 0.0810588 
0.0118106 0.0118106 0.0610873 0.0118106 0.0118106 0.282832 0.159641 0.0610873 0.0364489 0.0118106 0.0118106 0.0118106 0.0610873 0.0610873 0.0364489 0.0118106 0.0118106 0.0857256 0.0118106 0.0364489 
0.000684223 0.026377 0.00496635 0.296151 0.00353897 0.561642 0.026377 0.0021116 0.0021116 0.00782109 0.0021116 0.00496635 0.0135306 0.000684223 0.0278043 0.00496635 0.000684223 0.000684223 0.0121032 0.000684223 
0.0898736 0.234869 0.0173761 0.0173761 0.0173761 0.0898736 0.0173761 0.0173761 0.0173761 0.0173761 0.0173761 0.0173761 0.0173761 0.0173761 0.0173761 0.0173761 0.0173761 0.19862 0.0898736 0.0536249 
0.0406508 0.011218 0.000829932 0.357486 0.00602395 0.016412 0.288232 0.0181433 0.00429261 0.00256127 0.000829932 0.00602395 0.0683522 0.00429261 0.0337254 0.00256127 0.108173 0.00429261 0.00429261 0.021606 
0.017744 0.0499153 0.0499153 0.077007 0.00758458 0.00250489 0.000811663 0.00589135 0.0262101 0.00758458 0.0160507 0.000811663 0.000811663 0.00419812 0.578203 0.104099 0.0363695 0.00419812 0.00250489 0.00758458 
0.01471 0.01471 0.01471 0.01471 0.01471 0.01471 0.01471 0.505701 0.01471 0.01471 0.01471 0.045397 0.01471 0.045397 0.01471 0.106771 0.01471 0.01471 0.0760839 0.01471 
0.00496296 0.00496296 0.00496296 0.00496296 0.00496296 0.036023 0.0256696 0.00496296 0.0153163 0.00496296 0.00496296 0.0153163 0.036023 0.36733 0.0463763 0.356977 0.00496296 0.00496296 0.036023 0.0153163 
0.00947588 0.00947588 0.00947588 0.0490116 0.0490116 0.187387 0.24669 0.00947588 0.00947588 0.00947588 0.0490116 0.00947588 0.128083 0.00947588 0.00947588 0.0490116 0.00947588 0.128083 0.00947588 0.00947588 
0.0121089 0.0121089 0.0121089 0.0121089 0.0121089 0.0121089 0.0121089 0.0121089 0.0121089 0.0121089 0.0121089 0.0373696 0.0373696 0.340498 0.0373696 0.0373696 0.113152 0.163673 0.0373696 0.0626304 
0.0510291 0.00986594 0.00986594 0.00986594 0.00986594 0.0921922 0.133355 0.0510291 0.00986594 0.215682 0.0304475 0.00986594 0.00986594 0.00986594 0.1951 0.0510291 0.0510291 0.0304475 0.00986594 0.00986594 
0.00733855 0.200803 0.304977 0.00237792 0.0122992 0.042063 0.0916693 0.00733855 0.00237792 0.0569449 0.00237792 0.0321417 0.0470236 0.0569449 0.0122992 0.0172598 0.0718268 0.00237792 0.0271811 0.00237792 
0.0173761 0.0898736 0.0536249 0.162371 0.0173761 0.162371 0.0173761 0.0173761 0.0173761 0.0173761 0.0173761 0.0173761 0.0173761 0.0173761 0.0536249 0.0536249 0.0173761 0.19862 0.0173761 0.0173761 
0.0124227 0.0124227 0.116084 0.0642534 0.0124227 0.53073 0.0124227 0.0383381 0.0124227 0.0124227 0.0124227 0.0124227 0.0124227 0.0124227 0.0124227 0.0383381 0.0383381 0.0124227 0.0124227 0.0124227 
0.00986594 0.0716106 0.0304475 0.174518 0.00986594 0.00986594 0.00986594 0.0304475 0.00986594 0.0921922 0.0304475 0.215682 0.0510291 0.00986594 0.00986594 0.00986594 0.00986594 0.00986594 0.1951 0.00986594 
0.0577098 0.101766 0.00814682 0.0411888 0.00263982 0.0411888 0.00263982 0.0191608 0.00263982 0.0246678 0.00814682 0.00263982 0.00263982 0.00814682 0.0577098 0.0962588 0.0466958 0.4432 0.0246678 0.00814682 
0.0092922 0.0092922 0.0092922 0.0674462 0.0480615 0.261293 0.0868309 0.0092922 0.0480615 0.0092922 0.0286769 0.0092922 0.0286769 0.0286769 0.0092922 0.0286769 0.1256 0.0092922 0.144985 0.0286769 
0.01347 0.09777 0.01347 0.06967 0.04157 0.06967 0.09777 0.04157 0.01347 0.04157 0.04157 0.01347 0.09777 0.01347 0.15397 0.01347 0.01347 0.01347 0.04157 0.09777 
0.000684223 0.00924847 0.000684223 0.126293 0.000684223 0.00639372 0.00353897 0.0349412 0.000684223 0.00924847 0.00639372 0.000684223 0.0021116 0.000684223 0.154841 0.634438 0.000684223 0.000684223 0.00639372 0.000684223 
0.00926991 0.00926991 0.00300374 0.0155361 0.00300374 0.00300374 0.00300374 0.00926991 0.0280684 0.0280684 0.0280684 0.00300374 0.00300374 0.00300374 0.0343346 0.00300374 0.00926991 0.792541 0.00926991 0.00300374 
0.0468342 0.141809 0.0151757 0.0151757 0.0151757 0.141809 0.0151757 0.0468342 0.110151 0.0151757 0.0468342 0.0784926 0.0151757 0.0151757 0.0151757 0.0151757 0.0151757 0.205126 0.0151757 0.0151757 
0.00384757 0.124245 0.180431 0.0118741 0.00384757 0.148325 0.100166 0.00384757 0.0199006 0.00384757 0.00384757 0.00384757 0.00384757 0.0118741 0.172404 0.0279271 0.00384757 0.0359536 0.124245 0.0118741 
0.0837984 0.117597 0.0162016 0.05 0.05 0.0162016 0.117597 0.05 0.0162016 0.05 0.0162016 0.0162016 0.05 0.0162016 0.0162016 0.0162016 0.0162016 0.218992 0.05 0.0162016 
0.000825643 0.0559423 0.00427043 0.281576 0.000825643 0.502042 0.0576647 0.000825643 0.00599283 0.0611094 0.000825643 0.00254804 0.00943761 0.000825643 0.000825643 0.000825643 0.00427043 0.00599283 0.000825643 0.00254804 
0.0124227 0.0124227 0.0383381 0.0901688 0.0124227 0.0124227 0.0124227 0.0642534 0.0124227 0.142 0.0124227 0.0124227 0.0124227 0.0124227 0.0124227 0.0383381 0.19383 0.245661 0.0383381 0.0124227 
0.00947588 0.167619 0.0292437 0.226922 0.00947588 0.207155 0.0292437 0.0292437 0.00947588 0.0687795 0.00947588 0.00947588 0.00947588 0.0687795 0.0490116 0.00947588 0.0292437 0.00947588 0.00947588 0.00947588 
0.00312108 0.126829 0.00312108 0.00312108 0.00312108 0.0421868 0.00312108 0.016143 0.00312108 0.0747417 0.00963204 0.00312108 0.0486978 0.00312108 0.00312108 0.00312108 0.016143 0.510976 0.113807 0.00963204 
0.000457583 0.134098 0.0071396 0.102597 0.0119125 0.385151 0.0777781 0.0100033 0.0395951 0.000457583 0.00332131 0.00141216 0.00141216 0.0071396 0.00141216 0.00332131 0.000457583 0.0529592 0.155099 0.00427588 
0.000841588 0.0271765 0.000841588 0.215032 0.0131312 0.00786422 0.00961988 0.00259725 0.0219095 0.0043529 0.0043529 0.114959 0.000841588 0.00259725 0.000841588 0.538073 0.0113755 0.000841588 0.0183982 0.0043529 
0.00536802 0.36823 0.0126253 0.0162539 0.00173941 0.0706831 0.0706831 0.00173941 0.00173941 0.0162539 0.00536802 0.00173941 0.0271397 0.0743117 0.0307683 0.00536802 0.00899664 0.161399 0.117855 0.00173941 
0.0611623 0.228597 0.00535074 0.0276754 0.0388377 0.228597 0.0723246 0.0388377 0.00535074 0.0276754 0.00535074 0.0388377 0.0165131 0.0834869 0.00535074 0.0276754 0.0276754 0.0388377 0.00535074 0.0165131 
0.01471 0.01471 0.01471 0.01471 0.045397 0.444327 0.0760839 0.01471 0.01471 0.01471 0.01471 0.01471 0.045397 0.045397 0.01471 0.0760839 0.01471 0.01471 0.01471 0.0760839 
0.0121089 0.0121089 0.188934 0.0626304 0.0121089 0.0878911 0.0121089 0.0121089 0.0121089 0.0626304 0.0121089 0.0121089 0.0121089 0.0373696 0.0121089 0.0121089 0.0373696 0.340498 0.0121089 0.0373696 
0.300766 0.0296676 0.000730075 0.0372827 0.000730075 0.0235755 0.0113913 0.000730075 0.0205294 0.00682218 0.0388058 0.00682218 0.0129143 0.000730075 0.296197 0.0159603 0.0418518 0.0296676 0.0646972 0.0601281 
0.00947588 0.128083 0.00947588 0.00947588 0.0687795 0.24669 0.00947588 0.0292437 0.00947588 0.00947588 0.0687795 0.0292437 0.00947588 0.0292437 0.00947588 0.00947588 0.128083 0.0490116 0.00947588 0.128083 
0.0242669 0.00259692 0.116364 0.0351019 0.00259692 0.463084 0.00801441 0.00259692 0.0242669 0.0784418 0.00259692 0.00259692 0.00259692 0.0188494 0.0296844 0.00259692 0.0188494 0.0134319 0.148869 0.00259692 
0.00271457 0.529367 0.0253663 0.00837749 0.00271457 0.127299 0.0366921 0.00271457 0.00271457 0.0140404 0.048018 0.0197033 0.0197033 0.00271457 0.00837749 0.00271457 0.00837749 0.0366921 0.0650068 0.0366921 
0.0115266 0.10771 0.10771 0.0115266 0.0115266 0.0596184 0.0115266 0.0355725 0.0115266 0.0115266 0.0355725 0.0115266 0.0115266 0.0596184 0.300077 0.0115266 0.0115266 0.155802 0.0115266 0.0115266 
0.0112765 0.112219 0.00605541 0.0687091 0.000834265 0.562977 0.0147573 0.000834265 0.0478245 0.0234592 0.000834265 0.000834265 0.000834265 0.00257465 0.131363 0.000834265 0.000834265 0.000834265 0.0112765 0.000834265 
0.0118106 0.0118106 0.0118106 0.0857256 0.0364489 0.307471 0.0118106 0.0364489 0.0118106 0.0118106 0.0118106 0.0857256 0.0364489 0.0118106 0.0364489 0.0118106 0.135002 0.0364489 0.0118106 0.0857256 
0.00529168 0.00529168 0.00529168 0.00529168 0.0163308 0.744911 0.00529168 0.0163308 0.00529168 0.00529168 0.00529168 0.00529168 0.0163308 0.00529168 0.049448 0.0715262 0.00529168 0.0163308 0.00529168 0.00529168 
0.000831371 0.125704 0.000831371 0.162125 0.0181748 0.000831371 0.0181748 0.000831371 0.00776874 0.0667364 0.0199091 0.0233778 0.0112374 0.000831371 0.0806112 0.451761 0.00256571 0.00256571 0.00430006 0.000831371 
0.252197 0.0659629 0.0393581 0.0393581 0.0127532 0.0127532 0.0127532 0.145777 0.0393581 0.0127532 0.0127532 0.0659629 0.0393581 0.0659629 0.0127532 0.0925677 0.0393581 0.0127532 0.0127532 0.0127532 
0.0111576 0.244966 0.00361542 0.0111576 0.0111576 0.0337843 0.0413265 0.00361542 0.00361542 0.00361542 0.0111576 0.0111576 0.0111576 0.00361542 0.403352 0.0790375 0.0790375 0.00361542 0.026242 0.00361542 
0.00118481 0.00118481 0.305198 0.265652 0.00365646 0.0951077 0.00365646 0.00118481 0.0308447 0.00118481 0.0160147 0.00859977 0.00118481 0.00118481 0.00118481 0.00118481 0.00118481 0.189031 0.0308447 0.0407313 
0.0371777 0.00512205 0.0158073 0.282938 0.00512205 0.00512205 0.0264925 0.0158073 0.00512205 0.0692334 0.0158073 0.0371777 0.00512205 0.00512205 0.0158073 0.101289 0.186771 0.154715 0.00512205 0.00512205 
0.04157 0.01347 0.01347 0.04157 0.04157 0.01347 0.01347 0.01347 0.04157 0.01347 0.12587 0.01347 0.01347 0.01347 0.01347 0.01347 0.01347 0.04157 0.26637 0.23827 
0.342551 0.389813 0.00699172 0.00226553 0.00226553 0.00226553 0.00699172 0.00226553 0.00226553 0.0211703 0.00226553 0.101515 0.00226553 0.0117179 0.00699172 0.00226553 0.0495274 0.0164441 0.0258965 0.00226553 
0.0502966 0.0147067 0.00284338 0.0680915 0.00877503 0.512965 0.00877503 0.0147067 0.00284338 0.02657 0.00284338 0.00877503 0.0502966 0.00877503 0.121476 0.00877503 0.00284338 0.0147067 0.0680915 0.00284338 
0.0162016 0.0162016 0.0162016 0.151395 0.0162016 0.354186 0.0162016 0.0162016 0.05 0.0162016 0.05 0.0162016 0.0162016 0.0162016 0.0162016 0.0162016 0.0162016 0.0162016 0.151395 0.0162016 
0.0037571 0.042946 0.0507838 0.0978105 0.0037571 0.497537 0.0194327 0.0037571 0.0272704 0.0037571 0.0037571 0.0037571 0.0115949 0.0194327 0.160513 0.0037571 0.0272704 0.0037571 0.0037571 0.0115949 
0.0734625 0.502491 0.00642682 0.0332411 0.0466482 0.0198339 0.0198339 0.0332411 0.0600554 0.00642682 0.113684 0.00642682 0.00642682 0.00642682 0.00642682 0.0198339 0.00642682 0.00642682 0.00642682 0.0198339 
0.00101433 0.00947837 0.00101433 0.168179 0.00101433 0.166063 0.00524635 0.0115944 0.00313034 0.00313034 0.00101433 0.0264065 0.333228 0.0158264 0.206267 0.00101433 0.00101433 0.00101433 0.00313034 0.0412186 
0.0409222 0.156458 0.0409222 0.00791187 0.00791187 0.024417 0.0904376 0.0409222 0.00791187 0.00791187 0.123448 0.0904376 0.00791187 0.024417 0.156458 0.00791187 0.0409222 0.0574273 0.0574273 0.00791187 
0.00560656 0.00560656 0.0023838 0.0603934 0.0523365 0.000772427 0.0313886 0.0023838 0.0120521 0.0023838 0.0120521 0.00399518 0.0217203 0.00560656 0.0136634 0.461626 0.0184976 0.160299 0.105512 0.0217203 
0.00120871 0.056682 0.00373022 0.750098 0.0112948 0.0213808 0.0592035 0.00120871 0.00373022 0.0642466 0.00625174 0.00120871 0.00120871 0.00120871 0.00120871 0.00120871 0.00120871 0.00120871 0.00373022 0.00877325 
0.00104302 0.49714 0.153354 0.135947 0.00321888 0.00104302 0.0902535 0.00104302 0.0249775 0.00104302 0.0140982 0.00974648 0.00321888 0.00539475 0.0510879 0.00104302 0.00104302 0.00104302 0.00321888 0.00104302 
0.0550973 0.0254619 0.0361307 0.0728785 0.000568238 0.0124224 0.000568238 0.0230911 0.045614 0.000568238 0.0740639 0.0124224 0.000568238 0.00768072 0.0574681 0.0136078 0.00293907 0.0219057 0.211572 0.325372 
0.0124832 0.112528 0.00160872 0.321317 0.0113957 0.0190078 0.00269616 0.00704594 0.00160872 0.00487105 0.000521275 0.00160872 0.000521275 0.0135706 0.434412 0.000521275 0.00160872 0.0429316 0.000521275 0.00922083 
0.00354403 0.0921677 0.00783227 0.227962 0.00497344 0.000685201 0.000685201 0.0249852 0.0121205 0.000685201 0.000685201 0.000685201 0.00354403 0.166497 0.350892 0.0492853 0.0478559 0.000685201 0.00354403 0.000685201 
0.049448 0.435816 0.049448 0.00529168 0.00529168 0.248152 0.0273699 0.038409 0.00529168 0.00529168 0.0163308 0.00529168 0.049448 0.00529168 0.00529168 0.0163308 0.00529168 0.00529168 0.0163308 0.00529168 
0.000783793 0.110335 0.00568906 0.187184 0.000783793 0.0367558 0.00405397 0.000783793 0.000783793 0.0809032 0.000783793 0.00241888 0.000783793 0.00405397 0.000783793 0.000783793 0.00732415 0.537093 0.00895924 0.00895924 
0.000811663 0.0499153 0.00589135 0.119338 0.000811663 0.166748 0.498621 0.000811663 0.00250489 0.0787003 0.0143575 0.00758458 0.000811663 0.00927781 0.00589135 0.00758458 0.0126643 0.00927781 0.000811663 0.00758458 
0.00587541 0.0181322 0.00587541 0.00587541 0.00587541 0.0549027 0.0303891 0.00587541 0.00587541 0.0181322 0.00587541 0.00587541 0.00587541 0.00587541 0.0181322 0.33681 0.385837 0.0426459 0.00587541 0.0303891 
0.00407662 0.0380939 0.0976242 0.0465983 0.00407662 0.395276 0.00407662 0.140146 0.00407662 0.0295896 0.0125809 0.00407662 0.0125809 0.0551026 0.0125809 0.0125809 0.00407662 0.0806156 0.0380939 0.00407662 
0.0170346 0.111221 0.00201936 0.208138 0.000654336 0.109856 0.294135 0.0143046 0.0675406 0.000654336 0.000654336 0.000654336 0.00884449 0.00338439 0.0975711 0.000654336 0.00338439 0.000654336 0.0552553 0.00338439 
0.00298148 0.292789 0.000576437 0.280764 0.000576437 0.255511 0.000576437 0.000576437 0.0282344 0.0462722 0.00899408 0.000576437 0.00658904 0.00177896 0.00298148 0.0126016 0.000576437 0.000576437 0.0450697 0.0113991 
0.0235643 0.00279342 0.00279342 0.274703 0.0462235 0.195396 0.00656994 0.00468168 0.000905154 0.0216761 0.00468168 0.000905154 0.0537765 0.248268 0.0688826 0.0273408 0.00845821 0.000905154 0.00279342 0.00468168 
0.000927932 0.0706161 0.0047995 0.22935 0.0144784 0.0744876 0.0125426 0.000927932 0.0125426 0.000927932 0.0280289 0.0628729 0.00867106 0.299038 0.000927932 0.0706161 0.0047995 0.0899739 0.00286371 0.0106068 
0.00469943 0.0501895 0.000908585 0.266268 0.00280401 0.00280401 0.0179674 0.0122811 0.000908585 0.00280401 0.378097 0.00659485 0.00659485 0.0179674 0.205614 0.00469943 0.0122811 0.000908585 0.000908585 0.00469943 
0.0047656 0.0147072 0.0842986 0.0047656 0.0047656 0.0345905 0.0246489 0.0047656 0.0246489 0.0047656 0.0246489 0.0246489 0.0445321 0.0047656 0.0544737 0.0246489 0.0147072 0.511789 0.0644154 0.0246489 
0.00318326 0.00318326 0.00318326 0.195763 0.00318326 0.049668 0.00318326 0.0164646 0.0297459 0.0164646 0.00318326 0.00318326 0.00318326 0.00318326 0.00318326 0.0363866 0.06959 0.547718 0.00318326 0.00318326 
0.00320454 0.00320454 0.0433149 0.00988961 0.00320454 0.00320454 0.00320454 0.0165747 0.00320454 0.0165747 0.00320454 0.0232597 0.0165747 0.0366299 0.0299448 0.344143 0.364198 0.0700552 0.00320454 0.00320454 
0.302127 0.011619 0.037065 0.1028 0.00737797 0.0307035 0.00949847 0.00525748 0.00525748 0.00101648 0.00525748 0.020101 0.0307035 0.00313698 0.0349445 0.257597 0.00101648 0.00525748 0.121885 0.00737797 
0.00201386 0.015627 0.0755245 0.298779 0.000652554 0.000652554 0.00201386 0.267469 0.00609779 0.000652554 0.00473648 0.00201386 0.000652554 0.00201386 0.252495 0.000652554 0.000652554 0.000652554 0.0659954 0.000652554 
0.00150464 0.0674207 0.00150464 0.00150464 0.0423098 0.0705595 0.00150464 0.0391709 0.0171989 0.083115 0.0046435 0.0046435 0.00150464 0.0109212 0.0423098 0.00150464 0.0203378 0.585332 0.00150464 0.00150464 
0.0109977 0.102768 0.0109977 0.12571 0.102768 0.332193 0.0339402 0.0109977 0.0109977 0.0568828 0.0109977 0.0109977 0.0339402 0.0109977 0.0109977 0.0109977 0.0339402 0.0339402 0.0109977 0.0339402 
0.0138594 0.0138594 0.0138594 0.0138594 0.0138594 0.187334 0.0138594 0.0427719 0.0138594 0.0138594 0.0427719 0.0138594 0.0138594 0.0138594 0.0427719 0.0138594 0.129509 0.360809 0.0138594 0.0138594 
0.0820588 0.00878152 0.00878152 0.00878152 0.0271008 0.137017 0.118697 0.00878152 0.0271008 0.0271008 0.0637395 0.00878152 0.210294 0.0454202 0.00878152 0.00878152 0.0271008 0.00878152 0.100378 0.0637395 
0.00241888 0.113605 0.000783793 0.151212 0.000783793 0.345788 0.00895924 0.000783793 0.0285803 0.00241888 0.00568906 0.0645523 0.00241888 0.000783793 0.183914 0.0187698 0.00895924 0.00241888 0.000783793 0.0563769 
0.00771103 0.000674594 0.000674594 0.645212 0.00348917 0.000674594 0.000674594 0.000674594 0.000674594 0.00489645 0.000674594 0.000674594 0.000674594 0.000674594 0.000674594 0.00208188 0.310278 0.000674594 0.000674594 0.017562 
0.0186689 0.0509025 0.0044861 0.063796 0.0367197 0.423523 0.0186689 0.000618058 0.0380091 0.0135115 0.00319675 0.000618058 0.0444558 0.000618058 0.230122 0.000618058 0.000618058 0.0044861 0.0457452 0.000618058 
0.000758974 0.0102589 0.0039256 0.490003 0.00234229 0.000758974 0.000758974 0.0181754 0.00234229 0.000758974 0.000758974 0.000758974 0.00234229 0.000758974 0.458336 0.000758974 0.000758974 0.000758974 0.0039256 0.000758974 
0.000937002 0.000937002 0.00875581 0.155358 0.0126652 0.00875581 0.0048464 0.000937002 0.0028917 0.000937002 0.000937002 0.0028917 0.00680111 0.0028917 0.0361216 0.546299 0.000937002 0.0028917 0.182724 0.020484 
0.0108244 0.174543 0.0141656 0.10939 0.00915382 0.436828 0.124425 0.00247142 0.00247142 0.000800816 0.00414202 0.000800816 0.000800816 0.00915382 0.0492482 0.00581262 0.00414202 0.00581262 0.00581262 0.029201 
0.00529168 0.00529168 0.00529168 0.00529168 0.00529168 0.00529168 0.0604871 0.0604871 0.0163308 0.0163308 0.00529168 0.00529168 0.00529168 0.292308 0.0163308 0.292308 0.0936044 0.0825653 0.00529168 0.0163308 
0.0618527 0.00541115 0.0844294 0.253754 0.0392761 0.186024 0.0505644 0.00541115 0.00541115 0.107006 0.00541115 0.00541115 0.0505644 0.00541115 0.00541115 0.00541115 0.00541115 0.00541115 0.0166995 0.0957177 
0.00459875 0.0482157 0.0019553 0.639027 0.00856393 0.0019553 0.00988565 0.00327703 0.0072422 0.000633579 0.0151726 0.0217812 0.0112074 0.000633579 0.0349984 0.157919 0.00988565 0.0019553 0.0138508 0.0072422 
0.0810588 0.113752 0.0156719 0.0483653 0.0156719 0.146446 0.0483653 0.0483653 0.0156719 0.0156719 0.0156719 0.0156719 0.0156719 0.0156719 0.179139 0.0810588 0.0156719 0.0156719 0.0483653 0.0483653 
0.0134994 0.00437422 0.00437422 0.296379 0.00437422 0.460632 0.00437422 0.0134994 0.00437422 0.0591252 0.00437422 0.0317497 0.0408748 0.0226245 0.0134994 0.00437422 0.00437422 0.00437422 0.00437422 0.00437422 
0.0052339 0.0925824 0.027071 0.0052339 0.0161525 0.321872 0.0161525 0.0052339 0.027071 0.0052339 0.0052339 0.0161525 0.0816638 0.0052339 0.0489081 0.0052339 0.0161525 0.278198 0.0161525 0.0052339 
0.0853933 0.0511417 0.0511417 0.00547293 0.00547293 0.473578 0.0397245 0.00547293 0.00547293 0.0168901 0.0283073 0.0283073 0.00547293 0.0168901 0.0168901 0.0625589 0.0853933 0.00547293 0.00547293 0.00547293 
0.0049121 0.0049121 0.0254066 0.0356539 0.0766428 0.107385 0.0049121 0.0049121 0.0459011 0.220104 0.0049121 0.0049121 0.0151594 0.117632 0.0049121 0.0049121 0.0049121 0.189363 0.117632 0.0049121 
0.010751 0.033179 0.078035 0.122891 0.010751 0.100463 0.033179 0.010751 0.010751 0.033179 0.033179 0.055607 0.010751 0.010751 0.055607 0.010751 0.190175 0.145319 0.033179 0.010751 
0.0267285 0.30718 0.0744649 0.00286035 0.00286035 0.181872 0.0565637 0.00286035 0.0147944 0.128168 0.00286035 0.00286035 0.0744649 0.00882739 0.00882739 0.0446297 0.0326956 0.0207615 0.00286035 0.00286035 
0.00204341 0.33028 0.0318831 0.00204341 0.0233575 0.317491 0.121402 0.00630622 0.0148318 0.00630622 0.00630622 0.010569 0.0148318 0.0276203 0.00204341 0.00204341 0.0404087 0.00204341 0.0361459 0.00204341 
0.000689142 0.0768838 0.000689142 0.319844 0.00212678 0.505299 0.000689142 0.000689142 0.000689142 0.00212678 0.000689142 0.000689142 0.00212678 0.000689142 0.00787731 0.000689142 0.00500204 0.052444 0.0193784 0.000689142 
0.0116685 0.0329638 0.0074094 0.797465 0.0329638 0.00527987 0.00102081 0.00102081 0.018057 0.00527987 0.00102081 0.00102081 0.00102081 0.0116685 0.0329638 0.00102081 0.0265752 0.00953893 0.00102081 0.00102081 
0.0375515 0.0142104 0.00643008 0.115355 0.00383664 0.011617 0.00124319 0.00124319 0.00643008 0.00383664 0.011617 0.0375515 0.0142104 0.00124319 0.0323646 0.67554 0.00124319 0.0219908 0.00124319 0.00124319 
0.00138308 0.0129242 0.00138308 0.0879414 0.0100389 0.760211 0.00138308 0.00138308 0.0792856 0.00138308 0.00138308 0.00138308 0.00138308 0.00138308 0.0129242 0.00715363 0.00138308 0.0129242 0.00138308 0.00138308 
0.0320602 0.0781441 0.00572652 0.0600397 0.000788953 0.0518104 0.000788953 0.000788953 0.000788953 0.186771 0.000788953 0.00243481 0.000788953 0.00243481 0.000788953 0.527462 0.00572652 0.0353519 0.00572652 0.000788953 
0.0240206 0.00778341 0.00778341 0.0240206 0.0240206 0.072732 0.0889692 0.0564949 0.0240206 0.0564949 0.00778341 0.072732 0.00778341 0.0564949 0.0402577 0.105206 0.235104 0.072732 0.00778341 0.00778341 
0.00193612 0.308899 0.0544429 0.155417 0.022131 0.300821 0.00193612 0.00193612 0.018092 0.0867547 0.00193612 0.00193612 0.0100141 0.0059751 0.0059751 0.00193612 0.0059751 0.0059751 0.00193612 0.0059751 
0.00296656 0.00296656 0.027721 0.108173 0.00296656 0.473301 0.00915517 0.00296656 0.00296656 0.0215324 0.00296656 0.00915517 0.101984 0.00296656 0.114362 0.00296656 0.00915517 0.0957957 0.00296656 0.00296656 
0.00181859 0.00181859 0.157365 0.195303 0.00940622 0.00561241 0.0283753 0.00940622 0.00181859 0.183922 0.0359629 0.0435505 0.00940622 0.00181859 0.00181859 0.0245815 0.00561241 0.0511381 0.0169938 0.214272 
0.00259692 0.00259692 0.00259692 0.0459369 0.00259692 0.0188494 0.00259692 0.00801441 0.0351019 0.00801441 0.00259692 0.110947 0.0134319 0.609356 0.0621894 0.00259692 0.00259692 0.00259692 0.0621894 0.00259692 
0.432304 0.000858162 0.00264839 0.0635162 0.000858162 0.0223409 0.0277116 0.0205507 0.000858162 0.0563553 0.00443862 0.000858162 0.0205507 0.0133898 0.176301 0.0814186 0.0312921 0.0312921 0.00443862 0.00801909 
0.00862354 0.00862354 0.00862354 0.00862354 0.0446031 0.0985724 0.0266133 0.00862354 0.00862354 0.134552 0.0266133 0.00862354 0.00862354 0.0985724 0.00862354 0.27847 0.0266133 0.00862354 0.0805826 0.0985724 
0.00995276 0.00995276 0.00995276 0.170142 0.00709225 0.0385579 0.507683 0.00709225 0.00137121 0.00709225 0.0185343 0.00709225 0.00709225 0.00423173 0.0528605 0.0156738 0.00423173 0.00423173 0.0328369 0.0843262 
0.0019657 0.0883344 0.0232257 0.0351844 0.0551157 0.0125957 0.0298694 0.0046232 0.0152532 0.000636947 0.000636947 0.000636947 0.000636947 0.000636947 0.670327 0.0019657 0.000636947 0.000636947 0.0564444 0.000636947 
0.000288668 0.056293 0.0159458 0.130363 0.000890864 0.0111282 0.0213656 0.0231721 0.00631063 0.0611105 0.0189568 0.16228 0.00450404 0.00149306 0.000288668 0.465184 0.00992381 0.000288668 0.000288668 0.00992381 
0.00104987 0.00981052 0.00981052 0.13903 0.00104987 0.00981052 0.00324003 0.0054302 0.0317121 0.0054302 0.00324003 0.016381 0.00104987 0.00104987 0.612105 0.0054302 0.13465 0.0054302 0.00324003 0.00104987 
0.00268417 0.0642787 0.00268417 0.0138832 0.00268417 0.38905 0.0138832 0.0810773 0.00828368 0.0306817 0.0530797 0.00268417 0.00268417 0.00268417 0.226664 0.00828368 0.0138832 0.0698782 0.00828368 0.00268417 
0.0124227 0.0383381 0.0124227 0.0124227 0.0124227 0.0124227 0.0124227 0.19383 0.0124227 0.0642534 0.0642534 0.0124227 0.0124227 0.0124227 0.0124227 0.0124227 0.452984 0.0124227 0.0124227 0.0124227 
0.00143698 0.163314 0.00143698 0.121346 0.00143698 0.0194233 0.0134278 0.0044347 0.00143698 0.00143698 0.00743241 0.0044347 0.0314142 0.0044347 0.0044347 0.574001 0.0044347 0.0374096 0.00143698 0.00143698 
0.0303152 0.0840798 0.233233 0.229765 0.00776874 0.00430006 0.00256571 0.000831371 0.000831371 0.00256571 0.000831371 0.000831371 0.000831371 0.000831371 0.0164405 0.0147061 0.191609 0.118767 0.00256571 0.0563304 
0.0307662 0.142446 0.00594832 0.00594832 0.00594832 0.56435 0.055584 0.00594832 0.0431751 0.0307662 0.00594832 0.00594832 0.00594832 0.00594832 0.00594832 0.0183572 0.00594832 0.0307662 0.00594832 0.0183572 
0.00095 0.440914 0.0108591 0.129768 0.00491364 0.00095 0.00887727 0.00095 0.02275 0.157514 0.00689545 0.00689545 0.0306773 0.0584227 0.00095 0.0465318 0.00491364 0.00095 0.0643682 0.00095 
0.00255539 0.00788624 0.00255539 0.162481 0.00255539 0.0611948 0.00788624 0.00255539 0.00255539 0.00255539 0.00255539 0.0505331 0.00255539 0.00255539 0.00255539 0.151819 0.00255539 0.524979 0.00255539 0.00255539 
0.271229 0.0864315 0.124711 0.0296723 0.0217524 0.0204324 0.00459268 0.0151525 0.00459268 0.0639918 0.0111926 0.0389122 0.000632743 0.0032727 0.19203 0.0455121 0.049472 0.0151525 0.000632743 0.000632743 
0.0361857 0.0951492 0.00923092 0.125473 0.000807561 0.487678 0.000807561 0.000807561 0.00249223 0.00417691 0.0109156 0.000807561 0.00249223 0.000807561 0.0597711 0.0496631 0.00249223 0.00417691 0.0968339 0.00923092 
0.00587544 0.0358994 0.0187429 0.0369717 0.000514009 0.00694772 0.0090923 0.00587544 0.00373087 0.0144537 0.015526 0.6085 0.0273212 0.157068 0.0165983 0.00158629 0.000514009 0.00265858 0.0316103 0.000514009 
0.000686182 0.00211764 0.000686182 0.896781 0.0035491 0.00211764 0.000686182 0.00211764 0.000686182 0.000686182 0.000686182 0.000686182 0.000686182 0.062239 0.0035491 0.00784349 0.00211764 0.000686182 0.00927495 0.00211764 
0.00322611 0.0166862 0.00322611 0.104177 0.0436064 0.00322611 0.211858 0.0166862 0.0301463 0.00322611 0.00322611 0.0166862 0.0166862 0.137827 0.0570666 0.137827 0.00322611 0.00322611 0.137827 0.0503365 
