0.000707 0.002120 0.493993 0.000707 0.000707 0.000707 0.000707 0.000707 0.000707 0.493993 0.000707 0.000707 0.000707 0.000707 0.002120 
0.000379 0.000379 0.499811 0.001137 0.001137 0.001137 0.000379 0.000379 0.001137 0.485411 0.000379 0.001895 0.000379 0.004926 0.001137 
0.000632 0.002317 0.436697 0.061723 0.000211 0.000211 0.000211 0.000632 0.004845 0.412260 0.000211 0.000211 0.001896 0.077733 0.000211 
0.000149 0.000149 0.392288 0.113295 0.000447 0.000149 0.001340 0.000149 0.049278 0.311597 0.000149 0.000149 0.000447 0.130266 0.000149 
0.000110 0.000330 0.299791 0.128041 0.027854 0.000110 0.054057 0.000550 0.119234 0.221403 0.000330 0.000330 0.000110 0.146978 0.000771 
0.000085 0.000596 0.212880 0.147116 0.065679 0.000256 0.088338 0.044382 0.121561 0.172502 0.000256 0.000256 0.000085 0.139109 0.006900 
0.000507 0.002969 0.174162 0.134912 0.085234 0.017452 0.110725 0.089145 0.109711 0.145050 0.000072 0.000507 0.000072 0.117387 0.012094 
0.008779 0.026866 0.151759 0.123903 0.084428 0.042709 0.099743 0.087332 0.095386 0.120470 0.001386 0.000198 0.001386 0.101327 0.054327 
0.043366 0.036374 0.128136 0.118812 0.082500 0.052690 0.088879 0.083482 0.076489 0.110470 0.010980 0.000184 0.010857 0.089370 0.067411 
0.052620 0.056526 0.102338 0.077743 0.065498 0.049770 0.074788 0.073415 0.069299 0.088510 0.028764 0.058743 0.046815 0.088193 0.066976 
0.064701 0.057607 0.086185 0.077792 0.060005 0.053310 0.066200 0.065801 0.062303 0.086485 0.053210 0.073895 0.056408 0.079191 0.056907 
0.061504 0.059805 0.092581 0.080290 0.058406 0.056508 0.065101 0.060904 0.059006 0.090282 0.054009 0.073695 0.052211 0.071097 0.064602 
0.062003 0.059505 0.099076 0.072995 0.056408 0.045116 0.072496 0.072096 0.058106 0.089183 0.047315 0.079990 0.052311 0.077792 0.055608 
0.057407 0.058206 0.089683 0.086385 0.059106 0.061804 0.071896 0.061004 0.066600 0.083587 0.054209 0.066600 0.051012 0.072496 0.060005 
0.064302 0.062503 0.093480 0.075194 0.057107 0.052211 0.067000 0.063702 0.053910 0.081989 0.049413 0.072396 0.058806 0.080989 0.067000 
0.068998 0.062303 0.092381 0.071796 0.059505 0.053910 0.066000 0.066900 0.063103 0.077992 0.050712 0.074494 0.058306 0.076193 0.057407 
0.067399 0.061404 0.090882 0.079490 0.054709 0.046515 0.059106 0.069098 0.065901 0.090482 0.046815 0.074294 0.053610 0.078291 0.062003 
0.062603 0.060005 0.091781 0.077892 0.062803 0.057407 0.076692 0.064002 0.054209 0.089283 0.044517 0.070797 0.051911 0.069098 0.067000 
0.062003 0.065001 0.084387 0.080989 0.066800 0.052611 0.065001 0.068599 0.061204 0.082588 0.057407 0.073095 0.052411 0.073495 0.054409 
0.067399 0.061704 0.094179 0.071297 0.057807 0.053610 0.065001 0.066900 0.060205 0.089883 0.054009 0.077592 0.048114 0.071796 0.060505 
0.067899 0.053210 0.099276 0.076193 0.065801 0.051312 0.070297 0.067200 0.055908 0.088384 0.062803 0.072296 0.046715 0.066600 0.056108 
0.067599 0.062603 0.090082 0.078991 0.051611 0.050212 0.068698 0.067799 0.061704 0.087384 0.054209 0.068798 0.057407 0.076792 0.056108 
0.071896 0.054909 0.095179 0.082688 0.058206 0.057107 0.056608 0.065901 0.057407 0.087684 0.049113 0.071796 0.058206 0.075493 0.057807 
0.070297 0.054709 0.099375 0.080789 0.063502 0.055608 0.060205 0.065601 0.061104 0.082788 0.049613 0.074094 0.055808 0.072296 0.054209 
0.062603 0.062203 0.097077 0.082288 0.061704 0.056208 0.073495 0.062903 0.053510 0.082488 0.045016 0.073995 0.051811 0.078791 0.055908 
0.061904 0.052910 0.089183 0.080190 0.063303 0.058006 0.062303 0.064801 0.067599 0.084886 0.056907 0.071696 0.055309 0.068399 0.062603 
0.068399 0.065601 0.086685 0.076692 0.062803 0.054709 0.075493 0.058406 0.060704 0.087584 0.051212 0.072895 0.050312 0.065501 0.063003 
0.068499 0.068299 0.084187 0.078891 0.060005 0.054409 0.068099 0.063602 0.062903 0.085486 0.054509 0.071996 0.051112 0.076393 0.051611 
0.064002 0.062803 0.091881 0.077392 0.066400 0.054609 0.058006 0.068199 0.061904 0.087984 0.051112 0.072895 0.052211 0.070097 0.060505 
0.070397 0.054109 0.085486 0.081189 0.070897 0.048913 0.063203 0.063203 0.054109 0.092181 0.051611 0.081389 0.047215 0.065201 0.070897 
0.067999 0.053010 0.083387 0.079490 0.063203 0.058806 0.066100 0.063402 0.057407 0.091082 0.048114 0.072296 0.053510 0.073695 0.068499 
0.065101 0.056508 0.091881 0.074294 0.059805 0.052511 0.068399 0.065501 0.056707 0.086085 0.044117 0.083288 0.052011 0.075393 0.068399 
0.062303 0.059705 0.089383 0.078891 0.056907 0.052511 0.066900 0.064402 0.064102 0.087285 0.040120 0.079890 0.057607 0.073095 0.066900 
0.068998 0.055408 0.091282 0.086885 0.056907 0.040719 0.062103 0.067100 0.057107 0.096078 0.050112 0.079890 0.051411 0.073895 0.062103 
0.060005 0.064602 0.087484 0.080590 0.059106 0.052511 0.065501 0.063602 0.060704 0.094579 0.045816 0.077892 0.055209 0.076093 0.056308 
0.065701 0.068299 0.100774 0.081289 0.057207 0.055708 0.060704 0.059306 0.059006 0.086585 0.048214 0.073195 0.054309 0.072596 0.057107 
0.064901 0.061104 0.096378 0.081589 0.060105 0.051511 0.070097 0.070897 0.055309 0.089983 0.044517 0.077192 0.046315 0.074894 0.055209 
0.069698 0.060005 0.100375 0.078091 0.059705 0.058506 0.067399 0.062003 0.056508 0.080889 0.051112 0.069198 0.051012 0.075294 0.060205 
0.063902 0.059206 0.093980 0.076593 0.060704 0.048114 0.066900 0.066800 0.062003 0.098076 0.055908 0.077892 0.043617 0.072396 0.053910 
0.061704 0.062103 0.096877 0.081789 0.063902 0.049113 0.067100 0.064701 0.060704 0.088084 0.046715 0.077292 0.049113 0.070697 0.060105 
0.065901 0.065601 0.093480 0.081789 0.057007 0.046715 0.065301 0.067499 0.062203 0.086685 0.051212 0.080090 0.053110 0.067599 0.055808 
0.065701 0.057507 0.093480 0.073695 0.059705 0.052211 0.062303 0.067000 0.059505 0.087684 0.049313 0.074494 0.053110 0.076892 0.067399 
0.064102 0.054209 0.095179 0.086285 0.058206 0.053610 0.071197 0.060605 0.055608 0.092481 0.047115 0.074494 0.053710 0.074494 0.058706 
0.059206 0.057607 0.091282 0.077492 0.061004 0.064801 0.065001 0.063203 0.056707 0.086985 0.052511 0.070697 0.052111 0.077592 0.063802 
0.067799 0.058706 0.091981 0.072695 0.063602 0.062303 0.057807 0.056907 0.067200 0.085086 0.046815 0.076692 0.050712 0.075593 0.066100 
0.068499 0.056408 0.095079 0.079390 0.065701 0.055608 0.068599 0.066500 0.054409 0.078791 0.053910 0.072296 0.053810 0.073295 0.057707 
0.060704 0.062203 0.089683 0.076892 0.060704 0.051911 0.073595 0.059106 0.061804 0.090182 0.053910 0.076892 0.050712 0.076593 0.055109 
0.054909 0.058906 0.097477 0.087684 0.057607 0.045816 0.063303 0.069098 0.057707 0.096078 0.057607 0.077192 0.046115 0.060105 0.070397 
0.056308 0.067599 0.091581 0.076093 0.061904 0.050212 0.066100 0.067399 0.058606 0.092581 0.052111 0.074894 0.043917 0.074094 0.066600 
0.058406 0.069098 0.092181 0.079390 0.050612 0.056608 0.057507 0.064202 0.061304 0.089383 0.061904 0.072695 0.046815 0.075194 0.064701 
0.063502 0.067399 0.089983 0.073195 0.061704 0.052311 0.068898 0.054909 0.066800 0.082388 0.053110 0.074494 0.059206 0.071396 0.060704 
0.059805 0.058206 0.090482 0.083487 0.056308 0.059805 0.069298 0.059705 0.059505 0.087085 0.054509 0.073695 0.058106 0.072795 0.057207 
0.067200 0.058406 0.095079 0.073895 0.061104 0.055309 0.059505 0.063802 0.061404 0.088384 0.049713 0.067799 0.059206 0.079790 0.059405 
0.066000 0.058206 0.097677 0.081489 0.060804 0.052810 0.063702 0.063303 0.056308 0.086585 0.044617 0.080590 0.056508 0.073095 0.058306 
0.060704 0.053910 0.103372 0.075194 0.062903 0.054509 0.066000 0.065801 0.071596 0.086185 0.049313 0.069598 0.049513 0.073295 0.058106 
0.064002 0.060405 0.097377 0.070797 0.062603 0.054809 0.067000 0.067699 0.069598 0.083487 0.047714 0.075993 0.059805 0.068199 0.050512 
0.070097 0.053110 0.089383 0.076393 0.063702 0.053410 0.063402 0.063303 0.059106 0.087384 0.053210 0.074294 0.049613 0.079690 0.063902 
0.054409 0.056408 0.095378 0.077492 0.056807 0.054209 0.073195 0.063203 0.067599 0.096078 0.049513 0.075793 0.054409 0.064602 0.060904 
0.058406 0.060904 0.088084 0.077592 0.060405 0.056508 0.061204 0.057507 0.060405 0.098176 0.050412 0.066100 0.062803 0.074794 0.066700 
0.062103 0.070397 0.089183 0.075493 0.060005 0.046915 0.076593 0.066000 0.061304 0.080989 0.047814 0.072995 0.056408 0.071097 0.062703 
0.073095 0.052411 0.088284 0.077592 0.058206 0.062403 0.067799 0.064701 0.061304 0.087984 0.051212 0.076293 0.057607 0.067000 0.054109 
0.063203 0.060605 0.097177 0.076792 0.064002 0.049513 0.067300 0.059006 0.064602 0.089883 0.047714 0.077392 0.045916 0.077092 0.059805 
0.062403 0.065001 0.096877 0.080290 0.059206 0.051212 0.070897 0.062503 0.057407 0.081689 0.049813 0.077292 0.057507 0.078091 0.049813 
0.066000 0.058306 0.101274 0.075493 0.060605 0.048514 0.073995 0.060305 0.051611 0.084387 0.052011 0.076593 0.053210 0.072695 0.065001 
0.065801 0.063402 0.089983 0.083288 0.061104 0.046815 0.064801 0.066500 0.054409 0.096677 0.048014 0.071496 0.052411 0.072795 0.062503 
0.064502 0.052311 0.089283 0.078091 0.061804 0.055209 0.062403 0.061604 0.061404 0.088184 0.054309 0.073295 0.056907 0.073095 0.067599 
0.071696 0.066800 0.091182 0.075294 0.059505 0.047015 0.063103 0.065401 0.063902 0.084287 0.049813 0.072296 0.053010 0.076892 0.059805 
0.062903 0.065301 0.096278 0.081989 0.058106 0.051811 0.065301 0.057807 0.053910 0.092381 0.055109 0.077292 0.059306 0.068698 0.053810 
0.065301 0.054909 0.100175 0.081389 0.057107 0.051611 0.060505 0.057007 0.062303 0.089383 0.048614 0.077392 0.057107 0.076393 0.060804 
0.061704 0.059605 0.084287 0.074894 0.059405 0.060804 0.064901 0.060904 0.065301 0.090582 0.051611 0.073995 0.059705 0.073495 0.058806 
0.069598 0.058306 0.099775 0.072695 0.064402 0.053710 0.063003 0.057907 0.060305 0.087484 0.053910 0.076393 0.054009 0.069098 0.059405 
0.066500 0.059206 0.085886 0.076992 0.065101 0.056907 0.067000 0.063802 0.059505 0.087884 0.049313 0.078591 0.050412 0.074294 0.058606 
0.060205 0.059905 0.096578 0.077392 0.058806 0.052611 0.061504 0.064202 0.064102 0.096777 0.050412 0.081389 0.050612 0.065701 0.059805 
0.060305 0.056907 0.088683 0.080090 0.056208 0.052710 0.059006 0.068099 0.067999 0.088783 0.050712 0.080590 0.053610 0.074194 0.062103 
0.063702 0.058006 0.088983 0.082988 0.063402 0.054809 0.067300 0.066900 0.067999 0.087085 0.048813 0.073995 0.052011 0.075194 0.048813 
0.062103 0.062003 0.095179 0.083687 0.058806 0.053310 0.064202 0.062903 0.057807 0.089283 0.051212 0.075993 0.056308 0.071396 0.055808 
0.069798 0.063003 0.091681 0.074894 0.061004 0.050812 0.071097 0.065401 0.064102 0.078091 0.052511 0.073895 0.046715 0.078491 0.058506 
0.063303 0.063802 0.093780 0.077992 0.062403 0.054909 0.066800 0.063502 0.057607 0.087684 0.050712 0.074194 0.052011 0.074994 0.056308 
0.054909 0.067599 0.090282 0.077092 0.053610 0.053110 0.059306 0.067599 0.067699 0.097277 0.049613 0.078891 0.052511 0.072695 0.057807 
0.060704 0.059206 0.093980 0.082788 0.059405 0.055508 0.065101 0.058506 0.060804 0.081989 0.057307 0.075294 0.052011 0.074794 0.062603 
0.060704 0.066000 0.092980 0.079390 0.058306 0.057407 0.064801 0.063902 0.066200 0.085186 0.052211 0.075393 0.047414 0.073195 0.056907 
0.056308 0.052211 0.094479 0.083088 0.061404 0.053510 0.064901 0.061204 0.056608 0.095079 0.051711 0.070897 0.055508 0.077492 0.065601 
0.056707 0.055209 0.094779 0.085186 0.054909 0.052411 0.065101 0.071297 0.062703 0.091481 0.050912 0.070297 0.050812 0.074394 0.063802 
0.058906 0.057507 0.098876 0.077692 0.059505 0.057107 0.066200 0.064002 0.062403 0.090082 0.055009 0.066900 0.057107 0.070197 0.058506 
0.065501 0.060205 0.096278 0.079990 0.055508 0.057307 0.059905 0.060804 0.060904 0.089683 0.053010 0.072096 0.050312 0.083587 0.054909 
0.065001 0.052211 0.097777 0.078691 0.061104 0.053810 0.068998 0.060704 0.057707 0.086385 0.052311 0.074194 0.057007 0.073495 0.060605 
0.064801 0.061204 0.093380 0.075693 0.060804 0.056008 0.067699 0.063602 0.063702 0.090282 0.047814 0.072496 0.054809 0.066400 0.061304 
0.070297 0.060904 0.089083 0.083787 0.054909 0.053210 0.058006 0.055408 0.055908 0.088084 0.058706 0.078891 0.053110 0.078691 0.061004 
0.059006 0.054809 0.094979 0.075893 0.059705 0.055209 0.061504 0.065201 0.056308 0.085486 0.065601 0.071396 0.052910 0.079291 0.062703 
0.069098 0.059605 0.096877 0.082588 0.051611 0.053210 0.060904 0.064901 0.056608 0.093980 0.046515 0.065401 0.052411 0.079890 0.066400 
0.064602 0.072695 0.095079 0.075294 0.059505 0.054709 0.059206 0.067999 0.060505 0.093780 0.047714 0.073695 0.044716 0.067699 0.062803 
0.061504 0.054709 0.094579 0.080290 0.061404 0.048414 0.070397 0.063402 0.068199 0.086485 0.050712 0.075793 0.056208 0.068299 0.059605 
0.062303 0.065001 0.090582 0.076393 0.066300 0.047414 0.058406 0.067699 0.062703 0.094679 0.056807 0.070197 0.048913 0.074794 0.057807 
0.065101 0.065001 0.097377 0.076692 0.058306 0.051112 0.072695 0.067699 0.048713 0.083787 0.057707 0.069598 0.051212 0.077492 0.057507 
0.063103 0.058306 0.089983 0.074594 0.060505 0.050712 0.071496 0.066500 0.058406 0.086885 0.053110 0.069698 0.060505 0.079191 0.057007 
0.060904 0.060305 0.095478 0.072596 0.057807 0.051212 0.064202 0.063602 0.056208 0.093580 0.054109 0.077092 0.055009 0.079890 0.058006 
0.067300 0.056907 0.096777 0.077992 0.056208 0.049113 0.068399 0.055908 0.063103 0.084587 0.053910 0.068798 0.058406 0.077892 0.064701 
0.059106 0.057007 0.106870 0.077792 0.061504 0.047315 0.067300 0.069098 0.068798 0.081989 0.050012 0.069098 0.055408 0.070597 0.058106 
0.063902 0.058306 0.085986 0.072895 0.052910 0.057907 0.064602 0.068199 0.061304 0.082888 0.058206 0.075893 0.055309 0.084087 0.057607 
0.069198 0.060605 0.097377 0.077992 0.060205 0.051911 0.060904 0.068199 0.052710 0.083787 0.050712 0.069098 0.059106 0.075993 0.062203 
0.062703 0.057007 0.092581 0.080989 0.064901 0.048913 0.067799 0.067300 0.057307 0.082088 0.047914 0.071796 0.054909 0.073595 0.070197 
0.063502 0.065801 0.091981 0.074094 0.058406 0.052411 0.071896 0.070797 0.061404 0.082988 0.052311 0.070897 0.056008 0.073995 0.053510 
0.063502 0.065201 0.092381 0.079490 0.059006 0.046715 0.064402 0.071297 0.066900 0.085686 0.045016 0.076093 0.051711 0.073995 0.058606 
0.060704 0.060305 0.102073 0.082688 0.056208 0.058706 0.068998 0.057107 0.057407 0.088584 0.053710 0.073795 0.046915 0.076892 0.055908 
0.067000 0.059905 0.088983 0.073995 0.054209 0.047414 0.064801 0.067999 0.064002 0.090782 0.057607 0.072296 0.047914 0.078691 0.064402 
0.062803 0.064302 0.099475 0.077592 0.059106 0.053810 0.059905 0.059505 0.061404 0.089183 0.055808 0.076393 0.050212 0.072995 0.057507 
0.065201 0.062203 0.093680 0.074094 0.056108 0.061304 0.062603 0.070997 0.054409 0.083088 0.055608 0.068299 0.057207 0.073095 0.062103 
0.064202 0.060005 0.096578 0.072496 0.066300 0.054709 0.058906 0.061004 0.063802 0.088584 0.060105 0.074894 0.046215 0.073595 0.058606 
0.060605 0.064801 0.088484 0.084387 0.057407 0.054109 0.065001 0.068898 0.065001 0.090182 0.050212 0.076593 0.044017 0.067499 0.062803 
0.056108 0.062003 0.100375 0.076692 0.059805 0.050312 0.066400 0.070897 0.059905 0.086685 0.050212 0.075893 0.056707 0.072496 0.055508 
0.056508 0.059106 0.099375 0.083987 0.058106 0.056907 0.071496 0.066100 0.057607 0.094579 0.051911 0.075094 0.046215 0.073795 0.049213 
0.068099 0.055309 0.091681 0.077592 0.058806 0.053510 0.065201 0.058906 0.062803 0.087984 0.058306 0.075294 0.051511 0.068499 0.066500 
0.061404 0.059705 0.091282 0.074994 0.062103 0.051811 0.066900 0.072096 0.055908 0.094279 0.054709 0.072995 0.047914 0.074394 0.059505 
0.055508 0.065001 0.090382 0.088184 0.057807 0.054509 0.060405 0.075593 0.056408 0.087984 0.055009 0.072396 0.049413 0.076293 0.055109 
0.064901 0.064102 0.089483 0.091082 0.060505 0.046415 0.065401 0.071596 0.057307 0.092680 0.050012 0.069998 0.050712 0.069798 0.056008 
0.062103 0.065101 0.092381 0.077592 0.057907 0.046015 0.064402 0.067100 0.057207 0.090482 0.054309 0.077392 0.055708 0.075294 0.057007 
0.056807 0.062703 0.089883 0.078791 0.062603 0.050712 0.071197 0.066300 0.059805 0.093680 0.057207 0.073195 0.050212 0.069198 0.057707 
0.055708 0.059905 0.084187 0.072895 0.063802 0.052111 0.067200 0.071097 0.056408 0.087085 0.055408 0.073795 0.058506 0.076892 0.065001 
0.063402 0.061104 0.097577 0.078591 0.063103 0.053110 0.067899 0.063802 0.057507 0.081189 0.052311 0.075693 0.052611 0.075393 0.056707 
0.068998 0.055908 0.091481 0.079091 0.056707 0.056408 0.066100 0.062703 0.064901 0.090482 0.046315 0.076593 0.050212 0.071596 0.062503 
0.062603 0.058906 0.090582 0.088384 0.063303 0.053510 0.066600 0.065701 0.061004 0.087484 0.060505 0.073195 0.053010 0.060205 0.055009 
0.067499 0.060205 0.098776 0.082288 0.060505 0.052910 0.067100 0.059705 0.059405 0.082688 0.054009 0.077292 0.050112 0.073195 0.054309 
0.063003 0.065001 0.092381 0.071996 0.064002 0.058506 0.063003 0.067999 0.066300 0.080689 0.054909 0.067599 0.055408 0.067399 0.061804 
0.060405 0.063203 0.095079 0.079890 0.055209 0.048813 0.072396 0.064701 0.065001 0.091082 0.051811 0.067499 0.050312 0.075893 0.058706 
0.060704 0.058706 0.095279 0.085086 0.056508 0.058906 0.060704 0.061904 0.061304 0.092581 0.046315 0.073495 0.052011 0.074394 0.062103 
0.064402 0.059106 0.093980 0.072895 0.064901 0.058406 0.064502 0.059206 0.063802 0.088683 0.052611 0.073195 0.051212 0.075893 0.057207 
0.060305 0.067100 0.091182 0.085786 0.061904 0.048514 0.061204 0.067899 0.058806 0.092481 0.046415 0.073895 0.050712 0.069198 0.064602 
0.060405 0.055209 0.094979 0.082188 0.055908 0.056807 0.062803 0.067999 0.066900 0.082288 0.057807 0.077692 0.043717 0.073395 0.061904 
0.053310 0.062303 0.091381 0.074994 0.059006 0.055908 0.070297 0.064502 0.058406 0.085686 0.051012 0.072995 0.060804 0.074494 0.064901 
0.064602 0.058506 0.086285 0.078391 0.062503 0.053210 0.064801 0.064002 0.058406 0.089083 0.057907 0.070897 0.053510 0.065401 0.072496 
0.069198 0.064701 0.093680 0.084187 0.062303 0.049613 0.064402 0.067799 0.055708 0.087484 0.051811 0.074994 0.059405 0.067000 0.047714 
0.061704 0.065201 0.091881 0.078891 0.059006 0.052211 0.054509 0.059705 0.061904 0.086885 0.057607 0.072296 0.046115 0.077792 0.074294 
0.065201 0.060704 0.091881 0.077492 0.061504 0.055109 0.063902 0.069898 0.064002 0.092081 0.051811 0.067599 0.047215 0.070197 0.061404 
0.060704 0.059206 0.089983 0.078291 0.067799 0.052111 0.066300 0.063702 0.064302 0.088284 0.054109 0.073595 0.051012 0.069898 0.060704 
0.066800 0.056508 0.091781 0.084587 0.059805 0.051611 0.059605 0.071496 0.052511 0.091481 0.052810 0.076393 0.053510 0.067799 0.063303 
0.055808 0.058306 0.092980 0.075493 0.061104 0.057807 0.067000 0.062103 0.069398 0.088184 0.046815 0.072995 0.048314 0.075893 0.067799 
0.066500 0.068499 0.092780 0.086585 0.059206 0.046015 0.064502 0.069898 0.058806 0.090882 0.047015 0.073595 0.049913 0.068798 0.057007 
0.061704 0.066200 0.091881 0.073895 0.063003 0.056707 0.064302 0.061704 0.064801 0.089383 0.047015 0.072496 0.058806 0.065101 0.063003 
0.067300 0.056008 0.095778 0.086485 0.065001 0.045016 0.066000 0.064701 0.054909 0.088284 0.052311 0.065301 0.054009 0.076193 0.062703 
0.066400 0.058406 0.089983 0.078591 0.064002 0.045616 0.075194 0.067799 0.056807 0.080989 0.048614 0.074394 0.050012 0.077992 0.065201 
0.062103 0.060704 0.090982 0.084487 0.054909 0.057207 0.060605 0.062803 0.067100 0.093080 0.053410 0.066900 0.055808 0.071396 0.058506 
0.057907 0.064202 0.090682 0.076493 0.062003 0.047414 0.067000 0.066600 0.055508 0.093380 0.052211 0.075793 0.055708 0.075693 0.059405 
0.055109 0.051711 0.094479 0.076393 0.060205 0.054109 0.066700 0.069798 0.057407 0.091082 0.054709 0.073195 0.057107 0.085986 0.052011 
0.069398 0.047714 0.097477 0.082488 0.060005 0.051911 0.061804 0.068199 0.058206 0.085586 0.052511 0.074094 0.054109 0.069798 0.066700 
0.059905 0.070697 0.092880 0.075993 0.056008 0.052710 0.062903 0.064302 0.061904 0.085586 0.060405 0.067300 0.053810 0.073595 0.062003 
0.067100 0.064002 0.089483 0.079890 0.055908 0.053510 0.062503 0.064602 0.068299 0.084686 0.047115 0.074794 0.055408 0.072995 0.059705 
0.066200 0.060505 0.091681 0.077792 0.055608 0.051611 0.060405 0.071197 0.064002 0.085886 0.046315 0.070597 0.060605 0.085686 0.051911 
0.064801 0.058106 0.093880 0.080989 0.058106 0.057407 0.064402 0.065701 0.064202 0.085386 0.057507 0.074294 0.049413 0.070697 0.055109 
0.067100 0.065401 0.094279 0.075194 0.060105 0.058206 0.060305 0.069298 0.053510 0.089683 0.054209 0.071297 0.052411 0.072496 0.056508 
0.068599 0.058706 0.090182 0.081289 0.054309 0.055508 0.061904 0.062003 0.058906 0.086485 0.052111 0.078391 0.050812 0.075094 0.065701 
0.050512 0.056807 0.097877 0.080889 0.055708 0.054409 0.061104 0.067999 0.057907 0.096378 0.051511 0.076493 0.055608 0.071496 0.065301 
0.055109 0.060305 0.095778 0.083687 0.058306 0.048614 0.061604 0.070397 0.062503 0.093180 0.044816 0.083387 0.051811 0.067699 0.062803 
0.065401 0.062703 0.087584 0.076692 0.061904 0.051711 0.050812 0.065501 0.055109 0.088683 0.055109 0.075893 0.059006 0.079590 0.064302 
0.055908 0.065301 0.086585 0.077892 0.053710 0.056807 0.064701 0.060704 0.066400 0.089883 0.054509 0.073895 0.055009 0.074594 0.064102 
0.070597 0.050512 0.097977 0.075493 0.059605 0.059505 0.064102 0.066300 0.058006 0.087584 0.059006 0.064602 0.059805 0.076692 0.050212 
0.057207 0.058806 0.095279 0.073595 0.060605 0.049713 0.062203 0.074294 0.065001 0.089283 0.054109 0.070897 0.049113 0.072995 0.066900 
0.059705 0.059405 0.092581 0.086885 0.061504 0.049513 0.065401 0.063303 0.060804 0.091681 0.051411 0.068199 0.057407 0.071696 0.060505 
0.070397 0.055109 0.093480 0.075993 0.062203 0.045716 0.057207 0.068798 0.062303 0.088584 0.045616 0.079091 0.052910 0.075993 0.066600 
0.066000 0.061904 0.089783 0.077792 0.054409 0.059405 0.058806 0.059605 0.059306 0.094079 0.049413 0.076093 0.059505 0.071496 0.062403 
0.065701 0.060005 0.090982 0.081789 0.055109 0.053910 0.058406 0.071596 0.058206 0.093880 0.054509 0.076593 0.054109 0.066200 0.059006 
0.055209 0.064002 0.093980 0.075893 0.058406 0.048214 0.071596 0.062903 0.065201 0.086385 0.050512 0.079291 0.054509 0.077092 0.056807 
0.065701 0.061604 0.094179 0.084087 0.054809 0.056008 0.063103 0.064901 0.058006 0.082488 0.047814 0.073595 0.051611 0.076692 0.065401 
0.054709 0.060704 0.101074 0.084387 0.054809 0.057907 0.069298 0.052910 0.058406 0.089683 0.047714 0.073995 0.056807 0.073695 0.063902 
0.055408 0.061604 0.091581 0.082588 0.054509 0.057207 0.064801 0.061604 0.065401 0.082488 0.054909 0.081789 0.052511 0.067000 0.066600 
0.062503 0.063003 0.090582 0.087684 0.053710 0.054909 0.063702 0.064402 0.061904 0.079990 0.054209 0.072196 0.057607 0.074794 0.058806 
0.065501 0.057507 0.086885 0.084087 0.063402 0.054809 0.065601 0.071796 0.067000 0.084087 0.047215 0.076692 0.052810 0.071297 0.051312 
0.056408 0.062103 0.095978 0.081289 0.056907 0.051711 0.066000 0.065701 0.057107 0.080789 0.053210 0.075893 0.054009 0.073395 0.069498 
0.060804 0.054009 0.092780 0.080590 0.067499 0.057607 0.064502 0.068199 0.063303 0.091581 0.049913 0.072795 0.048514 0.071396 0.056508 
0.057507 0.061804 0.087384 0.083587 0.063502 0.052511 0.061304 0.065301 0.072596 0.081189 0.053510 0.071197 0.048214 0.075793 0.064602 
0.062403 0.062603 0.091381 0.074794 0.063203 0.058206 0.058406 0.062303 0.059805 0.086085 0.051212 0.069298 0.054909 0.081789 0.063602 
0.066200 0.058506 0.090582 0.076393 0.058106 0.052810 0.065501 0.060205 0.067399 0.087884 0.059605 0.074394 0.047914 0.073895 0.060605 
0.054809 0.054709 0.092381 0.081189 0.066000 0.057107 0.073995 0.065001 0.057707 0.086485 0.055608 0.075194 0.048514 0.071097 0.060205 
0.058406 0.059605 0.096578 0.081989 0.063103 0.052111 0.066000 0.065801 0.063502 0.085686 0.046215 0.075194 0.051112 0.071696 0.063003 
0.072196 0.063602 0.089883 0.080090 0.064602 0.043617 0.063802 0.061704 0.059705 0.084387 0.060505 0.071696 0.056707 0.067899 0.059605 
0.065301 0.059405 0.092081 0.072096 0.065201 0.051911 0.062203 0.069198 0.062903 0.086885 0.052311 0.075194 0.057107 0.076093 0.052111 
0.074894 0.054109 0.093280 0.080190 0.058706 0.056608 0.059905 0.062903 0.060904 0.080789 0.053110 0.076093 0.055009 0.073395 0.060105 
0.065901 0.057107 0.097677 0.080490 0.063303 0.052111 0.070497 0.058106 0.060405 0.083987 0.053410 0.073195 0.050412 0.074094 0.059306 
0.057307 0.048214 0.092081 0.077092 0.063303 0.060804 0.064102 0.063003 0.061404 0.094579 0.051212 0.077792 0.049113 0.079990 0.060005 
0.054809 0.056707 0.094579 0.088584 0.060205 0.048913 0.057507 0.064002 0.063103 0.088484 0.058206 0.070097 0.057107 0.079990 0.057707 
0.067699 0.057207 0.095378 0.073495 0.063103 0.044916 0.067599 0.063502 0.054809 0.083887 0.053410 0.075693 0.056807 0.080590 0.061904 
0.067300 0.057307 0.094879 0.074994 0.064002 0.048214 0.066000 0.064502 0.057207 0.091581 0.053210 0.062903 0.055009 0.077992 0.064901 
0.064502 0.060704 0.089783 0.083787 0.058206 0.054309 0.068299 0.068898 0.056907 0.086285 0.047814 0.071796 0.055209 0.075593 0.057907 
0.070897 0.062603 0.088683 0.078691 0.065201 0.052011 0.068898 0.065501 0.051811 0.076892 0.056008 0.076193 0.056408 0.071696 0.058506 
0.057707 0.048514 0.091681 0.076892 0.055908 0.055408 0.065701 0.069998 0.065501 0.091681 0.052810 0.074194 0.057607 0.074594 0.061804 
0.061104 0.056807 0.093180 0.086985 0.057407 0.052211 0.063802 0.059006 0.071396 0.089783 0.053710 0.070397 0.053310 0.074194 0.056707 
0.059805 0.063203 0.092481 0.082788 0.063203 0.055209 0.065401 0.064901 0.066400 0.084786 0.044017 0.076493 0.055309 0.067999 0.058006 
0.064602 0.061104 0.092581 0.079291 0.068399 0.054309 0.063802 0.064302 0.061604 0.084287 0.053010 0.072196 0.053110 0.068998 0.058406 
0.068499 0.059106 0.091881 0.079590 0.058806 0.055808 0.070897 0.067799 0.054209 0.086085 0.054609 0.073395 0.056308 0.071396 0.051611 
0.062703 0.052411 0.088284 0.074694 0.061404 0.055209 0.067200 0.066100 0.067399 0.086885 0.051711 0.070397 0.063203 0.070897 0.061504 
0.068199 0.060405 0.102373 0.077392 0.053910 0.056308 0.063402 0.067399 0.057407 0.084786 0.046415 0.071097 0.053510 0.079890 0.057507 
0.067000 0.062303 0.093380 0.083987 0.061704 0.050412 0.065501 0.062003 0.060005 0.087285 0.053810 0.075094 0.047714 0.069998 0.059805 
0.061404 0.057107 0.096877 0.071896 0.058106 0.051711 0.055309 0.070397 0.058506 0.090682 0.058006 0.074194 0.057707 0.073995 0.064102 
0.059505 0.063402 0.098376 0.081389 0.045516 0.050712 0.071596 0.068998 0.062603 0.089883 0.046415 0.075493 0.055109 0.073495 0.057507 
0.068798 0.062603 0.099375 0.072995 0.058606 0.056707 0.064302 0.071496 0.053210 0.084487 0.051212 0.072096 0.054309 0.073495 0.056308 
0.063902 0.051611 0.091381 0.077892 0.061504 0.055209 0.061504 0.065501 0.061504 0.090382 0.046115 0.078991 0.056707 0.071396 0.066400 
0.061504 0.062203 0.097377 0.074994 0.059106 0.050112 0.062803 0.061904 0.062903 0.091581 0.048214 0.080689 0.057007 0.069598 0.060005 
0.065801 0.060605 0.092680 0.083987 0.064402 0.046315 0.067599 0.059805 0.059106 0.085586 0.050112 0.073695 0.051611 0.078791 0.059905 
0.061804 0.060704 0.086185 0.074194 0.063103 0.056807 0.063802 0.068599 0.058706 0.083887 0.052910 0.079390 0.052111 0.079590 0.058206 
0.056408 0.061404 0.091282 0.071297 0.055808 0.060205 0.067399 0.075094 0.057207 0.088883 0.056508 0.077092 0.049413 0.066200 0.065801 
0.061704 0.060305 0.094079 0.071696 0.066900 0.056108 0.065101 0.061704 0.059805 0.085486 0.059206 0.070597 0.049813 0.077692 0.059805 
0.060505 0.062303 0.097577 0.077192 0.062503 0.054009 0.062503 0.064102 0.061704 0.092680 0.047814 0.078391 0.055408 0.064901 0.058406 
0.069598 0.061704 0.084287 0.077392 0.051212 0.058106 0.065101 0.066700 0.060804 0.089683 0.050912 0.074194 0.050712 0.078991 0.060605 
0.062103 0.065401 0.092481 0.070397 0.058006 0.055808 0.064202 0.058106 0.057007 0.088284 0.056008 0.072995 0.063402 0.074494 0.061304 
0.063502 0.060205 0.092880 0.081489 0.064901 0.051811 0.070197 0.062903 0.055608 0.089983 0.044217 0.070797 0.058206 0.076493 0.056807 
0.068099 0.060305 0.095878 0.079890 0.060305 0.053810 0.057907 0.075094 0.050512 0.086285 0.052611 0.074894 0.050712 0.071796 0.061904 
0.061704 0.062903 0.095578 0.071996 0.063602 0.050912 0.062203 0.066700 0.062203 0.087085 0.052511 0.082588 0.047814 0.069298 0.062903 
0.061004 0.055908 0.087085 0.075393 0.061904 0.052111 0.069098 0.067100 0.068998 0.088184 0.057307 0.070897 0.052011 0.068199 0.064801 
0.052611 0.070697 0.088983 0.087285 0.061904 0.052311 0.059306 0.058706 0.059206 0.088683 0.061304 0.075993 0.062403 0.068698 0.051911 
0.067100 0.062603 0.092780 0.082088 0.058406 0.049713 0.063103 0.062303 0.065201 0.081689 0.049113 0.072695 0.057307 0.076293 0.059605 
0.062803 0.057607 0.089183 0.075693 0.061804 0.049913 0.066000 0.068299 0.063203 0.085686 0.051312 0.074794 0.056508 0.076892 0.060305 
0.070497 0.067300 0.086685 0.085686 0.052411 0.051911 0.067499 0.064801 0.052511 0.085586 0.051711 0.074494 0.051711 0.076293 0.060904 
0.062803 0.066000 0.091681 0.078091 0.059705 0.053710 0.067799 0.064701 0.054809 0.095279 0.050012 0.070697 0.054909 0.071097 0.058706 
0.061104 0.053310 0.088683 0.081289 0.063003 0.052511 0.069398 0.057107 0.060804 0.092281 0.051212 0.077592 0.050312 0.073695 0.067699 
0.072396 0.054409 0.095578 0.072995 0.058506 0.051511 0.064602 0.067000 0.055109 0.087684 0.055908 0.073395 0.054009 0.077492 0.059405 
0.062603 0.059505 0.087285 0.076093 0.061404 0.049513 0.055908 0.069998 0.054909 0.088783 0.056608 0.076892 0.059206 0.077692 0.063602 
0.065001 0.059306 0.099475 0.080789 0.060305 0.045416 0.064402 0.074494 0.065901 0.085986 0.048114 0.074094 0.055708 0.070597 0.050412 
0.070797 0.055408 0.097777 0.072695 0.057207 0.055508 0.058006 0.066500 0.058006 0.090782 0.049913 0.075793 0.057607 0.070297 0.063702 
0.063902 0.072795 0.092081 0.069298 0.058706 0.053910 0.061304 0.070797 0.054209 0.085786 0.049813 0.073995 0.049413 0.074194 0.069798 
0.067300 0.066700 0.098476 0.077892 0.051012 0.051112 0.065601 0.058606 0.062303 0.084487 0.049913 0.075194 0.046415 0.075393 0.069598 
0.063702 0.058506 0.089483 0.081189 0.065601 0.050912 0.069798 0.064302 0.057607 0.078491 0.058706 0.075094 0.057407 0.069698 0.059505 
0.062103 0.055209 0.084886 0.082988 0.064602 0.053010 0.066300 0.071696 0.059006 0.088783 0.048514 0.075693 0.055309 0.067699 0.064202 
0.056608 0.065901 0.088484 0.072895 0.056208 0.048813 0.070597 0.070997 0.061504 0.088284 0.055608 0.077092 0.054009 0.075194 0.057807 
0.062803 0.056108 0.091581 0.077692 0.057507 0.057507 0.063203 0.075493 0.065301 0.084786 0.055209 0.069898 0.047315 0.079390 0.056208 
0.061604 0.068299 0.093380 0.079990 0.055109 0.051411 0.062603 0.066800 0.064102 0.090282 0.052011 0.073895 0.049013 0.070797 0.060704 
0.061004 0.058406 0.096578 0.084786 0.063802 0.056508 0.063103 0.070297 0.058806 0.086785 0.050812 0.072995 0.045116 0.071696 0.059306 
0.064102 0.056907 0.086085 0.082688 0.054809 0.055708 0.064602 0.058106 0.063203 0.088184 0.058106 0.072196 0.052910 0.070597 0.071796 
0.061504 0.062203 0.095378 0.075693 0.055009 0.063103 0.067799 0.061904 0.058306 0.091481 0.046315 0.069898 0.052011 0.074794 0.064602 
0.065801 0.061704 0.093080 0.076293 0.057907 0.054209 0.067300 0.066300 0.057107 0.080190 0.056108 0.075493 0.050612 0.077192 0.060704 
0.062903 0.056008 0.089483 0.077792 0.066700 0.056608 0.071596 0.060505 0.067699 0.095478 0.046315 0.071396 0.044417 0.070597 0.062503 
0.060505 0.058106 0.088683 0.078591 0.065801 0.055009 0.072096 0.065201 0.062303 0.087085 0.058306 0.077292 0.044916 0.072196 0.053910 
0.058706 0.063103 0.089283 0.075094 0.060105 0.047514 0.060804 0.066300 0.061304 0.093080 0.053410 0.072695 0.052710 0.081289 0.064602 
0.059006 0.067599 0.087384 0.072096 0.063902 0.053910 0.066000 0.065501 0.056208 0.091182 0.056408 0.078691 0.046815 0.070597 0.064701 
0.062903 0.059206 0.090682 0.080689 0.064701 0.052311 0.066400 0.068898 0.061604 0.093180 0.046915 0.075993 0.054009 0.068499 0.054009 
0.067899 0.054409 0.092481 0.085586 0.052311 0.053810 0.062503 0.071197 0.066600 0.085486 0.051911 0.069598 0.057607 0.077592 0.051012 
0.061504 0.066100 0.082688 0.078791 0.059405 0.050912 0.062803 0.068499 0.063402 0.092880 0.054009 0.073795 0.052311 0.073595 0.059306 
0.061104 0.056807 0.101574 0.072396 0.062403 0.054209 0.059905 0.066500 0.062803 0.091681 0.049913 0.070697 0.051611 0.078491 0.059905 
0.073395 0.058406 0.088683 0.073895 0.057107 0.059106 0.062803 0.066800 0.056707 0.086985 0.054809 0.077792 0.049813 0.075593 0.058106 
0.060904 0.057807 0.092481 0.078491 0.060005 0.058706 0.068199 0.055009 0.063902 0.089283 0.055009 0.073095 0.053610 0.071496 0.062003 
0.064202 0.064901 0.086085 0.074694 0.058706 0.054409 0.060605 0.063602 0.066300 0.092481 0.053510 0.071097 0.060804 0.070097 0.058506 
0.066100 0.062203 0.096378 0.074894 0.056608 0.051511 0.058506 0.065101 0.061804 0.081889 0.052611 0.071596 0.054509 0.079690 0.066600 
0.067100 0.055109 0.095378 0.082088 0.059805 0.056907 0.069498 0.065501 0.054409 0.085486 0.057207 0.077092 0.045916 0.075294 0.053210 
0.057407 0.065901 0.092680 0.074794 0.057307 0.053110 0.070597 0.057107 0.057707 0.091781 0.054109 0.076193 0.054209 0.077592 0.059505 
0.061404 0.064402 0.095279 0.079990 0.062603 0.050712 0.061204 0.061004 0.057407 0.092481 0.051411 0.075393 0.059605 0.071297 0.055808 
0.069798 0.057607 0.090782 0.077192 0.058906 0.061704 0.069098 0.064102 0.066200 0.084786 0.049513 0.071996 0.046915 0.070097 0.061304 
0.065701 0.055708 0.097677 0.075294 0.060205 0.047714 0.068599 0.064202 0.059306 0.086585 0.051312 0.068199 0.056907 0.075094 0.067499 
0.063502 0.066500 0.097377 0.073395 0.058906 0.058006 0.063802 0.069098 0.061904 0.093380 0.050312 0.061004 0.050212 0.071896 0.060704 
0.069898 0.059605 0.088783 0.080789 0.067899 0.040120 0.066400 0.069198 0.060405 0.088683 0.047914 0.074694 0.054209 0.074794 0.056608 
0.061904 0.059306 0.097777 0.072895 0.058806 0.053310 0.059705 0.074494 0.058506 0.081389 0.056308 0.073795 0.049413 0.075993 0.066400 
0.064202 0.059605 0.095378 0.080590 0.063902 0.054009 0.064901 0.063702 0.061404 0.088084 0.052810 0.070397 0.056608 0.063003 0.061404 
0.064002 0.066100 0.090682 0.080290 0.058406 0.061104 0.057507 0.065101 0.062703 0.086785 0.056707 0.066900 0.051811 0.074494 0.057407 
0.059605 0.057607 0.096078 0.077292 0.051112 0.055808 0.063902 0.067599 0.056907 0.088084 0.051511 0.082888 0.052011 0.075593 0.064002 
0.061004 0.054809 0.089683 0.078091 0.062303 0.055908 0.068499 0.063203 0.062303 0.083288 0.048314 0.076992 0.052710 0.074094 0.068798 
0.069998 0.066400 0.106070 0.077092 0.050012 0.050012 0.059206 0.057007 0.057407 0.087085 0.055109 0.072296 0.056608 0.079990 0.055708 
0.063103 0.059605 0.089483 0.076992 0.062903 0.049613 0.071396 0.063402 0.066300 0.096578 0.048514 0.073695 0.048913 0.068599 0.060904 
0.053910 0.062903 0.097977 0.072795 0.057707 0.049613 0.069598 0.067699 0.061904 0.093680 0.056508 0.076393 0.052611 0.074494 0.052211 
0.065501 0.051711 0.094879 0.085986 0.063802 0.057607 0.061304 0.070797 0.058406 0.079191 0.050612 0.069198 0.051611 0.080590 0.058806 
0.059605 0.061104 0.096478 0.079890 0.060305 0.049613 0.065901 0.071396 0.059206 0.087984 0.050412 0.081889 0.055209 0.063003 0.058006 
0.060704 0.063902 0.095478 0.088584 0.058706 0.050812 0.066300 0.068898 0.057207 0.081389 0.054409 0.077792 0.051312 0.070397 0.054109 
0.059006 0.058006 0.098676 0.080390 0.059805 0.054609 0.064602 0.058606 0.066500 0.081989 0.051911 0.064901 0.057407 0.078291 0.065301 
0.060605 0.058606 0.091082 0.076992 0.059106 0.054309 0.061404 0.060605 0.061604 0.090382 0.057807 0.079490 0.055209 0.081589 0.051212 
0.060605 0.056707 0.091781 0.075493 0.059106 0.054409 0.072396 0.064402 0.060105 0.087684 0.049813 0.076692 0.050412 0.073495 0.066900 
0.069798 0.065801 0.091082 0.077092 0.055209 0.051012 0.071596 0.060205 0.059106 0.089983 0.047614 0.074094 0.052411 0.075993 0.059006 
0.058206 0.060505 0.088284 0.083987 0.061804 0.057707 0.061704 0.060205 0.060704 0.090082 0.056707 0.077092 0.050812 0.071896 0.060305 
0.062803 0.056108 0.101174 0.071996 0.058806 0.053410 0.062103 0.067300 0.063802 0.096877 0.055908 0.071197 0.047514 0.075793 0.055209 
0.060305 0.056707 0.093380 0.075993 0.059605 0.054109 0.066100 0.065501 0.066700 0.090682 0.054609 0.072196 0.054409 0.066400 0.063303 
0.056907 0.051212 0.090682 0.079790 0.055109 0.051511 0.061604 0.067899 0.055009 0.100375 0.052810 0.081789 0.055908 0.076493 0.062903 
0.068399 0.062403 0.091681 0.080889 0.054809 0.049113 0.065301 0.062903 0.053710 0.084686 0.050712 0.078191 0.053310 0.082188 0.061704 
0.061904 0.058206 0.100075 0.071297 0.062503 0.049213 0.063203 0.064901 0.056308 0.093580 0.055508 0.077592 0.049613 0.066000 0.070097 
0.061204 0.069298 0.093080 0.072995 0.056508 0.048713 0.062803 0.064202 0.056208 0.085186 0.055608 0.080789 0.050912 0.076193 0.066300 
0.061104 0.067599 0.099575 0.068898 0.060005 0.050012 0.062603 0.067499 0.061304 0.090382 0.043717 0.075294 0.049213 0.077592 0.065201 
0.065401 0.055508 0.100874 0.076293 0.062803 0.043318 0.067699 0.070597 0.052411 0.091082 0.049813 0.080889 0.050212 0.066800 0.066300 
0.067499 0.062403 0.092281 0.087484 0.055209 0.047814 0.062303 0.060205 0.061904 0.088384 0.055508 0.070597 0.058306 0.071297 0.058806 
0.063602 0.066100 0.094479 0.078391 0.061604 0.058006 0.061604 0.060005 0.059206 0.081689 0.055608 0.070197 0.052411 0.075194 0.061904 
0.062103 0.060804 0.087584 0.079091 0.063003 0.054209 0.071297 0.065201 0.055808 0.086285 0.051511 0.077592 0.051611 0.079490 0.054409 
0.059705 0.066200 0.091481 0.084686 0.063003 0.047814 0.065901 0.067100 0.059405 0.082188 0.048614 0.071796 0.052611 0.075194 0.064302 
0.060005 0.059006 0.098876 0.072795 0.061904 0.050812 0.059805 0.063203 0.066900 0.084287 0.057907 0.073995 0.051411 0.073495 0.065601 
0.064901 0.068798 0.094179 0.076193 0.052111 0.061204 0.065301 0.054809 0.062703 0.082288 0.054109 0.071596 0.052511 0.075094 0.064202 
0.051711 0.062203 0.097277 0.077192 0.063602 0.044916 0.058506 0.069098 0.066100 0.092281 0.056707 0.075593 0.055908 0.071297 0.057607 
0.067399 0.064502 0.093480 0.079291 0.057807 0.058006 0.057507 0.063203 0.053910 0.090882 0.045916 0.076593 0.051911 0.077292 0.062303 
0.064002 0.064801 0.088184 0.075194 0.056608 0.055309 0.067699 0.062803 0.069798 0.083587 0.057707 0.072695 0.055209 0.068599 0.057807 
0.062403 0.067000 0.098676 0.083487 0.053010 0.053510 0.059705 0.064901 0.059405 0.091282 0.043218 0.073295 0.057107 0.074694 0.058306 
0.069698 0.060605 0.091681 0.079091 0.056608 0.050212 0.060305 0.069798 0.060105 0.082688 0.049613 0.074294 0.060105 0.072296 0.062903 
0.062703 0.061404 0.104372 0.075893 0.057507 0.053910 0.067999 0.064801 0.062703 0.087085 0.052311 0.073895 0.047514 0.063702 0.064202 
0.059605 0.058006 0.085086 0.079690 0.055508 0.050112 0.066300 0.066700 0.064502 0.098176 0.052311 0.070097 0.051212 0.076692 0.066000 
0.064701 0.054509 0.093180 0.080090 0.061304 0.050912 0.068299 0.064801 0.059106 0.089483 0.048614 0.076892 0.053710 0.072196 0.062203 
