0.004065 0.004065 0.004065 0.004065 0.004065 0.004065 0.004065 0.963415 0.004065 0.004065 
0.002809 0.002809 0.002809 0.002809 0.002809 0.002809 0.002809 0.974719 0.002809 0.002809 
0.002242 0.006726 0.002242 0.002242 0.002242 0.002242 0.002242 0.975336 0.002242 0.002242 
0.001597 0.004792 0.001597 0.001597 0.001597 0.001597 0.001597 0.979233 0.004792 0.001597 
0.000430 0.000430 0.000430 0.001291 0.000430 0.644148 0.000430 0.346386 0.005594 0.000430 
0.000220 0.000220 0.000220 0.000220 0.001098 0.812170 0.001098 0.182557 0.001977 0.000220 
0.000184 0.000919 0.000184 0.000552 0.000184 0.831740 0.000184 0.165686 0.000184 0.000184 
0.000153 0.000459 0.000153 0.000765 0.000153 0.854587 0.000153 0.143272 0.000153 0.000153 
0.000151 0.000151 0.000151 0.000454 0.000454 0.866152 0.000151 0.132033 0.000151 0.000151 
0.000148 0.000445 0.000148 0.000148 0.000148 0.852802 0.000445 0.143344 0.000741 0.001631 
0.000108 0.230329 0.000108 0.000108 0.000108 0.671098 0.000108 0.097601 0.000324 0.000108 
0.000106 0.240980 0.000106 0.000106 0.000106 0.663094 0.000106 0.094546 0.000531 0.000318 
0.000103 0.261747 0.000517 0.001138 0.000103 0.644898 0.000310 0.090768 0.000310 0.000103 
0.000641 0.324515 0.000092 0.000092 0.000092 0.596027 0.000458 0.077719 0.000092 0.000275 
0.140490 0.335884 0.000200 0.000067 0.000067 0.461134 0.000200 0.058365 0.003527 0.000067 
0.244467 0.312703 0.000271 0.000054 0.000054 0.386364 0.000163 0.046485 0.009384 0.000054 
0.249973 0.311191 0.000054 0.000483 0.000054 0.374987 0.000054 0.049028 0.014123 0.000054 
0.247680 0.316387 0.000373 0.000053 0.000267 0.380508 0.000373 0.048277 0.005921 0.000160 
0.247024 0.310098 0.000261 0.000157 0.000052 0.374217 0.000052 0.046000 0.022086 0.000052 
0.199992 0.240047 0.000282 0.000201 0.000040 0.272782 0.156559 0.034626 0.094949 0.000523 
0.194341 0.242414 0.000039 0.000348 0.000039 0.270437 0.170421 0.034874 0.086894 0.000194 
0.189110 0.231699 0.000341 0.000038 0.000038 0.264512 0.171832 0.032775 0.109541 0.000114 
0.158633 0.199876 0.000033 0.000228 0.000033 0.219653 0.160259 0.023126 0.147183 0.090977 
0.161755 0.190639 0.000098 0.000033 0.000033 0.218742 0.161170 0.026639 0.148744 0.092148 
0.153042 0.189382 0.000031 0.000031 0.000956 0.204559 0.154029 0.023723 0.167788 0.106460 
0.143511 0.178304 0.000030 0.000089 0.023539 0.197383 0.148768 0.024366 0.183502 0.100508 
0.131789 0.155982 0.000026 0.000026 0.069428 0.183563 0.128348 0.020302 0.213049 0.097485 
0.132194 0.159938 0.000026 0.000026 0.070153 0.175210 0.129076 0.019949 0.218226 0.095202 
0.131520 0.154979 0.000025 0.000025 0.082922 0.164241 0.125515 0.020024 0.225663 0.095084 
0.126861 0.155570 0.000076 0.000127 0.086861 0.171165 0.123671 0.021544 0.222354 0.091772 
0.125756 0.144207 0.000025 0.000372 0.090244 0.162459 0.125558 0.018079 0.237501 0.095799 
0.118699 0.141424 0.000023 0.036683 0.081104 0.159380 0.108365 0.015080 0.250608 0.088633 
0.115961 0.141525 0.000023 0.052775 0.079197 0.147035 0.112980 0.018224 0.246805 0.085475 
0.118176 0.140869 0.000158 0.058987 0.077574 0.154945 0.105409 0.017211 0.242917 0.083754 
0.116291 0.139500 0.000023 0.055273 0.079698 0.148062 0.105475 0.018905 0.250631 0.086142 
0.109214 0.133922 0.000022 0.068788 0.080035 0.145302 0.107310 0.017867 0.252723 0.084817 
0.112183 0.136330 0.000022 0.074300 0.076225 0.136549 0.103346 0.017826 0.261002 0.082218 
0.109555 0.136906 0.000066 0.072156 0.076918 0.149096 0.103832 0.016756 0.253954 0.080763 
0.104431 0.128821 0.019734 0.077368 0.075113 0.140975 0.098877 0.018147 0.258207 0.078329 
0.097895 0.127178 0.060567 0.075132 0.069184 0.123975 0.092138 0.012983 0.267492 0.073455 
0.096466 0.128930 0.066270 0.067479 0.068689 0.125076 0.092007 0.013209 0.270011 0.071863 
0.093495 0.127389 0.075975 0.071318 0.066291 0.119885 0.091240 0.015395 0.271798 0.067215 
0.095933 0.123995 0.075289 0.069698 0.067214 0.125091 0.090124 0.014670 0.268909 0.069077 
0.089768 0.112767 0.114443 0.065863 0.061639 0.113605 0.085879 0.013763 0.278556 0.063717 
0.085444 0.120077 0.113184 0.067442 0.059244 0.119943 0.083570 0.013903 0.275640 0.061553 
0.084295 0.117285 0.127783 0.063168 0.060601 0.115822 0.083287 0.012335 0.276546 0.058878 
0.074483 0.107058 0.153568 0.060431 0.057296 0.106274 0.079361 0.012295 0.290109 0.059125 
0.075951 0.097884 0.164350 0.062159 0.055180 0.101678 0.082459 0.014664 0.289000 0.056676 
