0.004065 0.012195 0.004065 0.004065 0.004065 0.004065 0.004065 0.955285 0.004065 0.004065 
0.002809 0.002809 0.002809 0.002809 0.002809 0.002809 0.002809 0.974719 0.002809 0.002809 
0.002242 0.006726 0.002242 0.002242 0.002242 0.002242 0.002242 0.970852 0.006726 0.002242 
0.001597 0.001597 0.001597 0.001597 0.001597 0.011182 0.001597 0.976038 0.001597 0.001597 
0.000430 0.001291 0.000430 0.000430 0.000430 0.405766 0.000430 0.583046 0.007315 0.000430 
0.000220 0.000659 0.000220 0.000220 0.000220 0.617091 0.000220 0.380712 0.000220 0.000220 
0.000184 0.000184 0.000184 0.001287 0.000184 0.665502 0.000184 0.331924 0.000184 0.000184 
0.000153 0.000459 0.000153 0.000153 0.000153 0.701376 0.000153 0.296177 0.000459 0.000765 
0.000151 0.001059 0.000151 0.000151 0.000151 0.701906 0.000151 0.293860 0.001361 0.001059 
0.000148 0.000445 0.000148 0.000445 0.000148 0.692114 0.000148 0.306107 0.000148 0.000148 
0.000108 0.037938 0.000108 0.000108 0.000108 0.722763 0.000108 0.236814 0.001837 0.000108 
0.000106 0.051252 0.000106 0.000106 0.000106 0.702992 0.000531 0.244164 0.000531 0.000106 
0.000103 0.057649 0.000103 0.000103 0.000310 0.708652 0.000103 0.232561 0.000310 0.000103 
0.008330 0.159008 0.000275 0.000458 0.000458 0.621476 0.000092 0.209722 0.000092 0.000092 
0.112405 0.268268 0.000067 0.000333 0.000067 0.471649 0.000067 0.146746 0.000067 0.000333 
0.213007 0.298601 0.000054 0.000054 0.000054 0.373020 0.000054 0.115047 0.000054 0.000054 
0.224197 0.295940 0.000054 0.000161 0.000054 0.366609 0.000054 0.112716 0.000054 0.000161 
0.214499 0.284807 0.000267 0.000373 0.000053 0.372933 0.000267 0.125093 0.001014 0.000693 
0.219455 0.296000 0.000052 0.000052 0.000052 0.365445 0.000261 0.117847 0.000574 0.000261 
0.186801 0.251709 0.000040 0.000040 0.000040 0.309378 0.159294 0.086423 0.000523 0.005751 
0.187452 0.241562 0.000116 0.000039 0.000039 0.295131 0.174524 0.086352 0.000658 0.014128 
0.181760 0.245036 0.000265 0.000114 0.000114 0.284821 0.177516 0.084912 0.000038 0.025424 
0.153103 0.203975 0.000033 0.000293 0.000098 0.237542 0.159153 0.070355 0.014735 0.160714 
0.155120 0.203454 0.000163 0.000033 0.000033 0.231557 0.165398 0.064696 0.020329 0.159218 
0.149155 0.189197 0.000031 0.000463 0.000031 0.213814 0.154584 0.058274 0.067096 0.167356 
0.137545 0.180371 0.000089 0.000089 0.020704 0.209493 0.147055 0.058273 0.078888 0.167494 
0.129513 0.165352 0.000026 0.000026 0.069269 0.186157 0.133430 0.048941 0.109238 0.158047 
0.125112 0.164852 0.000026 0.000079 0.072636 0.183718 0.138112 0.049332 0.107198 0.158934 
0.123124 0.161595 0.000178 0.000025 0.082718 0.175385 0.126889 0.049285 0.123683 0.157117 
0.124228 0.163063 0.000025 0.000076 0.086253 0.169291 0.125038 0.047367 0.128025 0.156633 
0.119656 0.157896 0.000025 0.000620 0.085433 0.173371 0.128236 0.045705 0.130419 0.158640 
0.107851 0.151758 0.000023 0.039255 0.083022 0.158211 0.115286 0.047858 0.142874 0.153862 
0.107967 0.149609 0.000113 0.061492 0.080778 0.157287 0.112755 0.043426 0.140441 0.146132 
0.106943 0.149035 0.000023 0.063769 0.076762 0.158824 0.114703 0.043422 0.137485 0.149035 
0.108585 0.149324 0.000023 0.065863 0.078662 0.153921 0.114173 0.042835 0.139905 0.146710 
0.105761 0.143442 0.000022 0.076625 0.078529 0.156416 0.110543 0.043416 0.135605 0.149641 
0.106977 0.149322 0.000022 0.083661 0.073425 0.149934 0.111570 0.043154 0.137117 0.144816 
0.102958 0.145513 0.000109 0.080064 0.075476 0.151149 0.113706 0.041397 0.145120 0.144508 
0.100255 0.141392 0.024954 0.086138 0.070226 0.142687 0.105099 0.045210 0.144065 0.139972 
0.093549 0.133050 0.076086 0.081195 0.064685 0.137969 0.093777 0.037385 0.149255 0.133050 
0.094879 0.130745 0.080707 0.080593 0.069407 0.130367 0.093405 0.036754 0.148847 0.134297 
0.095897 0.132342 0.090686 0.076936 0.064702 0.133266 0.095121 0.036352 0.146720 0.127980 
0.093412 0.126005 0.091841 0.076933 0.065971 0.135030 0.092535 0.038530 0.146503 0.133240 
0.087756 0.123428 0.136034 0.078804 0.058789 0.123831 0.087153 0.032001 0.150049 0.122154 
0.086649 0.124092 0.132056 0.076711 0.059311 0.127004 0.087920 0.035352 0.148218 0.122687 
0.084295 0.118162 0.148942 0.074512 0.058846 0.129701 0.085075 0.035834 0.149787 0.114847 
0.080987 0.117103 0.178507 0.070128 0.052128 0.116522 0.084383 0.032734 0.148400 0.119106 
0.077778 0.110457 0.191739 0.071187 0.052688 0.114085 0.081019 0.032111 0.155931 0.113005 
