0.000707 0.000707 0.462898 0.000707 0.000707 0.000707 0.003534 0.000707 0.034629 0.440283 0.006360 0.000707 0.002120 0.044523 0.000707 
0.001137 0.001895 0.496021 0.000379 0.000379 0.000379 0.000379 0.001895 0.029178 0.413414 0.000379 0.001137 0.001895 0.051156 0.000379 
0.000632 0.000211 0.462397 0.062145 0.000632 0.001053 0.001475 0.004003 0.053297 0.336844 0.001053 0.000632 0.000211 0.075205 0.000211 
0.001340 0.000744 0.419979 0.084413 0.005806 0.001638 0.003126 0.001340 0.081733 0.273783 0.000744 0.000447 0.000447 0.121334 0.003126 
0.000110 0.000771 0.305516 0.114169 0.034680 0.000550 0.059121 0.017725 0.127821 0.213035 0.000550 0.000330 0.000110 0.125399 0.000110 
0.000256 0.001107 0.214073 0.108783 0.067893 0.001448 0.074367 0.065508 0.143879 0.173013 0.000085 0.000085 0.000085 0.147798 0.001619 
0.000217 0.010066 0.175610 0.125353 0.076689 0.017452 0.092331 0.083351 0.132015 0.139692 0.002535 0.000217 0.007749 0.105366 0.031356 
0.020133 0.027791 0.139481 0.101459 0.091161 0.046274 0.086012 0.077563 0.116773 0.122450 0.004687 0.000066 0.021586 0.101195 0.043369 
0.029749 0.038950 0.130099 0.088634 0.079311 0.053548 0.078574 0.077102 0.088389 0.113783 0.012697 0.004846 0.051831 0.083114 0.069374 
0.059376 0.050087 0.094105 0.078165 0.068137 0.053993 0.076793 0.069932 0.083866 0.089671 0.043120 0.055259 0.059587 0.063071 0.054837 
0.059805 0.074894 0.088184 0.069398 0.062903 0.053510 0.060305 0.062103 0.069098 0.081789 0.057607 0.063502 0.062103 0.071297 0.063502 
0.064701 0.073195 0.077592 0.081789 0.052311 0.061004 0.073695 0.065101 0.065501 0.076892 0.053010 0.064102 0.064202 0.069798 0.057107 
0.068299 0.062103 0.089883 0.073395 0.061104 0.054609 0.066500 0.056308 0.070797 0.089283 0.070797 0.060005 0.057107 0.064102 0.055708 
0.059905 0.070197 0.078391 0.070697 0.060105 0.068898 0.061404 0.066000 0.067699 0.077192 0.055908 0.061104 0.063103 0.080789 0.058606 
0.061204 0.072596 0.075493 0.072795 0.068798 0.063902 0.065501 0.055608 0.066900 0.082988 0.061504 0.059405 0.069798 0.065401 0.058106 
0.056508 0.060605 0.093780 0.070197 0.066800 0.069698 0.065601 0.067499 0.061104 0.085186 0.044816 0.071996 0.058306 0.064602 0.063303 
0.070397 0.066300 0.082488 0.066000 0.063303 0.055808 0.062203 0.054709 0.066500 0.084686 0.065601 0.063103 0.066700 0.073195 0.059006 
0.064901 0.070497 0.075094 0.072695 0.065501 0.060605 0.057807 0.052810 0.056008 0.089283 0.051711 0.065401 0.070897 0.083487 0.063303 
0.066000 0.064002 0.078891 0.070197 0.065601 0.060305 0.064602 0.065801 0.063402 0.076293 0.049413 0.073495 0.064502 0.075094 0.062403 
0.058506 0.065701 0.081589 0.075793 0.063203 0.065701 0.073595 0.055009 0.064901 0.080989 0.056608 0.069998 0.057307 0.068599 0.062503 
0.061304 0.071496 0.087884 0.066000 0.056807 0.062103 0.071496 0.056208 0.058906 0.085986 0.057207 0.063203 0.070597 0.064801 0.066000 
0.059206 0.067899 0.089983 0.077292 0.056907 0.050312 0.070997 0.067799 0.067399 0.076493 0.053110 0.067799 0.066800 0.062703 0.065301 
0.066300 0.064402 0.088184 0.082688 0.059805 0.067799 0.068199 0.060305 0.068399 0.070097 0.051112 0.069798 0.054809 0.066400 0.061704 
0.057507 0.065201 0.082388 0.076792 0.058406 0.059505 0.069398 0.064602 0.059805 0.077792 0.065001 0.063303 0.069898 0.068499 0.061904 
0.075993 0.066600 0.079291 0.064901 0.058006 0.053710 0.060605 0.066600 0.065701 0.076692 0.060605 0.068199 0.061104 0.074894 0.067100 
0.061004 0.067599 0.084487 0.065001 0.061604 0.056308 0.069798 0.060704 0.064701 0.088084 0.063003 0.063802 0.060704 0.066300 0.066900 
0.066800 0.069098 0.081289 0.071097 0.053610 0.056208 0.064202 0.075493 0.066700 0.076493 0.059705 0.064502 0.065601 0.070497 0.058706 
0.063103 0.060205 0.087984 0.073695 0.063702 0.051711 0.064202 0.066200 0.064002 0.080390 0.057407 0.063902 0.060305 0.071896 0.071297 
0.065301 0.072096 0.084786 0.070697 0.064302 0.063702 0.063702 0.058506 0.056907 0.074594 0.060005 0.068898 0.067999 0.072795 0.055708 
0.061604 0.071197 0.093880 0.071896 0.060804 0.064602 0.069998 0.055608 0.058906 0.077792 0.048514 0.069198 0.063602 0.068099 0.064302 
0.069898 0.069298 0.091881 0.069198 0.054809 0.057007 0.060605 0.065201 0.066800 0.076493 0.059306 0.072096 0.061504 0.067599 0.058306 
0.061304 0.067200 0.087185 0.075793 0.058206 0.066300 0.060804 0.059006 0.068898 0.077692 0.048214 0.077592 0.061304 0.068099 0.062403 
0.061104 0.063203 0.084387 0.073795 0.061104 0.060405 0.066800 0.060904 0.068299 0.078591 0.057207 0.069898 0.064402 0.063602 0.066300 
0.063402 0.068698 0.089083 0.067999 0.061504 0.063203 0.056907 0.057607 0.068399 0.073995 0.056108 0.071896 0.068599 0.071696 0.060904 
0.073095 0.064402 0.083987 0.063802 0.067499 0.057007 0.061204 0.064202 0.072496 0.084287 0.057207 0.059106 0.059405 0.068299 0.064002 
0.073195 0.062903 0.085986 0.071297 0.060205 0.064502 0.068099 0.064402 0.061604 0.073595 0.056308 0.071396 0.063702 0.065201 0.057607 
0.062503 0.056008 0.081489 0.073795 0.063702 0.055508 0.072296 0.061204 0.066300 0.080889 0.063802 0.069998 0.058906 0.074294 0.059306 
0.065201 0.072396 0.091182 0.077192 0.055009 0.062903 0.061504 0.062903 0.062903 0.081089 0.047514 0.063802 0.058306 0.068798 0.069298 
0.063602 0.065501 0.086285 0.072795 0.063402 0.057307 0.062003 0.065301 0.074594 0.070397 0.048813 0.059905 0.070397 0.073595 0.066100 
0.064402 0.057007 0.089083 0.074794 0.050612 0.064002 0.067799 0.067399 0.066100 0.078591 0.055009 0.072096 0.056807 0.069798 0.066500 
0.067000 0.068698 0.089083 0.064502 0.059006 0.060305 0.063902 0.064002 0.060605 0.087684 0.054009 0.072795 0.053810 0.067300 0.067300 
0.062403 0.061004 0.083487 0.070897 0.062903 0.064302 0.063702 0.052311 0.066700 0.073395 0.057507 0.068698 0.070897 0.072096 0.069698 
0.051711 0.073795 0.071796 0.072995 0.066300 0.065001 0.061404 0.064602 0.071796 0.078391 0.052111 0.072296 0.058506 0.076293 0.063003 
0.064302 0.074094 0.087285 0.070897 0.058006 0.066200 0.061104 0.058006 0.073195 0.076692 0.054409 0.060405 0.067899 0.068798 0.058706 
0.052611 0.070297 0.089583 0.084886 0.055908 0.060605 0.057307 0.055708 0.074594 0.081889 0.064602 0.064102 0.071396 0.061904 0.054609 
0.063103 0.063902 0.079291 0.080190 0.063402 0.060605 0.067899 0.055808 0.070097 0.083787 0.056208 0.071896 0.060305 0.066600 0.056907 
0.067399 0.062603 0.095079 0.070897 0.056608 0.056608 0.055908 0.062203 0.064602 0.076593 0.065301 0.067300 0.067399 0.071297 0.060205 
0.065101 0.055408 0.089883 0.073095 0.067399 0.057507 0.064502 0.058706 0.062003 0.079890 0.049613 0.072995 0.073295 0.066800 0.063802 
0.063602 0.057907 0.086185 0.080590 0.061704 0.056907 0.064302 0.053810 0.067000 0.085486 0.059206 0.067799 0.064502 0.068898 0.062103 
0.061004 0.070597 0.081989 0.078391 0.062503 0.064102 0.051511 0.061504 0.067599 0.076393 0.057907 0.073095 0.057107 0.077592 0.058706 
0.060105 0.066500 0.092481 0.074494 0.060205 0.054209 0.068798 0.063303 0.059505 0.067799 0.053810 0.073495 0.066100 0.071097 0.068099 
0.066100 0.065301 0.083887 0.068199 0.067999 0.054909 0.066000 0.057207 0.067899 0.075094 0.058006 0.074894 0.065601 0.071596 0.057307 
0.065301 0.060704 0.084287 0.071596 0.069498 0.060405 0.065201 0.056408 0.062603 0.088084 0.052111 0.066600 0.061304 0.070397 0.065501 
0.059905 0.060405 0.089883 0.068299 0.059006 0.064402 0.071696 0.058606 0.069398 0.086085 0.062903 0.067499 0.055808 0.070697 0.055408 
0.066500 0.067100 0.081889 0.071197 0.068499 0.064402 0.060205 0.057907 0.065301 0.074694 0.057307 0.060005 0.070797 0.071796 0.062403 
0.060704 0.070597 0.087384 0.079091 0.061104 0.060105 0.067999 0.058606 0.072895 0.084786 0.055209 0.057207 0.058206 0.063402 0.062703 
0.066200 0.066100 0.090382 0.069498 0.059905 0.058806 0.070597 0.065701 0.060904 0.080290 0.052111 0.065301 0.064302 0.068399 0.061504 
0.063602 0.072296 0.086085 0.070797 0.059905 0.059306 0.064202 0.061604 0.059805 0.081189 0.060005 0.065701 0.068698 0.066200 0.060605 
0.071197 0.062203 0.080190 0.071896 0.054609 0.057307 0.060605 0.063702 0.065101 0.082688 0.059705 0.070297 0.064801 0.069598 0.066100 
0.055808 0.058206 0.091881 0.075993 0.057007 0.060605 0.058806 0.057207 0.068599 0.080390 0.058706 0.072196 0.061104 0.071297 0.072196 
0.055908 0.062503 0.084886 0.076792 0.065901 0.059306 0.066300 0.064402 0.065301 0.083587 0.058206 0.064202 0.064302 0.071097 0.057307 
0.059905 0.068499 0.087784 0.076792 0.062603 0.058106 0.065701 0.063303 0.063502 0.084387 0.052910 0.065301 0.056807 0.065601 0.068798 
0.060105 0.064901 0.088084 0.065101 0.056208 0.064002 0.059405 0.065701 0.074194 0.081989 0.047215 0.070097 0.067499 0.066400 0.069098 
0.060005 0.069598 0.080290 0.076593 0.061904 0.054709 0.066800 0.065501 0.068199 0.074294 0.052111 0.069598 0.064302 0.070697 0.065401 
0.065301 0.066900 0.081589 0.071996 0.061904 0.056308 0.067300 0.055508 0.067799 0.080290 0.059106 0.065101 0.071197 0.063902 0.065801 
0.064502 0.060305 0.086285 0.063902 0.069998 0.052710 0.068798 0.062703 0.060305 0.076992 0.055408 0.077192 0.062103 0.071396 0.067399 
0.064202 0.067999 0.087984 0.081689 0.055309 0.057507 0.068499 0.055608 0.068898 0.076792 0.053310 0.069598 0.061004 0.068698 0.062903 
0.068099 0.068499 0.086785 0.078791 0.064901 0.067399 0.065401 0.056308 0.062703 0.083787 0.051711 0.064602 0.058806 0.072795 0.049413 
0.055608 0.068399 0.088284 0.067399 0.057607 0.059006 0.066100 0.061504 0.069498 0.086585 0.059006 0.068499 0.059805 0.070897 0.061804 
0.067200 0.061704 0.083387 0.063502 0.058206 0.065201 0.075593 0.060505 0.069298 0.074894 0.050812 0.068698 0.063203 0.074094 0.063702 
0.059705 0.067100 0.081889 0.065601 0.058006 0.057607 0.063103 0.060305 0.065601 0.086385 0.063702 0.066800 0.063103 0.075893 0.065201 
0.071297 0.059405 0.086485 0.070897 0.061004 0.059505 0.064801 0.052411 0.070597 0.076792 0.055608 0.067499 0.058706 0.078391 0.066600 
0.057307 0.070097 0.090082 0.070197 0.057807 0.069198 0.066700 0.065801 0.061304 0.084087 0.053510 0.064701 0.058006 0.069298 0.061904 
0.062103 0.067499 0.083987 0.073495 0.066300 0.055708 0.066900 0.051911 0.055209 0.081589 0.055408 0.070397 0.066400 0.077892 0.065201 
0.074394 0.056807 0.076093 0.079091 0.062003 0.063203 0.065301 0.061804 0.074794 0.081189 0.060205 0.062303 0.069798 0.057007 0.056008 
0.060405 0.063802 0.084886 0.075593 0.054109 0.059605 0.071396 0.065101 0.068898 0.074294 0.058006 0.066000 0.066500 0.071197 0.060205 
0.072995 0.058106 0.085886 0.066500 0.071996 0.061504 0.062803 0.060205 0.066800 0.086485 0.049513 0.065501 0.061204 0.065701 0.064801 
0.062303 0.063203 0.078791 0.072096 0.059605 0.065101 0.061904 0.063702 0.061104 0.079690 0.050112 0.068499 0.068898 0.066300 0.078691 
0.065901 0.066700 0.095578 0.071996 0.067100 0.062903 0.063402 0.055908 0.055508 0.077192 0.052311 0.068299 0.060904 0.079390 0.056907 
0.058406 0.073395 0.081589 0.068898 0.058406 0.066800 0.065001 0.058606 0.067300 0.078891 0.059705 0.066600 0.055309 0.074694 0.066400 
0.070297 0.070297 0.087085 0.076892 0.061704 0.065501 0.059206 0.051511 0.068199 0.080090 0.051112 0.070197 0.053910 0.067899 0.066100 
0.064502 0.064002 0.083088 0.065701 0.057107 0.064502 0.066300 0.056308 0.065401 0.078991 0.060904 0.070397 0.064402 0.074994 0.063402 
0.064102 0.063502 0.089483 0.075393 0.061504 0.057107 0.061204 0.064202 0.063902 0.075793 0.056707 0.070197 0.070197 0.057907 0.068798 
0.057907 0.061304 0.085986 0.068599 0.054209 0.066200 0.070197 0.065201 0.070097 0.077592 0.049313 0.062603 0.066400 0.072596 0.071796 
0.062203 0.066400 0.083987 0.080490 0.062503 0.057507 0.065301 0.053410 0.068798 0.071896 0.052411 0.077992 0.065101 0.069098 0.062903 
0.058606 0.070497 0.087884 0.063203 0.051611 0.060804 0.072995 0.062803 0.068499 0.076093 0.056508 0.071097 0.064502 0.069998 0.064901 
0.068099 0.062403 0.085286 0.073995 0.066100 0.065701 0.061304 0.050812 0.066300 0.077492 0.055408 0.070797 0.060405 0.074294 0.061604 
0.062603 0.072695 0.090482 0.066900 0.060005 0.071596 0.071197 0.042618 0.076093 0.080290 0.058506 0.058106 0.056508 0.068798 0.063602 
0.059505 0.065701 0.081289 0.077092 0.064502 0.061604 0.066200 0.061204 0.067599 0.080090 0.048114 0.062903 0.064402 0.072995 0.066800 
0.052311 0.069498 0.080989 0.070797 0.061904 0.064901 0.062003 0.057407 0.068798 0.082688 0.056807 0.066900 0.066100 0.070897 0.067999 
0.065101 0.072795 0.087984 0.076992 0.056208 0.058906 0.066400 0.055109 0.065301 0.073495 0.053910 0.066500 0.070297 0.070697 0.060305 
0.062903 0.059805 0.076892 0.071097 0.067799 0.073895 0.065401 0.064901 0.058606 0.076992 0.061404 0.065801 0.062503 0.067499 0.064502 
0.062703 0.057407 0.081489 0.076892 0.062203 0.052611 0.068599 0.065701 0.066400 0.077492 0.056707 0.069598 0.068399 0.068199 0.065601 
0.063203 0.067699 0.078791 0.069298 0.065201 0.055808 0.071596 0.060305 0.062503 0.080590 0.053310 0.074794 0.059106 0.073995 0.063802 
0.063003 0.061104 0.083587 0.079091 0.058206 0.046915 0.066500 0.068499 0.069598 0.079490 0.052611 0.071097 0.067599 0.070997 0.061704 
0.065101 0.060704 0.086385 0.064402 0.063402 0.067799 0.071496 0.063203 0.071396 0.075194 0.055908 0.058906 0.063702 0.074494 0.057907 
0.067699 0.070697 0.085386 0.074294 0.068798 0.053910 0.055109 0.057407 0.068299 0.075793 0.053110 0.058806 0.071996 0.068299 0.070397 
0.065601 0.059405 0.087384 0.074194 0.062303 0.051411 0.068499 0.058206 0.074294 0.076992 0.056208 0.071097 0.066100 0.068499 0.059805 
0.056508 0.067100 0.082188 0.062803 0.058906 0.068898 0.067699 0.068099 0.070297 0.078791 0.056408 0.069398 0.065301 0.070897 0.056707 
0.057607 0.061404 0.092281 0.072196 0.057807 0.065301 0.063203 0.070097 0.069298 0.077792 0.063702 0.060605 0.061104 0.071796 0.055808 
0.064102 0.061904 0.090982 0.074894 0.055009 0.059505 0.066800 0.061304 0.061104 0.080789 0.058206 0.065301 0.067699 0.068199 0.064202 
0.065101 0.067000 0.080390 0.068599 0.059605 0.064502 0.068998 0.059505 0.074194 0.077892 0.053510 0.067899 0.068599 0.064602 0.059605 
0.061504 0.067599 0.090282 0.077592 0.057607 0.064002 0.066400 0.062303 0.066700 0.084387 0.055209 0.063902 0.053810 0.065201 0.063502 
0.068299 0.060405 0.080290 0.079390 0.054109 0.066200 0.067799 0.066100 0.067000 0.076093 0.053810 0.059905 0.068998 0.063003 0.068599 
0.055508 0.073395 0.082488 0.074494 0.057007 0.063602 0.065501 0.056608 0.062403 0.077292 0.062003 0.066600 0.065401 0.075094 0.062603 
0.058706 0.066200 0.089583 0.074194 0.058206 0.062403 0.072995 0.061004 0.074794 0.080090 0.058806 0.067599 0.050512 0.066600 0.058306 
0.063902 0.068399 0.092780 0.067999 0.056907 0.057107 0.060305 0.060704 0.070697 0.083887 0.051911 0.066400 0.065801 0.068998 0.064202 
0.065901 0.068499 0.090082 0.067000 0.058206 0.061104 0.069198 0.062103 0.072196 0.079590 0.051911 0.063502 0.062203 0.063402 0.065101 
0.069498 0.068499 0.090482 0.071596 0.051911 0.062703 0.069498 0.058206 0.063502 0.074994 0.051511 0.071496 0.059106 0.069698 0.067300 
0.062603 0.072496 0.088983 0.073995 0.057307 0.061804 0.060704 0.057807 0.060005 0.085586 0.054609 0.076892 0.065601 0.065901 0.055708 
0.058906 0.059206 0.090882 0.072995 0.065901 0.061804 0.069698 0.058306 0.056707 0.081489 0.058706 0.065201 0.057007 0.070897 0.072296 
0.048813 0.062103 0.084387 0.067399 0.068599 0.061204 0.071197 0.065401 0.068199 0.083587 0.055808 0.070697 0.065801 0.068898 0.057907 
0.059306 0.062103 0.083387 0.068099 0.064701 0.065601 0.065301 0.062903 0.063103 0.071896 0.054209 0.072995 0.067100 0.073095 0.066200 
0.061104 0.071197 0.084686 0.070297 0.053410 0.061604 0.072396 0.053410 0.058506 0.082088 0.057907 0.069498 0.070197 0.068199 0.065501 
0.068199 0.067799 0.080490 0.070597 0.060405 0.062503 0.062003 0.064102 0.060005 0.082388 0.056208 0.060405 0.066600 0.075493 0.062803 
0.065101 0.059306 0.090782 0.077592 0.055908 0.066100 0.065801 0.062203 0.063003 0.075194 0.057407 0.069798 0.062603 0.063502 0.065701 
0.065501 0.053310 0.085786 0.071896 0.059905 0.060305 0.064302 0.073695 0.070697 0.072496 0.058806 0.067799 0.061304 0.068898 0.065301 
0.067599 0.066900 0.086185 0.081589 0.061504 0.057507 0.061504 0.055109 0.062903 0.081989 0.044517 0.074894 0.065201 0.069198 0.063402 
0.064801 0.062403 0.082788 0.077992 0.062103 0.053710 0.067399 0.057607 0.073095 0.074694 0.055708 0.066300 0.066000 0.075593 0.059805 
0.059505 0.064102 0.088983 0.070097 0.060904 0.054509 0.070597 0.054909 0.066300 0.083387 0.051811 0.060605 0.069698 0.069798 0.074794 
0.065401 0.072096 0.088783 0.076992 0.060305 0.062803 0.061504 0.062203 0.061504 0.076193 0.050312 0.069998 0.059306 0.069698 0.062903 
0.056608 0.068599 0.075893 0.067200 0.060904 0.061404 0.073095 0.067399 0.065301 0.082188 0.057207 0.064402 0.061104 0.065901 0.072795 
0.068599 0.063303 0.089383 0.075393 0.058506 0.058006 0.063203 0.053010 0.067499 0.083887 0.052411 0.067000 0.065801 0.073795 0.060205 
0.063802 0.068199 0.085186 0.066200 0.056907 0.065701 0.065801 0.062703 0.067599 0.081189 0.055908 0.066400 0.056108 0.073295 0.065001 
0.062503 0.060205 0.094079 0.074594 0.058106 0.063103 0.061404 0.063702 0.066800 0.080989 0.058606 0.069898 0.062503 0.070497 0.053010 
0.066300 0.066300 0.083687 0.069798 0.062703 0.055209 0.068499 0.056807 0.066900 0.074894 0.054009 0.065401 0.065901 0.074894 0.068698 
0.062903 0.070297 0.079990 0.070797 0.064102 0.061704 0.072596 0.055608 0.074994 0.081689 0.054109 0.064901 0.058106 0.064701 0.063502 
0.061304 0.066200 0.089583 0.074494 0.056208 0.063802 0.070497 0.060804 0.070297 0.077692 0.058006 0.061104 0.065001 0.068898 0.056108 
0.057007 0.066700 0.088484 0.070697 0.062703 0.052810 0.070097 0.057207 0.066900 0.074394 0.062503 0.070197 0.062103 0.072995 0.065201 
0.064202 0.062903 0.081789 0.065201 0.064801 0.062503 0.062003 0.061104 0.066300 0.079590 0.054609 0.070197 0.067399 0.077192 0.060205 
0.066400 0.067399 0.083687 0.069598 0.062703 0.061004 0.066200 0.057307 0.061704 0.075593 0.052910 0.070097 0.066500 0.075693 0.063203 
0.063702 0.070397 0.085986 0.069298 0.059006 0.059206 0.060305 0.059306 0.064002 0.082888 0.055908 0.067399 0.059006 0.077392 0.066200 
0.062203 0.059905 0.093180 0.064202 0.064402 0.059805 0.065301 0.063003 0.073095 0.074994 0.054809 0.073695 0.062403 0.071396 0.057607 
0.060904 0.062903 0.084886 0.081989 0.063303 0.064701 0.065201 0.056707 0.071097 0.075693 0.050412 0.065901 0.070797 0.064402 0.061104 
0.064002 0.067799 0.089583 0.068499 0.056308 0.057307 0.066800 0.059605 0.068698 0.079790 0.057107 0.068499 0.064002 0.066600 0.065401 
0.058606 0.064102 0.081589 0.075393 0.062503 0.061704 0.062803 0.057107 0.068599 0.080590 0.045716 0.071696 0.071796 0.070497 0.067300 
0.067699 0.064701 0.080490 0.076293 0.050312 0.066800 0.073895 0.065401 0.065901 0.082588 0.056408 0.062603 0.058606 0.060804 0.067499 
0.057207 0.066300 0.084587 0.067699 0.067799 0.068099 0.064502 0.054609 0.064102 0.077892 0.063103 0.064402 0.065701 0.073895 0.060105 
0.062903 0.069398 0.076892 0.079091 0.066800 0.061204 0.063502 0.058806 0.064801 0.072995 0.059705 0.065701 0.062603 0.066200 0.069398 
0.063602 0.074294 0.083188 0.077692 0.059405 0.057207 0.066300 0.062103 0.073495 0.080190 0.051012 0.067799 0.056508 0.069398 0.057807 
0.066400 0.068998 0.082888 0.081989 0.059805 0.061304 0.066500 0.054509 0.075493 0.076493 0.051012 0.060904 0.063602 0.068399 0.061704 
0.065501 0.062503 0.076493 0.079790 0.063402 0.064502 0.076493 0.061604 0.069598 0.075893 0.058906 0.058306 0.059206 0.065601 0.062203 
0.057707 0.073595 0.087884 0.071197 0.057407 0.066800 0.061704 0.066100 0.059705 0.075294 0.059805 0.067899 0.069598 0.069798 0.055508 
0.063103 0.059006 0.094179 0.063502 0.058306 0.067100 0.071197 0.057207 0.068299 0.083288 0.052211 0.063902 0.061804 0.068099 0.068798 
0.062603 0.071696 0.087185 0.081889 0.055009 0.058106 0.069098 0.071197 0.064202 0.070197 0.052411 0.067399 0.059505 0.066500 0.063003 
0.057107 0.065501 0.076493 0.083088 0.067200 0.057107 0.064801 0.066900 0.067699 0.085186 0.052311 0.059505 0.056707 0.073295 0.067100 
0.066500 0.067999 0.080290 0.086685 0.058206 0.061104 0.062203 0.056208 0.063502 0.069198 0.064901 0.064701 0.061404 0.078291 0.058806 
0.067000 0.066200 0.086485 0.066200 0.061104 0.057307 0.065101 0.061704 0.068499 0.078891 0.054609 0.072296 0.056408 0.074894 0.063303 
0.066600 0.062403 0.099575 0.071496 0.056308 0.061604 0.057607 0.057707 0.060105 0.071896 0.058106 0.076493 0.050912 0.082388 0.066800 
0.060305 0.059006 0.088484 0.077792 0.060505 0.063203 0.063702 0.055109 0.071596 0.072596 0.057307 0.070097 0.065001 0.069198 0.066100 
0.068599 0.051911 0.090682 0.073995 0.057907 0.061104 0.063003 0.061404 0.074794 0.081489 0.054409 0.064502 0.064901 0.063203 0.068099 
0.058306 0.066400 0.090782 0.070097 0.058006 0.059905 0.065001 0.065401 0.066900 0.073895 0.054709 0.068499 0.061604 0.072695 0.067799 
0.066700 0.067300 0.076692 0.073595 0.056508 0.064302 0.071396 0.063103 0.061204 0.081389 0.054609 0.066000 0.063203 0.070897 0.063103 
0.065101 0.055209 0.089483 0.080190 0.060305 0.054909 0.063402 0.064002 0.072396 0.078491 0.059006 0.063502 0.062303 0.069998 0.061704 
0.060804 0.067300 0.084686 0.071896 0.064701 0.066400 0.065701 0.060105 0.069598 0.072196 0.054109 0.064202 0.065501 0.074294 0.058506 
0.068299 0.059805 0.080689 0.075393 0.065301 0.060205 0.063103 0.057007 0.068099 0.085386 0.064602 0.064302 0.061204 0.066700 0.059905 
0.064801 0.066100 0.087185 0.069498 0.056308 0.052611 0.060205 0.067899 0.070497 0.081489 0.050612 0.063702 0.061804 0.082788 0.064502 
0.060405 0.071896 0.090682 0.075593 0.053710 0.062103 0.063003 0.056707 0.063602 0.079990 0.060605 0.072196 0.058606 0.062403 0.068499 
0.063402 0.059306 0.089983 0.066000 0.059505 0.059605 0.063203 0.066700 0.063502 0.077592 0.053510 0.072396 0.062003 0.076692 0.066600 
0.069698 0.080290 0.086185 0.075593 0.063802 0.052710 0.059106 0.060605 0.061204 0.072196 0.052511 0.059605 0.069098 0.070097 0.067300 
0.067699 0.063802 0.081589 0.071297 0.057207 0.054509 0.062303 0.067300 0.071097 0.081989 0.053110 0.071496 0.054009 0.077992 0.064602 
0.056408 0.056707 0.091381 0.073995 0.070497 0.063003 0.067000 0.062803 0.066400 0.081889 0.048114 0.066100 0.059405 0.065101 0.071197 
0.063003 0.064701 0.083987 0.076293 0.065301 0.064701 0.060105 0.065701 0.065801 0.079590 0.057007 0.067000 0.066600 0.059705 0.060505 
0.061504 0.067699 0.074194 0.079790 0.065201 0.055209 0.071796 0.062203 0.072396 0.081189 0.051411 0.063802 0.062903 0.071097 0.059605 
0.061204 0.069198 0.087484 0.069298 0.062603 0.059705 0.080789 0.059705 0.053710 0.078591 0.062303 0.067000 0.053310 0.074294 0.060804 
0.056008 0.067999 0.097077 0.066700 0.058406 0.059206 0.062703 0.065401 0.078091 0.079790 0.048314 0.068399 0.064102 0.068199 0.059605 
0.060005 0.071596 0.084986 0.075194 0.066300 0.063203 0.070897 0.061004 0.067599 0.075294 0.050612 0.069798 0.050612 0.067699 0.065201 
0.053510 0.058606 0.085586 0.077192 0.060005 0.063502 0.062603 0.067000 0.071696 0.073395 0.060505 0.069598 0.066200 0.066200 0.064402 
0.072096 0.065301 0.086985 0.078091 0.059505 0.059805 0.067300 0.060005 0.062303 0.077692 0.062103 0.066700 0.061704 0.058506 0.061904 
0.063802 0.066700 0.088983 0.074694 0.058406 0.050612 0.064801 0.066600 0.070397 0.078991 0.057707 0.065801 0.064901 0.067999 0.059605 
0.062703 0.067200 0.091881 0.071197 0.060505 0.055608 0.065401 0.055608 0.063303 0.081689 0.056408 0.061004 0.069398 0.070997 0.067100 
0.057707 0.070197 0.088484 0.075793 0.063902 0.055109 0.058306 0.061704 0.067899 0.082688 0.058906 0.071197 0.052810 0.066300 0.068998 
0.069598 0.063203 0.089283 0.078191 0.063502 0.056907 0.062403 0.054909 0.062203 0.083288 0.060505 0.062903 0.059405 0.069198 0.064502 
0.072296 0.062903 0.088084 0.072995 0.062203 0.055408 0.060005 0.061404 0.066200 0.071097 0.057507 0.062003 0.071297 0.065801 0.070797 
0.065001 0.056408 0.091182 0.077092 0.064302 0.058606 0.060405 0.055808 0.066100 0.073395 0.057607 0.075593 0.067999 0.063003 0.067499 
0.064402 0.067599 0.087185 0.067000 0.056408 0.053410 0.070497 0.068798 0.067999 0.084986 0.052011 0.066900 0.056508 0.077592 0.058706 
0.057707 0.071596 0.084487 0.070697 0.058606 0.062203 0.064502 0.062103 0.059206 0.085786 0.059106 0.063303 0.065201 0.067799 0.067699 
0.061104 0.066700 0.096178 0.060605 0.058806 0.062903 0.064901 0.052511 0.066600 0.086085 0.058106 0.059405 0.066300 0.073795 0.066000 
0.066800 0.059006 0.080889 0.075294 0.062203 0.059905 0.067499 0.062003 0.075593 0.081889 0.063602 0.063702 0.057807 0.062303 0.061504 
0.054609 0.070297 0.079790 0.077392 0.059605 0.072895 0.070697 0.058506 0.066600 0.073295 0.056208 0.062803 0.059905 0.074294 0.063103 
0.064102 0.060605 0.079490 0.067000 0.052710 0.068898 0.057407 0.064202 0.068698 0.081289 0.053510 0.074894 0.066200 0.070897 0.070097 
0.062103 0.063902 0.078291 0.072396 0.052211 0.062003 0.072596 0.058406 0.068199 0.085986 0.065101 0.073295 0.060804 0.067599 0.057107 
0.060904 0.065501 0.080390 0.070997 0.058006 0.065101 0.073095 0.054009 0.064402 0.080989 0.055608 0.071696 0.063902 0.073795 0.061604 
0.060804 0.065901 0.067399 0.078991 0.057907 0.060704 0.064102 0.067399 0.070097 0.084986 0.048514 0.068599 0.066900 0.076393 0.061304 
0.062003 0.068099 0.082188 0.071097 0.063802 0.064402 0.071496 0.058206 0.059006 0.082488 0.047315 0.069498 0.068599 0.070297 0.061504 
0.063902 0.061204 0.088783 0.071596 0.058806 0.058106 0.068199 0.061304 0.069298 0.077692 0.058606 0.069098 0.063802 0.068898 0.060704 
0.066000 0.054609 0.090682 0.069098 0.056608 0.069598 0.071596 0.058206 0.064901 0.081489 0.054909 0.079390 0.063602 0.061304 0.058006 
0.062503 0.070597 0.077592 0.071596 0.057007 0.059006 0.067899 0.062603 0.073195 0.081889 0.057007 0.070397 0.056907 0.067799 0.064002 
0.055209 0.071396 0.080290 0.077492 0.053710 0.056108 0.061304 0.063702 0.075393 0.079291 0.060305 0.076193 0.058206 0.068499 0.062903 
0.068798 0.067799 0.079490 0.079490 0.062403 0.060505 0.068199 0.052810 0.067399 0.078891 0.052710 0.072895 0.062803 0.062903 0.062903 
0.069498 0.065501 0.086385 0.076393 0.061304 0.062903 0.055908 0.054709 0.062103 0.078391 0.065501 0.065901 0.060105 0.070597 0.064801 
0.063003 0.062903 0.081689 0.074694 0.059306 0.063203 0.061704 0.054209 0.064002 0.081389 0.058006 0.071197 0.062703 0.075593 0.066400 
0.063902 0.072995 0.087984 0.075393 0.063902 0.061204 0.063902 0.062503 0.063103 0.076692 0.056707 0.063003 0.065801 0.062203 0.060704 
0.066500 0.068998 0.083387 0.074294 0.067899 0.056108 0.068499 0.063802 0.064602 0.075393 0.050112 0.071696 0.063602 0.059605 0.065501 
0.068599 0.075094 0.089483 0.069798 0.057107 0.060605 0.061804 0.055508 0.062303 0.075593 0.058206 0.060904 0.071896 0.068998 0.064102 
0.064701 0.059805 0.094779 0.066400 0.063502 0.062503 0.069998 0.069098 0.070297 0.070797 0.054609 0.058506 0.058506 0.068898 0.067599 
0.063303 0.064402 0.091881 0.069398 0.064202 0.057507 0.062203 0.067999 0.063702 0.080889 0.059206 0.067799 0.059505 0.065201 0.062803 
0.053510 0.061204 0.084786 0.065301 0.057807 0.052611 0.065601 0.060505 0.070597 0.078491 0.064302 0.072196 0.067699 0.075294 0.070097 
0.066200 0.067000 0.093480 0.066400 0.060105 0.065301 0.065101 0.064602 0.058906 0.074194 0.061304 0.067999 0.065701 0.068399 0.055309 
0.054109 0.059805 0.081689 0.078691 0.059705 0.060605 0.068798 0.063702 0.068599 0.079790 0.055109 0.067999 0.058106 0.070797 0.072496 
0.059306 0.064402 0.090882 0.073395 0.065201 0.060105 0.060005 0.065901 0.063203 0.082988 0.057707 0.068499 0.063003 0.069398 0.056008 
0.073395 0.068199 0.088983 0.071996 0.054109 0.056707 0.072695 0.059805 0.064302 0.075194 0.056807 0.066700 0.056608 0.067999 0.066500 
0.062503 0.069698 0.081089 0.080390 0.068299 0.052810 0.064502 0.056008 0.059905 0.073295 0.060405 0.077692 0.062003 0.063702 0.067699 
0.066600 0.068199 0.085786 0.069898 0.058506 0.062603 0.061104 0.064202 0.063003 0.078891 0.047015 0.068299 0.066400 0.071097 0.068399 
0.061404 0.070797 0.085086 0.077692 0.049413 0.059705 0.070097 0.068798 0.061404 0.080490 0.052611 0.067499 0.065201 0.069698 0.060105 
0.058606 0.070997 0.086585 0.075793 0.057907 0.063902 0.063602 0.068399 0.062303 0.078491 0.053510 0.062303 0.060105 0.074594 0.062903 
0.062303 0.059505 0.086985 0.079590 0.056108 0.061004 0.068299 0.055808 0.060205 0.071696 0.072396 0.068399 0.069098 0.064202 0.064402 
0.057907 0.070197 0.080490 0.073695 0.058906 0.060704 0.066800 0.059805 0.066900 0.080789 0.059805 0.068199 0.070397 0.068099 0.057307 
0.067899 0.058506 0.092581 0.075793 0.058106 0.069198 0.066800 0.058706 0.065801 0.075993 0.052211 0.061904 0.059805 0.071197 0.065501 
0.063303 0.064801 0.081389 0.073195 0.062303 0.066400 0.059705 0.060105 0.064801 0.079490 0.053310 0.072496 0.062803 0.074394 0.061504 
0.062803 0.071496 0.079590 0.080590 0.064302 0.062003 0.066100 0.050812 0.066600 0.083587 0.053810 0.077992 0.053610 0.065301 0.061404 
0.063402 0.065301 0.081989 0.070097 0.066400 0.060305 0.064602 0.059805 0.069298 0.070297 0.048314 0.071796 0.062303 0.074494 0.071596 
0.060904 0.071596 0.089683 0.062103 0.058606 0.056308 0.064701 0.057907 0.069698 0.084087 0.053510 0.067000 0.061104 0.077492 0.065301 
0.052011 0.064302 0.089283 0.071496 0.052011 0.065701 0.066600 0.060704 0.067599 0.082388 0.056108 0.065001 0.070697 0.071197 0.064901 
0.062603 0.068499 0.084587 0.079890 0.064502 0.058606 0.061704 0.052111 0.064402 0.083787 0.057307 0.067499 0.059805 0.077592 0.057107 
0.067000 0.057807 0.094979 0.072296 0.070197 0.069398 0.059605 0.059106 0.055608 0.074994 0.050312 0.068599 0.063702 0.070697 0.065701 
0.067200 0.064502 0.091282 0.072496 0.057107 0.058806 0.075893 0.052611 0.068099 0.082188 0.058706 0.066200 0.053810 0.069098 0.062003 
0.057307 0.066100 0.088084 0.070397 0.060005 0.059006 0.073995 0.062103 0.063902 0.086085 0.051411 0.060904 0.067300 0.071696 0.061704 
0.057107 0.065501 0.084187 0.071396 0.059605 0.067200 0.071996 0.059805 0.069298 0.075393 0.051012 0.071496 0.061804 0.070197 0.064002 
0.059905 0.058906 0.088983 0.071496 0.063103 0.061704 0.060605 0.060205 0.070197 0.083987 0.064302 0.065901 0.055309 0.076593 0.058806 
0.053110 0.078391 0.081089 0.069798 0.054109 0.059006 0.073195 0.061504 0.065401 0.075793 0.061104 0.066800 0.065301 0.067799 0.067599 
0.066300 0.069998 0.076593 0.075893 0.057807 0.062703 0.059605 0.067399 0.071896 0.069398 0.057807 0.066000 0.061904 0.073395 0.063303 
0.065101 0.056208 0.077092 0.069898 0.061804 0.057607 0.072895 0.058306 0.064402 0.086285 0.055708 0.069998 0.066700 0.071097 0.066900 
0.061604 0.066600 0.084487 0.079590 0.067999 0.064402 0.074594 0.062903 0.060405 0.080989 0.053210 0.069798 0.057207 0.063702 0.052511 
0.068698 0.065901 0.087285 0.074894 0.059805 0.058706 0.066100 0.060005 0.067000 0.081289 0.051911 0.069598 0.067799 0.065301 0.055708 
0.060605 0.067899 0.090582 0.067200 0.071496 0.066700 0.068998 0.066300 0.066500 0.067300 0.053410 0.069198 0.062903 0.064102 0.056807 
0.065901 0.075793 0.087584 0.071297 0.061404 0.066700 0.063702 0.058406 0.065201 0.074894 0.048314 0.069298 0.064901 0.070497 0.056108 
0.069398 0.060205 0.081089 0.076293 0.059306 0.057607 0.071796 0.060305 0.067499 0.079490 0.057307 0.069698 0.059805 0.065601 0.064602 
0.062203 0.063602 0.088484 0.074394 0.061204 0.058106 0.062403 0.064602 0.069998 0.082588 0.047814 0.069598 0.063103 0.065201 0.066700 
0.059306 0.070497 0.090082 0.066000 0.063003 0.066400 0.063602 0.051511 0.064801 0.080689 0.059705 0.065801 0.065801 0.066700 0.066100 
0.061504 0.072895 0.085686 0.073095 0.057107 0.055109 0.063502 0.070897 0.070397 0.079590 0.060904 0.061904 0.064002 0.061404 0.062003 
0.057707 0.066700 0.089483 0.071297 0.058506 0.060904 0.074494 0.054109 0.058206 0.076792 0.053710 0.072995 0.066900 0.071396 0.066800 
0.070297 0.067999 0.084087 0.073395 0.063003 0.056308 0.062403 0.058906 0.061204 0.082788 0.054809 0.062503 0.063502 0.070897 0.067899 
0.064901 0.061004 0.090482 0.070497 0.054409 0.052910 0.065201 0.066600 0.063702 0.074594 0.053210 0.071596 0.073795 0.072795 0.064302 
0.063902 0.060605 0.085886 0.070997 0.062203 0.056807 0.063502 0.061504 0.067300 0.087484 0.058006 0.068199 0.063103 0.074494 0.056008 
0.065601 0.062703 0.083387 0.076393 0.060605 0.063103 0.062903 0.067699 0.065201 0.086185 0.054809 0.069298 0.063702 0.059306 0.059106 
0.059405 0.070097 0.084786 0.075094 0.075094 0.054909 0.059805 0.049813 0.065201 0.069798 0.057307 0.066800 0.066900 0.077792 0.067200 
0.058106 0.059306 0.087484 0.071796 0.056408 0.054609 0.068299 0.063203 0.076593 0.072995 0.058106 0.069098 0.064502 0.079490 0.060005 
0.055808 0.054609 0.082488 0.073195 0.058306 0.060804 0.064502 0.059805 0.060305 0.084786 0.066900 0.074494 0.061804 0.072496 0.069698 
0.067999 0.072995 0.073995 0.074194 0.048713 0.068998 0.066900 0.068399 0.071197 0.077292 0.057807 0.064701 0.067999 0.063902 0.054909 
0.054009 0.067999 0.084686 0.074994 0.058806 0.062503 0.058406 0.067100 0.070397 0.078591 0.056907 0.065501 0.064602 0.071996 0.063502 
0.060105 0.058706 0.090682 0.078091 0.057907 0.059106 0.063702 0.063003 0.073195 0.072596 0.058106 0.068998 0.064701 0.071097 0.060005 
0.053310 0.068998 0.089983 0.072196 0.059206 0.064202 0.063802 0.060704 0.068798 0.080689 0.049313 0.073695 0.058706 0.074194 0.062203 
0.060005 0.061204 0.090182 0.078291 0.060405 0.064202 0.056807 0.055009 0.065301 0.076593 0.057607 0.068199 0.064502 0.076992 0.064701 
0.062503 0.066200 0.077392 0.078291 0.067300 0.059505 0.067999 0.056108 0.073095 0.078591 0.054509 0.071297 0.065001 0.063402 0.058806 
0.073895 0.063802 0.084886 0.075993 0.058806 0.052511 0.064302 0.052611 0.080190 0.075194 0.060704 0.070897 0.057307 0.066300 0.062603 
0.059106 0.067699 0.082788 0.067200 0.058606 0.065001 0.059605 0.060904 0.068698 0.084587 0.062303 0.072695 0.060904 0.069498 0.060405 
0.066900 0.062603 0.093580 0.065401 0.064502 0.058606 0.066400 0.059605 0.059505 0.075094 0.061104 0.062103 0.063502 0.072496 0.068599 
0.065701 0.063303 0.086685 0.069798 0.068199 0.067300 0.058606 0.059006 0.070397 0.076493 0.057107 0.065301 0.066300 0.067599 0.058206 
0.068998 0.056707 0.095279 0.069998 0.059705 0.060704 0.065001 0.070597 0.068499 0.077792 0.052611 0.061004 0.059605 0.072096 0.061404 
0.062603 0.061504 0.095179 0.067100 0.064602 0.058706 0.066200 0.058706 0.066500 0.074694 0.058406 0.068698 0.061104 0.076692 0.059306 
0.060305 0.067599 0.075294 0.077492 0.063402 0.055309 0.063003 0.064002 0.062903 0.096278 0.052910 0.065901 0.064901 0.066700 0.064002 
0.050612 0.065301 0.077792 0.073295 0.062403 0.063802 0.069498 0.058906 0.064502 0.088084 0.054809 0.068499 0.068099 0.071496 0.062903 
0.062103 0.059605 0.088883 0.070797 0.057907 0.055908 0.061704 0.054909 0.076293 0.082688 0.056508 0.070797 0.063602 0.077692 0.060605 
0.058706 0.069798 0.082688 0.070797 0.058506 0.060405 0.060205 0.067000 0.060305 0.088983 0.056008 0.077192 0.065901 0.061804 0.061704 
0.064102 0.068998 0.082088 0.071696 0.057307 0.067499 0.071496 0.064402 0.061804 0.076093 0.051711 0.070997 0.059505 0.069298 0.063003 
0.065701 0.071796 0.075793 0.063702 0.062103 0.061704 0.063602 0.060904 0.067200 0.086685 0.057307 0.069898 0.065001 0.070897 0.057707 
0.056707 0.064901 0.085386 0.067699 0.062603 0.059006 0.058306 0.068898 0.066400 0.080590 0.050812 0.074894 0.059605 0.075393 0.068798 
0.058806 0.064402 0.093480 0.072496 0.057607 0.054709 0.072196 0.061004 0.066600 0.081489 0.059206 0.063303 0.062103 0.067799 0.064801 
0.065101 0.070297 0.087484 0.071696 0.051811 0.063303 0.063402 0.056208 0.064602 0.082188 0.054109 0.067200 0.066400 0.075393 0.060804 
0.062503 0.066500 0.086885 0.071996 0.067100 0.058106 0.066900 0.063502 0.064402 0.075493 0.057507 0.075194 0.057807 0.071796 0.054309 
0.060505 0.067000 0.084587 0.076293 0.066900 0.058506 0.064701 0.064801 0.064901 0.077092 0.047514 0.074894 0.060005 0.072096 0.060205 
0.063402 0.061604 0.084287 0.075593 0.057207 0.069498 0.063802 0.058906 0.059605 0.085386 0.057407 0.071197 0.060605 0.072995 0.058506 
0.062103 0.062603 0.089183 0.082788 0.064002 0.053910 0.069498 0.055408 0.068299 0.080490 0.063602 0.065501 0.058906 0.063402 0.060305 
0.058406 0.067399 0.085386 0.080789 0.057107 0.059905 0.061504 0.064402 0.063702 0.086085 0.056608 0.071596 0.064202 0.068299 0.054609 
0.069798 0.065501 0.080989 0.078691 0.065301 0.061604 0.064102 0.063602 0.064002 0.081589 0.051511 0.065201 0.062903 0.065801 0.059405 
0.056408 0.067499 0.091182 0.074194 0.055109 0.065301 0.059405 0.061604 0.063203 0.082488 0.055209 0.065601 0.062803 0.071396 0.068599 
0.067599 0.065801 0.079191 0.077892 0.054409 0.057707 0.065601 0.063802 0.063602 0.083288 0.053310 0.068299 0.058106 0.073895 0.067499 
0.061904 0.064502 0.082488 0.075593 0.063702 0.058706 0.061104 0.060005 0.068499 0.079990 0.054809 0.079490 0.061604 0.066600 0.061004 
0.058506 0.071596 0.087584 0.071197 0.056208 0.062203 0.073395 0.061404 0.062203 0.078291 0.050812 0.074494 0.066400 0.067799 0.057907 
0.063602 0.070797 0.081489 0.071396 0.060305 0.062103 0.066600 0.066400 0.063303 0.075993 0.044017 0.073095 0.061804 0.077892 0.061204 
0.065401 0.066800 0.093780 0.074294 0.058706 0.061504 0.064002 0.059805 0.063402 0.073195 0.049513 0.065401 0.064502 0.076093 0.063602 
0.068998 0.062403 0.077892 0.071297 0.062603 0.056807 0.059405 0.071097 0.067300 0.072695 0.060804 0.069298 0.057807 0.072196 0.069398 
0.062203 0.063203 0.080590 0.069898 0.054809 0.051212 0.069598 0.056208 0.074794 0.076493 0.056707 0.067300 0.071996 0.079390 0.065601 
0.068199 0.071297 0.092680 0.070397 0.055309 0.059605 0.058806 0.065301 0.062203 0.075993 0.056008 0.059405 0.067200 0.070097 0.067499 
0.059805 0.067200 0.080590 0.062103 0.063702 0.058206 0.064801 0.067699 0.074794 0.075993 0.057507 0.064102 0.065101 0.075194 0.063203 
0.068998 0.067300 0.080889 0.067999 0.059505 0.059306 0.064901 0.059905 0.070097 0.082988 0.055708 0.069598 0.059505 0.064102 0.069198 
0.055708 0.065701 0.086485 0.069998 0.069798 0.070397 0.061904 0.061704 0.065501 0.081189 0.057207 0.063602 0.059206 0.069698 0.061904 
0.058506 0.065301 0.095179 0.074594 0.061904 0.054809 0.066000 0.066500 0.067999 0.083887 0.049313 0.061604 0.061804 0.066600 0.066000 
0.062103 0.068199 0.079990 0.068499 0.067699 0.057307 0.069098 0.059306 0.062803 0.080689 0.058106 0.066300 0.067599 0.072096 0.060205 
0.065201 0.067200 0.086085 0.065601 0.057407 0.061604 0.062903 0.061104 0.062103 0.082588 0.060704 0.068599 0.062603 0.069698 0.066600 
0.067799 0.069598 0.088983 0.067200 0.063103 0.060505 0.061904 0.053610 0.066900 0.073895 0.047315 0.069598 0.063402 0.073695 0.072496 
0.057507 0.068798 0.085886 0.075893 0.053110 0.061304 0.065401 0.064002 0.065401 0.083288 0.056508 0.060904 0.064701 0.072695 0.064602 
0.066600 0.066900 0.095678 0.072995 0.049913 0.064002 0.064402 0.051511 0.071796 0.068499 0.054809 0.067899 0.067999 0.075593 0.061404 
0.059805 0.072695 0.085786 0.070097 0.059405 0.064701 0.065301 0.061504 0.066800 0.079690 0.055309 0.066900 0.064701 0.069198 0.058106 
