0.0688776 0.039966 0.00085034 0.00085034 0.00085034 0.00085034 0.0365646 0.0195578 0.0178571 0.0042517 0.352891 0.00085034 0.410714 0.0110544 0.0331633 0.00085034 
0.05 0.00714286 0.0214286 0.164286 0.0214286 0.0214286 0.05 0.0642857 0.221429 0.0214286 0.00714286 0.0214286 0.00714286 0.164286 0.15 0.00714286 
0.0714286 0.0333333 0.0047619 0.0142857 0.128571 0.0047619 0.0238095 0.0047619 0.414286 0.0047619 0.0047619 0.0047619 0.0047619 0.0047619 0.138095 0.138095 
0.0131579 0.0394737 0.0131579 0.0394737 0.0394737 0.0131579 0.144737 0.0131579 0.0394737 0.0131579 0.0394737 0.0131579 0.0921053 0.355263 0.118421 0.0131579 
0.100962 0.00480769 0.00480769 0.0336538 0.0528846 0.00480769 0.274038 0.0528846 0.0144231 0.197115 0.0144231 0.00480769 0.0144231 0.0144231 0.168269 0.0432692 
0.188889 0.166667 0.0111111 0.0111111 0.144444 0.0333333 0.0111111 0.0111111 0.166667 0.0111111 0.0333333 0.0333333 0.0555556 0.0111111 0.0111111 0.1 
0.000829187 0.11194 0.294362 0.00248756 0.000829187 0.100332 0.0489221 0.00414594 0.00580431 0.000829187 0.0588723 0.00912106 0.233002 0.0804312 0.0207297 0.0273632 
0.00296443 0.0326087 0.232213 0.006917 0.00494071 0.00494071 0.101779 0.006917 0.000988142 0.00296443 0.0187747 0.000988142 0.362648 0.12747 0.034585 0.0583004 
0.000688705 0.00344353 0.00895317 0.00344353 0.00344353 0.0516529 0.621901 0.000688705 0.0227273 0.000688705 0.00344353 0.000688705 0.197658 0.0323691 0.0475207 0.000688705 
0.00632911 0.0189873 0.00632911 0.00632911 0.00632911 0.0316456 0.14557 0.00632911 0.183544 0.00632911 0.056962 0.00632911 0.0189873 0.487342 0.00632911 0.00632911 
0.0197368 0.0328947 0.00657895 0.00657895 0.0197368 0.0328947 0.00657895 0.00657895 0.00657895 0.00657895 0.00657895 0.0460526 0.0855263 0.0986842 0.559211 0.0592105 
0.00588235 0.02 0.0388235 0.00588235 0.00117647 0.00117647 0.0835294 0.0247059 0.00117647 0.274118 0.0694118 0.00117647 0.283529 0.0552941 0.104706 0.0294118 
0.0140187 0.0046729 0.0233645 0.0140187 0.0046729 0.0046729 0.0046729 0.0140187 0.0327103 0.0046729 0.126168 0.0700935 0.126168 0.0046729 0.5 0.0514019 
0.0652174 0.0217391 0.0217391 0.0217391 0.0652174 0.0217391 0.0652174 0.0217391 0.195652 0.0217391 0.152174 0.0652174 0.0652174 0.152174 0.0217391 0.0217391 
0.00886767 0.00204638 0.00750341 0.0047749 0.000682128 0.000682128 0.00204638 0.0115962 0.0334243 0.000682128 0.00613915 0.0334243 0.415416 0.329468 0.124829 0.0184175 
0.166667 0.177419 0.016129 0.00537634 0.00537634 0.00537634 0.0376344 0.00537634 0.016129 0.00537634 0.188172 0.0913978 0.0483871 0.0376344 0.016129 0.177419 
0.00155763 0.0576324 0.00155763 0.0202492 0.00155763 0.00155763 0.00155763 0.00155763 0.00155763 0.00155763 0.00155763 0.00155763 0.157321 0.00778816 0.129283 0.61215 
0.145833 0.181548 0.0208333 0.00892857 0.00297619 0.014881 0.133929 0.0386905 0.00892857 0.0267857 0.0744048 0.00297619 0.16369 0.00297619 0.145833 0.0267857 
0.00555556 0.00185185 0.00925926 0.00555556 0.00925926 0.00185185 0.0388889 0.00185185 0.0796296 0.012963 0.00925926 0.0203704 0.212963 0.00185185 0.457407 0.131481 
0.00561798 0.0168539 0.00561798 0.00561798 0.0393258 0.61236 0.00561798 0.00561798 0.00561798 0.00561798 0.0280899 0.00561798 0.207865 0.00561798 0.0280899 0.0168539 
0.0568182 0.0113636 0.0113636 0.0113636 0.0113636 0.0340909 0.0113636 0.0340909 0.0113636 0.0113636 0.0340909 0.0113636 0.0568182 0.0113636 0.125 0.556818 
0.0176471 0.00588235 0.0176471 0.0294118 0.00588235 0.0176471 0.00588235 0.00588235 0.0294118 0.0176471 0.00588235 0.0294118 0.276471 0.0294118 0.347059 0.158824 
0.00625 0.01875 0.00625 0.08125 0.00625 0.00625 0.00625 0.04375 0.18125 0.20625 0.00625 0.00625 0.00625 0.05625 0.18125 0.18125 
0.0180723 0.0542169 0.0060241 0.0301205 0.0060241 0.0060241 0.0060241 0.0903614 0.198795 0.138554 0.0421687 0.0060241 0.0301205 0.0903614 0.162651 0.114458 
0.00446429 0.0794643 0.000892857 0.00446429 0.000892857 0.0133929 0.00982143 0.0383929 0.0348214 0.00803571 0.0491071 0.000892857 0.270536 0.0169643 0.454464 0.0133929 
0.00862069 0.0775862 0.00862069 0.00862069 0.0258621 0.0431034 0.62931 0.0431034 0.00862069 0.0258621 0.0431034 0.00862069 0.0258621 0.00862069 0.00862069 0.0258621 
0.0351271 0.029148 0.00672646 0.000747384 0.0470852 0.00224215 0.000747384 0.00224215 0.151719 0.00224215 0.000747384 0.000747384 0.62855 0.029148 0.0515695 0.0112108 
0.0206612 0.053719 0.0123967 0.00413223 0.326446 0.0123967 0.0867769 0.0619835 0.152893 0.0619835 0.0785124 0.0123967 0.00413223 0.00413223 0.0123967 0.0950413 
0.0330882 0.231618 0.00367647 0.0477941 0.0257353 0.4375 0.0845588 0.00367647 0.0110294 0.00367647 0.00367647 0.0845588 0.0110294 0.00367647 0.0110294 0.00367647 
0.0972222 0.0138889 0.0138889 0.0138889 0.263889 0.0138889 0.0972222 0.0694444 0.0416667 0.0138889 0.0138889 0.0694444 0.0138889 0.0138889 0.0138889 0.236111 
0.00666667 0.0333333 0.02 0.00666667 0.00666667 0.02 0.126667 0.00666667 0.00666667 0.00666667 0.366667 0.00666667 0.00666667 0.00666667 0.14 0.233333 
0.00110375 0.00110375 0.00551876 0.00110375 0.00331126 0.45585 0.00110375 0.00993377 0.00110375 0.00331126 0.00110375 0.00110375 0.336645 0.00551876 0.149007 0.0231788 
0.0125 0.00416667 0.00416667 0.00416667 0.00416667 0.0125 0.129167 0.0208333 0.0125 0.0208333 0.00416667 0.0875 0.00416667 0.0875 0.00416667 0.5875 
0.000894454 0.0205725 0.000894454 0.0402504 0.000894454 0.00268336 0.0187835 0.009839 0.0599284 0.009839 0.00268336 0.00447227 0.174419 0.0796064 0.000894454 0.573345 
0.00205761 0.00617284 0.00205761 0.00205761 0.00205761 0.00205761 0.00617284 0.00617284 0.0967078 0.00205761 0.00205761 0.00205761 0.133745 0.00617284 0.314815 0.41358 
0.06 0.00666667 0.06 0.00666667 0.00666667 0.02 0.153333 0.00666667 0.02 0.00666667 0.02 0.02 0.0333333 0.02 0.0333333 0.526667 
0.0367647 0.198529 0.00735294 0.00735294 0.00735294 0.00735294 0.0367647 0.00735294 0.0220588 0.00735294 0.272059 0.00735294 0.286765 0.00735294 0.0514706 0.0367647 
0.00379747 0.00379747 0.00126582 0.0164557 0.0544304 0.00632911 0.0544304 0.00886076 0.112658 0.0139241 0.0316456 0.00126582 0.0139241 0.00126582 0.479747 0.196203 
0.000806452 0.00725806 0.0120968 0.0169355 0.0137097 0.00564516 0.179839 0.000806452 0.191129 0.131452 0.234677 0.00241935 0.0362903 0.144355 0.0169355 0.00564516 
0.0277778 0.0277778 0.0277778 0.0277778 0.0277778 0.0277778 0.0277778 0.0277778 0.0277778 0.0277778 0.0277778 0.0833333 0.0277778 0.0277778 0.527778 0.0277778 
0.0934066 0.17033 0.00549451 0.0164835 0.00549451 0.0494505 0.00549451 0.0714286 0.00549451 0.0164835 0.00549451 0.00549451 0.28022 0.00549451 0.214286 0.0494505 
0.0241379 0.00344828 0.0172414 0.00344828 0.00344828 0.210345 0.0103448 0.0172414 0.0310345 0.00344828 0.00344828 0.00344828 0.203448 0.0172414 0.437931 0.0103448 
0.12963 0.0185185 0.0185185 0.0185185 0.0185185 0.0185185 0.240741 0.0555556 0.0185185 0.0555556 0.0185185 0.0185185 0.0185185 0.0555556 0.277778 0.0185185 
0.0428571 0.0142857 0.185714 0.0142857 0.128571 0.0428571 0.0142857 0.0142857 0.0428571 0.0428571 0.0714286 0.0428571 0.0428571 0.0714286 0.0142857 0.214286 
0.0270936 0.0714286 0.00246305 0.00246305 0.0418719 0.00246305 0.0123153 0.0123153 0.317734 0.00738916 0.00246305 0.00246305 0.00738916 0.00246305 0.485222 0.00246305 
0.127119 0.228814 0.0423729 0.0254237 0.00847458 0.0254237 0.00847458 0.00847458 0.00847458 0.0254237 0.00847458 0.00847458 0.0254237 0.00847458 0.00847458 0.432203 
0.000611995 0.00428397 0.000611995 0.0165239 0.0140759 0.0128519 0.0532436 0.00183599 0.0556916 0.00795594 0.000611995 0.00305998 0.0471236 0.000611995 0.00305998 0.777846 
0.0046875 0.0015625 0.0328125 0.0046875 0.000520833 0.000520833 0.0786458 0.000520833 0.00364583 0.000520833 0.000520833 0.00260417 0.351562 0.0380208 0.478646 0.000520833 
0.0119048 0.0119048 0.0357143 0.0119048 0.0833333 0.0357143 0.0119048 0.0119048 0.0357143 0.0119048 0.0119048 0.0357143 0.0595238 0.0119048 0.607143 0.0119048 
0.00991501 0.0439093 0.00141643 0.0127479 0.00141643 0.0127479 0.0155807 0.00141643 0.0127479 0.0467422 0.00141643 0.00141643 0.267705 0.0212465 0.548159 0.00141643 
0.00083612 0.00250836 0.00083612 0.00083612 0.00083612 0.0409699 0.00083612 0.00083612 0.0108696 0.00083612 0.00083612 0.00250836 0.131271 0.00083612 0.0041806 0.800167 
0.00198939 0.0603448 0.00331565 0.00066313 0.00862069 0.00066313 0.00066313 0.00066313 0.151857 0.00066313 0.00198939 0.00066313 0.135942 0.620027 0.0112732 0.00066313 
0.000792393 0.00554675 0.00237718 0.00871632 0.000792393 0.384311 0.0150555 0.000792393 0.00237718 0.000792393 0.00237718 0.000792393 0.303487 0.00237718 0.268621 0.000792393 
0.0925926 0.0555556 0.0185185 0.0185185 0.0185185 0.0185185 0.0185185 0.0185185 0.0185185 0.0185185 0.0925926 0.0555556 0.0185185 0.0185185 0.240741 0.277778 
0.0178571 0.0535714 0.0178571 0.0535714 0.0178571 0.0535714 0.0178571 0.0535714 0.0178571 0.0178571 0.0892857 0.0178571 0.0178571 0.0178571 0.267857 0.267857 
0.0354331 0.011811 0.0669291 0.00393701 0.122047 0.011811 0.00393701 0.00393701 0.019685 0.00393701 0.46063 0.00393701 0.185039 0.00393701 0.0590551 0.00393701 
0.0105769 0.0375 0.000961538 0.000961538 0.000961538 0.00865385 0.0163462 0.000961538 0.00288462 0.000961538 0.647115 0.000961538 0.250962 0.00673077 0.000961538 0.0125 
0.0150215 0.00214592 0.00214592 0.00214592 0.00214592 0.0107296 0.00643777 0.00643777 0.00643777 0.0193133 0.0150215 0.0107296 0.427039 0.00214592 0.469957 0.00214592 
0.000826446 0.000826446 0.000826446 0.0206612 0.00413223 0.0157025 0.0140496 0.000826446 0.136364 0.00413223 0.00909091 0.000826446 0.195868 0.199174 0.389256 0.00743802 
0.0138889 0.0138889 0.0138889 0.0138889 0.0138889 0.0694444 0.0138889 0.0416667 0.0138889 0.0138889 0.0138889 0.0138889 0.0138889 0.0138889 0.680556 0.0416667 
0.166667 0.0151515 0.0454545 0.0454545 0.0454545 0.106061 0.0757576 0.0151515 0.0151515 0.0151515 0.19697 0.0454545 0.0454545 0.0454545 0.0757576 0.0454545 
0.02 0.02 0.02 0.02 0.02 0.02 0.02 0.02 0.02 0.02 0.02 0.02 0.02 0.02 0.1 0.62 
0.000679348 0.0129076 0.00883152 0.0115489 0.00203804 0.0197011 0.0101902 0.000679348 0.102582 0.000679348 0.435462 0.00611413 0.22894 0.0115489 0.144701 0.00339674 
0.0142857 0.0428571 0.0142857 0.0428571 0.0142857 0.0714286 0.442857 0.0428571 0.0142857 0.0428571 0.0142857 0.0428571 0.0142857 0.128571 0.0142857 0.0428571 
0.0135135 0.0765766 0.0045045 0.0135135 0.0585586 0.0855856 0.0135135 0.0135135 0.0045045 0.0045045 0.0135135 0.0045045 0.175676 0.0765766 0.382883 0.0585586 
0.0294118 0.0490196 0.127451 0.0490196 0.00980392 0.00980392 0.0490196 0.00980392 0.00980392 0.0490196 0.245098 0.00980392 0.186275 0.00980392 0.0490196 0.107843 
0.0125 0.0125 0.0125 0.0125 0.0375 0.0125 0.0875 0.0125 0.0625 0.0125 0.0125 0.0125 0.0125 0.1625 0.0125 0.5125 
0.0121951 0.0219512 0.00243902 0.00243902 0.00243902 0.00243902 0.00731707 0.0219512 0.119512 0.00243902 0.0219512 0.0121951 0.139024 0.0121951 0.00243902 0.617073 
0.159091 0.0833333 0.00757576 0.00757576 0.00757576 0.0227273 0.113636 0.00757576 0.0378788 0.00757576 0.00757576 0.00757576 0.0833333 0.0227273 0.416667 0.00757576 
0.121622 0.0027027 0.0027027 0.00810811 0.0297297 0.0027027 0.0297297 0.0243243 0.181081 0.0027027 0.240541 0.00810811 0.181081 0.0891892 0.072973 0.0027027 
0.0172414 0.0862069 0.0172414 0.0172414 0.0172414 0.0517241 0.0172414 0.0172414 0.0172414 0.0862069 0.0517241 0.0172414 0.0172414 0.0517241 0.0862069 0.431034 
0.115385 0.0641026 0.269231 0.0384615 0.0128205 0.0128205 0.0384615 0.0641026 0.0128205 0.0384615 0.0128205 0.0641026 0.0128205 0.0128205 0.166667 0.0641026 
0.00786838 0.0164521 0.00357654 0.000715308 0.0121602 0.0164521 0.000715308 0.000715308 0.0221745 0.00500715 0.000715308 0.00357654 0.369814 0.0107296 0.528612 0.000715308 
0.0192308 0.0961538 0.0192308 0.0961538 0.0961538 0.0192308 0.288462 0.0192308 0.0576923 0.0192308 0.0192308 0.0576923 0.0192308 0.0192308 0.134615 0.0192308 
0.000868056 0.0078125 0.00260417 0.000868056 0.000868056 0.00607639 0.0112847 0.0407986 0.0078125 0.00260417 0.429688 0.000868056 0.311632 0.0147569 0.0112847 0.150174 
0.00254669 0.000848896 0.0110357 0.000848896 0.000848896 0.00424448 0.016129 0.00594228 0.073854 0.00764007 0.00594228 0.0483871 0.199491 0.505093 0.00254669 0.114601 
0.016129 0.016129 0.016129 0.016129 0.016129 0.016129 0.016129 0.016129 0.016129 0.0806452 0.0483871 0.370968 0.112903 0.0806452 0.016129 0.145161 
0.00526316 0.0368421 0.0157895 0.436842 0.0263158 0.0894737 0.0157895 0.0263158 0.00526316 0.00526316 0.0263158 0.173684 0.00526316 0.00526316 0.00526316 0.121053 
0.0510204 0.0102041 0.0306122 0.0102041 0.0102041 0.0918367 0.0102041 0.0102041 0.0306122 0.0510204 0.0306122 0.0102041 0.0102041 0.0306122 0.5 0.112245 
0.0657895 0.0394737 0.144737 0.0131579 0.118421 0.0394737 0.0131579 0.0131579 0.0131579 0.223684 0.0131579 0.171053 0.0657895 0.0131579 0.0131579 0.0394737 
0.0319149 0.138298 0.0531915 0.0319149 0.0319149 0.0531915 0.0957447 0.0106383 0.0106383 0.0106383 0.0957447 0.0106383 0.0106383 0.37234 0.0106383 0.0319149 
0.0675 0.3775 0.1075 0.0175 0.0075 0.0725 0.0625 0.0125 0.0375 0.0025 0.1475 0.0075 0.0025 0.0175 0.0025 0.0575 
0.0192308 0.134615 0.0192308 0.0192308 0.0576923 0.0192308 0.0961538 0.0192308 0.0192308 0.0192308 0.211538 0.0192308 0.0192308 0.0192308 0.0192308 0.288462 
0.0675676 0.0675676 0.0135135 0.0405405 0.0135135 0.0135135 0.0135135 0.0135135 0.0135135 0.0135135 0.0135135 0.0135135 0.121622 0.0135135 0.554054 0.0135135 
0.0744681 0.202128 0.0106383 0.0106383 0.138298 0.0531915 0.329787 0.0106383 0.0106383 0.0106383 0.0106383 0.0106383 0.0319149 0.0106383 0.0106383 0.0744681 
0.00833333 0.00277778 0.00277778 0.0416667 0.00833333 0.00277778 0.0194444 0.00833333 0.0527778 0.0138889 0.0138889 0.00833333 0.0527778 0.00833333 0.00833333 0.747222 
0.07 0.01 0.01 0.01 0.27 0.01 0.01 0.01 0.01 0.03 0.25 0.01 0.17 0.01 0.05 0.07 
0.0147059 0.0147059 0.0441176 0.102941 0.0147059 0.0147059 0.132353 0.0441176 0.0147059 0.0147059 0.0147059 0.0735294 0.0441176 0.25 0.161765 0.0441176 
0.000715308 0.000715308 0.00357654 0.000715308 0.00214592 0.000715308 0.00786838 0.000715308 0.00214592 0.00214592 0.00786838 0.628755 0.293991 0.046495 0.000715308 0.000715308 
0.00316456 0.00949367 0.00316456 0.00949367 0.00316456 0.00316456 0.00949367 0.00316456 0.00316456 0.00949367 0.0727848 0.00316456 0.00316456 0.00316456 0.00316456 0.857595 
0.0166667 0.05 0.0166667 0.0166667 0.0166667 0.05 0.0833333 0.05 0.05 0.0833333 0.0166667 0.0166667 0.0833333 0.0166667 0.216667 0.216667 
0.0121951 0.0121951 0.00406504 0.00406504 0.0284553 0.0284553 0.126016 0.0447154 0.0528455 0.109756 0.166667 0.0528455 0.00406504 0.117886 0.150407 0.0853659 
0.0178571 0.0178571 0.0178571 0.125 0.0178571 0.0535714 0.0178571 0.0178571 0.125 0.0535714 0.0535714 0.0178571 0.0892857 0.0178571 0.0892857 0.267857 
0.00259067 0.082038 0.000863558 0.00431779 0.00604491 0.000863558 0.0146805 0.00777202 0.00259067 0.00259067 0.0405872 0.000863558 0.284111 0.00777202 0.541451 0.000863558 
0.0135135 0.0405405 0.0135135 0.0135135 0.0135135 0.0135135 0.0675676 0.0135135 0.0405405 0.0135135 0.0135135 0.0135135 0.0675676 0.0135135 0.0135135 0.635135 
0.0102041 0.0102041 0.0102041 0.0306122 0.0306122 0.0306122 0.0102041 0.0102041 0.0102041 0.0102041 0.0510204 0.0102041 0.663265 0.0306122 0.0102041 0.0714286 
0.00328947 0.141447 0.00328947 0.00986842 0.0164474 0.00328947 0.0559211 0.00986842 0.0164474 0.00328947 0.00328947 0.00986842 0.0164474 0.0164474 0.0296053 0.661184 
0.00143403 0.00143403 0.000478011 0.00334608 0.000478011 0.00717017 0.000478011 0.000478011 0.293977 0.0043021 0.000478011 0.00239006 0.0941683 0.000478011 0.178298 0.410612 
0.000880282 0.115317 0.000880282 0.00792254 0.00440141 0.509683 0.000880282 0.000880282 0.0889085 0.000880282 0.000880282 0.00792254 0.254401 0.000880282 0.00440141 0.000880282 
0.0565693 0.0346715 0.0127737 0.00182482 0.0529197 0.00547445 0.301095 0.00547445 0.140511 0.00182482 0.00547445 0.00547445 0.0565693 0.0127737 0.0930657 0.213504 
0.0284091 0.164773 0.0738636 0.0170455 0.00568182 0.0170455 0.176136 0.00568182 0.00568182 0.00568182 0.0170455 0.0284091 0.00568182 0.0852273 0.255682 0.107955 
0.0483871 0.016129 0.016129 0.016129 0.016129 0.016129 0.016129 0.016129 0.016129 0.016129 0.0483871 0.016129 0.016129 0.016129 0.693548 0.016129 
0.0131579 0.0131579 0.0394737 0.0394737 0.0657895 0.0394737 0.0131579 0.0131579 0.0131579 0.0921053 0.0131579 0.0131579 0.0131579 0.0131579 0.0131579 0.592105 
0.019084 0.00229008 0.000763359 0.0175573 0.000763359 0.000763359 0.0343511 0.00534351 0.142748 0.0114504 0.446565 0.000763359 0.0770992 0.225191 0.00687023 0.00839695 
0.0306122 0.0306122 0.0102041 0.0102041 0.0306122 0.173469 0.0714286 0.0714286 0.0102041 0.0714286 0.214286 0.0102041 0.0102041 0.0102041 0.214286 0.0306122 
0.00273224 0.193989 0.0409836 0.00273224 0.0409836 0.068306 0.0191257 0.0300546 0.106557 0.101093 0.00819672 0.0136612 0.0136612 0.00819672 0.29235 0.057377 
0.0142857 0.00285714 0.02 0.00285714 0.0142857 0.00285714 0.591429 0.00285714 0.0657143 0.00857143 0.111429 0.00285714 0.0771429 0.02 0.06 0.00285714 
0.0375 0.0625 0.0125 0.0125 0.0875 0.0125 0.0125 0.0375 0.0125 0.0625 0.0875 0.0875 0.0875 0.3375 0.0125 0.0375 
0.004363 0.0078534 0.0008726 0.0026178 0.0008726 0.344677 0.0375218 0.004363 0.0340314 0.0078534 0.105585 0.0078534 0.0794066 0.32897 0.0322862 0.0008726 
0.0384615 0.166667 0.0128205 0.0128205 0.0128205 0.0128205 0.0128205 0.0128205 0.0128205 0.0128205 0.115385 0.0128205 0.0384615 0.0641026 0.371795 0.0897436 
0.00561798 0.00561798 0.00561798 0.0280899 0.00561798 0.106742 0.00561798 0.00561798 0.0280899 0.00561798 0.0168539 0.00561798 0.0393258 0.00561798 0.331461 0.398876 
0.000869565 0.0165217 0.000869565 0.00782609 0.0113043 0.103478 0.166087 0.000869565 0.00434783 0.000869565 0.000869565 0.310435 0.258261 0.0165217 0.0652174 0.0356522 
0.208333 0.0416667 0.0138889 0.236111 0.0138889 0.0138889 0.0694444 0.0138889 0.0138889 0.0138889 0.0138889 0.0138889 0.125 0.0694444 0.0138889 0.125 
0.00381679 0.00381679 0.00381679 0.00381679 0.00381679 0.0114504 0.194656 0.00381679 0.133588 0.0267176 0.0114504 0.00381679 0.0572519 0.477099 0.0572519 0.00381679 
0.353598 0.0136476 0.00372208 0.00372208 0.060794 0.0136476 0.0459057 0.0260546 0.073201 0.00124069 0.00372208 0.00124069 0.363524 0.0136476 0.00620347 0.016129 
0.00543478 0.00543478 0.0380435 0.00543478 0.00543478 0.00543478 0.00543478 0.0163043 0.00543478 0.0380435 0.0163043 0.0163043 0.255435 0.00543478 0.00543478 0.570652 
0.132353 0.0441176 0.0735294 0.0147059 0.161765 0.161765 0.0441176 0.0147059 0.220588 0.0147059 0.0147059 0.0147059 0.0147059 0.0147059 0.0441176 0.0147059 
0.00238095 0.00238095 0.00238095 0.0119048 0.00238095 0.00238095 0.764286 0.0166667 0.0785714 0.0119048 0.0309524 0.00238095 0.00238095 0.00238095 0.0119048 0.0547619 
0.00299401 0.00299401 0.0209581 0.0149701 0.0209581 0.152695 0.0269461 0.0269461 0.212575 0.0149701 0.0389222 0.00299401 0.0568862 0.00299401 0.398204 0.00299401 
0.0178571 0.267857 0.0892857 0.0178571 0.0535714 0.0178571 0.0535714 0.0178571 0.0178571 0.0178571 0.0178571 0.0178571 0.160714 0.0535714 0.160714 0.0178571 
0.0595238 0.0515873 0.0119048 0.00396825 0.00396825 0.0119048 0.0119048 0.00396825 0.00396825 0.00396825 0.0436508 0.00396825 0.210317 0.194444 0.376984 0.00396825 
0.00684932 0.00684932 0.0205479 0.00684932 0.0205479 0.00684932 0.664384 0.0753425 0.00684932 0.00684932 0.00684932 0.0205479 0.0479452 0.0890411 0.00684932 0.00684932 
0.00106157 0.100849 0.0201699 0.00318471 0.00318471 0.00106157 0.00106157 0.00106157 0.0350318 0.00106157 0.00106157 0.00106157 0.145435 0.213376 0.470276 0.00106157 
0.00847458 0.211864 0.00847458 0.0254237 0.0254237 0.00847458 0.161017 0.00847458 0.00847458 0.110169 0.0254237 0.00847458 0.00847458 0.00847458 0.059322 0.313559 
0.0088853 0.000807754 0.000807754 0.482229 0.00242326 0.0831987 0.0169628 0.000807754 0.144588 0.00242326 0.0153473 0.0121163 0.102585 0.042811 0.0105008 0.0735057 
0.00126582 0.00126582 0.00379747 0.00126582 0.00126582 0.312658 0.021519 0.00126582 0.00126582 0.00379747 0.00126582 0.00126582 0.436709 0.00379747 0.201266 0.00632911 
0.0491266 0.0010917 0.0010917 0.00764192 0.00327511 0.0010917 0.56441 0.00327511 0.0469432 0.00545852 0.0251092 0.00327511 0.158297 0.00764192 0.112445 0.00982533 
0.00178147 0.00771971 0.000593824 0.0528504 0.0374109 0.00415677 0.030285 0.00415677 0.37114 0.000593824 0.373515 0.000593824 0.0635392 0.0433492 0.00653207 0.00178147 
0.000544662 0.00381264 0.00272331 0.00163399 0.00163399 0.000544662 0.171569 0.277233 0.0201525 0.000544662 0.0157952 0.000544662 0.324074 0.172658 0.00272331 0.00381264 
0.002149 0.000716332 0.0136103 0.0308023 0.00358166 0.0379656 0.0680516 0.264327 0.0308023 0.002149 0.0479943 0.00358166 0.227077 0.227077 0.00501433 0.0351003 
0.00561798 0.00561798 0.106742 0.00561798 0.0955056 0.00561798 0.634831 0.00561798 0.0280899 0.00561798 0.00561798 0.0168539 0.0617978 0.00561798 0.00561798 0.00561798 
0.000819672 0.0368852 0.0057377 0.0106557 0.000819672 0.0057377 0.0598361 0.00737705 0.0106557 0.00245902 0.00245902 0.00737705 0.130328 0.00245902 0.00409836 0.712295 
0.000848896 0.0415959 0.000848896 0.00254669 0.000848896 0.000848896 0.024618 0.00254669 0.0568761 0.000848896 0.000848896 0.000848896 0.146859 0.00764007 0.662988 0.0483871 
0.01875 0.00625 0.00625 0.00625 0.00625 0.00625 0.00625 0.00625 0.00625 0.04375 0.06875 0.19375 0.00625 0.00625 0.05625 0.55625 
0.0215517 0.116379 0.0215517 0.00431034 0.0646552 0.00431034 0.012931 0.0905172 0.012931 0.012931 0.25431 0.012931 0.0732759 0.00431034 0.168103 0.125 
0.000683995 0.00889193 0.000683995 0.00205198 0.000683995 0.0649795 0.0896033 0.000683995 0.281122 0.00205198 0.0280438 0.000683995 0.107387 0.0430917 0.367305 0.00205198 
0.00783133 0.0114458 0.00180723 0.00421687 0.00301205 0.00180723 0.553614 0.00662651 0.0536145 0.00301205 0.00301205 0.00180723 0.345181 0.00180723 0.00060241 0.00060241 
0.440341 0.00473485 0.00662879 0.0293561 0.00662879 0.0198864 0.00094697 0.0142045 0.00094697 0.00284091 0.0123106 0.00094697 0.392992 0.0445076 0.0217803 0.00094697 
0.0242718 0.0436893 0.000970874 0.0475728 0.0203883 0.0203883 0.0864078 0.000970874 0.0533981 0.294175 0.0184466 0.0320388 0.270874 0.0436893 0.0339806 0.00873786 
0.00665399 0.0237643 0.00665399 0.0123574 0.00095057 0.00475285 0.0427757 0.00855513 0.0123574 0.00285171 0.00285171 0.00095057 0.297529 0.542776 0.00855513 0.0256654 
0.0858586 0.0151515 0.0151515 0.0151515 0.0757576 0.00505051 0.0151515 0.00505051 0.0555556 0.0151515 0.0151515 0.00505051 0.0151515 0.00505051 0.0252525 0.631313 
0.130872 0.0100671 0.0033557 0.0033557 0.0167785 0.0033557 0.0100671 0.0100671 0.0033557 0.0167785 0.0302013 0.0033557 0.0637584 0.0302013 0.0033557 0.661074 
0.0844595 0.0506757 0.00337838 0.0168919 0.00337838 0.00337838 0.0168919 0.0101351 0.0506757 0.00337838 0.0168919 0.0101351 0.0168919 0.0371622 0.00337838 0.672297 
0.00106383 0.0287234 0.0542553 0.526596 0.00106383 0.056383 0.00106383 0.00106383 0.241489 0.0308511 0.00106383 0.00106383 0.00106383 0.00319149 0.0393617 0.0117021 
0.000682128 0.00750341 0.000682128 0.00341064 0.000682128 0.0047749 0.000682128 0.000682128 0.137108 0.531378 0.000682128 0.00204638 0.18895 0.11528 0.0047749 0.000682128 
0.00157729 0.0835962 0.00473186 0.00473186 0.00473186 0.00157729 0.0141956 0.00473186 0.00788644 0.011041 0.00157729 0.00157729 0.011041 0.0236593 0.00473186 0.818612 
0.0119048 0.0119048 0.0119048 0.0357143 0.0119048 0.0833333 0.0595238 0.0119048 0.154762 0.0595238 0.0119048 0.0119048 0.130952 0.0119048 0.369048 0.0119048 
0.0151515 0.0151515 0.0151515 0.0151515 0.0454545 0.0151515 0.0151515 0.0151515 0.0454545 0.0454545 0.0757576 0.0151515 0.0757576 0.287879 0.0151515 0.287879 
0.0660377 0.00943396 0.198113 0.00943396 0.00943396 0.00943396 0.0471698 0.0283019 0.0471698 0.103774 0.00943396 0.0471698 0.0283019 0.103774 0.254717 0.0283019 
0.000819672 0.0057377 0.00245902 0.00245902 0.00409836 0.0204918 0.127049 0.000819672 0.153279 0.00901639 0.0286885 0.00409836 0.118852 0.20082 0.318852 0.00245902 
0.00211566 0.00352609 0.000705219 0.000705219 0.000705219 0.000705219 0.000705219 0.000705219 0.000705219 0.00352609 0.470381 0.000705219 0.512694 0.000705219 0.000705219 0.000705219 
0.000645995 0.0200258 0.000645995 0.00322997 0.00193798 0.000645995 0.00710594 0.00581395 0.128553 0.0536176 0.0226098 0.00452196 0.0755814 0.158269 0.402455 0.114341 
0.00396825 0.000793651 0.000793651 0.00555556 0.000793651 0.00396825 0.000793651 0.0103175 0.000793651 0.000793651 0.00396825 0.000793651 0.448413 0.516667 0.000793651 0.000793651 
0.0127451 0.000980392 0.00294118 0.000980392 0.000980392 0.00686275 0.00294118 0.000980392 0.208824 0.000980392 0.000980392 0.548039 0.193137 0.00294118 0.00490196 0.0107843 
0.00921273 0.000837521 0.0041876 0.0159129 0.0125628 0.00251256 0.146566 0.000837521 0.0293132 0.000837521 0.0812395 0.0125628 0.159966 0.0142379 0.48325 0.0259631 
0.00561798 0.00561798 0.0168539 0.567416 0.00561798 0.0168539 0.0168539 0.00561798 0.0280899 0.0617978 0.0280899 0.0393258 0.00561798 0.0280899 0.0730337 0.0955056 
0.00574713 0.155172 0.0287356 0.00574713 0.0402299 0.178161 0.0287356 0.0287356 0.00574713 0.0517241 0.0172414 0.0402299 0.0402299 0.00574713 0.362069 0.00574713 
0.000662252 0.00331126 0.0125828 0.00198675 0.000662252 0.000662252 0.0298013 0.0139073 0.0178808 0.000662252 0.0165563 0.327815 0.547682 0.0152318 0.00331126 0.00728477 
0.0172414 0.0172414 0.0517241 0.0172414 0.0517241 0.0172414 0.189655 0.12069 0.0172414 0.0172414 0.12069 0.0172414 0.0172414 0.293103 0.0172414 0.0172414 
0.00462963 0.00462963 0.0138889 0.0138889 0.00462963 0.00462963 0.0231481 0.0138889 0.00462963 0.00462963 0.0509259 0.00462963 0.449074 0.00462963 0.393519 0.00462963 
0.0277778 0.25 0.00555556 0.00555556 0.0722222 0.00555556 0.0611111 0.00555556 0.0166667 0.0944444 0.0277778 0.0166667 0.00555556 0.0166667 0.116667 0.272222 
0.00581395 0.0872093 0.0174419 0.00581395 0.00581395 0.0174419 0.0174419 0.00581395 0.00581395 0.0639535 0.0290698 0.00581395 0.0290698 0.0406977 0.389535 0.273256 
0.00520833 0.265625 0.046875 0.078125 0.119792 0.00520833 0.00520833 0.015625 0.00520833 0.00520833 0.0260417 0.00520833 0.0260417 0.00520833 0.078125 0.307292 
0.0116279 0.0348837 0.0116279 0.0116279 0.0813953 0.0116279 0.174419 0.0348837 0.0116279 0.104651 0.0116279 0.0116279 0.0116279 0.0813953 0.174419 0.22093 
0.129518 0.00903614 0.00301205 0.0512048 0.00903614 0.0451807 0.322289 0.00903614 0.00903614 0.0271084 0.00301205 0.0572289 0.11747 0.00301205 0.201807 0.00301205 
0.00643777 0.00214592 0.0622318 0.00643777 0.00214592 0.00643777 0.225322 0.0107296 0.10515 0.00214592 0.0536481 0.00643777 0.0107296 0.0150215 0.482833 0.00214592 
0.00216138 0.0136888 0.000720461 0.0194524 0.00216138 0.000720461 0.0958213 0.000720461 0.0410663 0.000720461 0.00360231 0.00216138 0.316282 0.000720461 0.45317 0.04683 
0.00106838 0.00747863 0.00106838 0.0138889 0.00320513 0.00747863 0.00534188 0.00534188 0.00534188 0.00747863 0.464744 0.00106838 0.471154 0.00106838 0.00320513 0.00106838 
0.00130208 0.0247396 0.00130208 0.00130208 0.00130208 0.00130208 0.00130208 0.00130208 0.0533854 0.00130208 0.0117188 0.00390625 0.0846354 0.00390625 0.0429688 0.764323 
0.0101449 0.0449275 0.00144928 0.015942 0.00144928 0.714493 0.015942 0.00434783 0.00144928 0.00144928 0.00434783 0.00434783 0.0826087 0.00144928 0.0942029 0.00144928 
0.00247525 0.103135 0.0189769 0.55033 0.0140264 0.0140264 0.0239274 0.000825083 0.00742574 0.0255776 0.000825083 0.00577558 0.142739 0.0140264 0.000825083 0.0750825 
0.025 0.241667 0.00833333 0.00833333 0.00833333 0.125 0.00833333 0.00833333 0.0583333 0.00833333 0.025 0.225 0.125 0.0583333 0.00833333 0.0583333 
0.00609756 0.0955285 0.00609756 0.00609756 0.00203252 0.00609756 0.26626 0.00203252 0.00609756 0.00203252 0.0955285 0.00203252 0.180894 0.00609756 0.306911 0.0101626 
0.003125 0.053125 0.015625 0.003125 0.003125 0.009375 0.003125 0.028125 0.034375 0.021875 0.021875 0.003125 0.084375 0.184375 0.421875 0.109375 
0.0019084 0.540076 0.0019084 0.00954198 0.0477099 0.0667939 0.0019084 0.0019084 0.0171756 0.0019084 0.0019084 0.0019084 0.215649 0.0019084 0.0209924 0.0667939 
0.00273224 0.0245902 0.571038 0.0191257 0.0136612 0.00819672 0.00273224 0.00273224 0.166667 0.0519126 0.00273224 0.0846995 0.0136612 0.0191257 0.00273224 0.0136612 
0.013465 0.024237 0.000897666 0.0116697 0.000897666 0.002693 0.013465 0.000897666 0.0798923 0.000897666 0.399461 0.000897666 0.0906643 0.130162 0.035009 0.194794 
0.00925926 0.0462963 0.0462963 0.0648148 0.00925926 0.101852 0.0277778 0.0277778 0.00925926 0.0648148 0.0648148 0.0833333 0.0833333 0.00925926 0.212963 0.138889 
0.00431034 0.0215517 0.00431034 0.0100575 0.0158046 0.596264 0.00431034 0.00143678 0.00143678 0.00143678 0.0215517 0.012931 0.142241 0.0186782 0.142241 0.00143678 
0.00332889 0.00865513 0.00199734 0.000665779 0.000665779 0.0126498 0.0446072 0.00199734 0.196405 0.00332889 0.0113182 0.0153129 0.0712383 0.615846 0.00332889 0.00865513 
0.00331525 0.00271248 0.00813743 0.0406872 0.000301386 0.00271248 0.0979506 0.0021097 0.0840868 0.000301386 0.000904159 0.459011 0.240205 0.00632911 0.0509343 0.000301386 
0.0010989 0.0010989 0.0010989 0.0010989 0.0010989 0.423077 0.0032967 0.0010989 0.0208791 0.0010989 0.0010989 0.0010989 0.176923 0.359341 0.0010989 0.00549451 
0.00282486 0.00282486 0.00282486 0.00282486 0.00282486 0.0141243 0.0649718 0.00282486 0.00282486 0.00847458 0.0254237 0.00847458 0.155367 0.245763 0.341808 0.115819 
0.121622 0.0135135 0.0135135 0.0135135 0.0135135 0.0405405 0.0675676 0.0135135 0.0135135 0.0135135 0.0135135 0.0135135 0.0135135 0.0945946 0.0135135 0.527027 
0.00150602 0.0587349 0.0496988 0.00150602 0.00150602 0.0286145 0.0798193 0.00150602 0.00451807 0.00150602 0.0165663 0.00150602 0.173193 0.00150602 0.00150602 0.576807 
0.0878261 0.230435 0.000869565 0.000869565 0.0113043 0.000869565 0.06 0.0269565 0.00434783 0.000869565 0.23913 0.0026087 0.258261 0.000869565 0.0113043 0.0634783 
0.00632911 0.00632911 0.00632911 0.00632911 0.0189873 0.0189873 0.132911 0.00632911 0.0696203 0.0189873 0.00632911 0.0189873 0.00632911 0.0443038 0.373418 0.259494 
0.00497018 0.215706 0.0168986 0.10835 0.00298211 0.00298211 0.356859 0.000994036 0.0944334 0.134195 0.00894632 0.000994036 0.0328032 0.000994036 0.0109344 0.00695825 
0.0241935 0.061828 0.00268817 0.00806452 0.00806452 0.00268817 0.00268817 0.00806452 0.0188172 0.00806452 0.00806452 0.094086 0.212366 0.00268817 0.00268817 0.534946 
0.0125661 0.146164 0.00595238 0.0376984 0.00992063 0.0152116 0.0628307 0.0310847 0.117063 0.00595238 0.0760582 0.000661376 0.0152116 0.438492 0.0112434 0.0138889 
0.00253378 0.000844595 0.000844595 0.350507 0.000844595 0.0244932 0.122466 0.000844595 0.154561 0.000844595 0.0211149 0.000844595 0.0886824 0.0380068 0.190034 0.00253378 
0.00590763 0.102578 0.0209452 0.101504 0.00912997 0.000537057 0.0037594 0.000537057 0.638561 0.0102041 0.0102041 0.0112782 0.0596133 0.000537057 0.0241676 0.000537057 
0.00071736 0.00071736 0.00215208 0.676471 0.00071736 0.00071736 0.00071736 0.00071736 0.00215208 0.00071736 0.00071736 0.00071736 0.310617 0.00071736 0.00071736 0.00071736 
0.00340136 0.0170068 0.00340136 0.20068 0.0102041 0.0918367 0.0102041 0.00340136 0.166667 0.146259 0.0238095 0.0170068 0.0510204 0.132653 0.119048 0.00340136 
0.0192308 0.0192308 0.211538 0.0961538 0.0576923 0.173077 0.0192308 0.0192308 0.0576923 0.211538 0.0192308 0.0192308 0.0192308 0.0192308 0.0192308 0.0192308 
0.0210084 0.0394958 0.000840336 0.00420168 0.0092437 0.000840336 0.000840336 0.000840336 0.0193277 0.000840336 0.0092437 0.00420168 0.177311 0.577311 0.0428571 0.0915966 
0.000613497 0.163804 0.00306748 0.0325153 0.000613497 0.00552147 0.0337423 0.00184049 0.0300613 0.000613497 0.00429448 0.5 0.212883 0.000613497 0.000613497 0.00920245 
0.0294118 0.0294118 0.0882353 0.0882353 0.205882 0.0294118 0.0294118 0.147059 0.0294118 0.147059 0.0294118 0.0294118 0.0294118 0.0294118 0.0294118 0.0294118 
0.0178571 0.0178571 0.0535714 0.375 0.339286 0.0178571 0.0178571 0.0178571 0.0178571 0.0178571 0.0178571 0.0178571 0.0178571 0.0178571 0.0178571 0.0178571 
0.0405405 0.121622 0.0135135 0.175676 0.391892 0.0135135 0.0135135 0.0135135 0.0405405 0.0405405 0.0135135 0.0135135 0.0675676 0.0135135 0.0135135 0.0135135 
0.00976562 0.0332031 0.107422 0.00976562 0.00195312 0.587891 0.0332031 0.0136719 0.0136719 0.00585938 0.00195312 0.0371094 0.0839844 0.0292969 0.00976562 0.0214844 
0.0172414 0.14532 0.000821018 0.495074 0.00574713 0.00738916 0.0582923 0.000821018 0.0254516 0.00246305 0.0205255 0.00246305 0.130542 0.0090312 0.000821018 0.0779967 
0.0892857 0.0178571 0.0178571 0.0178571 0.0178571 0.0178571 0.0178571 0.0535714 0.0535714 0.0178571 0.125 0.0178571 0.0178571 0.410714 0.0178571 0.0892857 
0.00205198 0.0294118 0.000683995 0.0430917 0.00752394 0.00205198 0.0102599 0.00205198 0.00478796 0.0129959 0.0253078 0.00341997 0.256498 0.572503 0.000683995 0.0266758 
0.197368 0.118421 0.118421 0.0131579 0.0131579 0.0131579 0.0131579 0.118421 0.0657895 0.0131579 0.0131579 0.0921053 0.0131579 0.0131579 0.118421 0.0657895 
0.121622 0.0135135 0.0675676 0.121622 0.22973 0.0135135 0.0135135 0.0135135 0.0135135 0.0135135 0.0135135 0.0405405 0.0135135 0.175676 0.121622 0.0135135 
0.02 0.06 0.1 0.26 0.02 0.02 0.02 0.22 0.06 0.02 0.02 0.02 0.1 0.02 0.02 0.02 
0.0394737 0.0131579 0.0131579 0.460526 0.118421 0.0131579 0.0131579 0.0921053 0.0131579 0.0131579 0.0657895 0.0131579 0.0921053 0.0131579 0.0131579 0.0131579 
0.0625 0.00480769 0.0112179 0.296474 0.00160256 0.00160256 0.00160256 0.00160256 0.0112179 0.415064 0.00801282 0.00160256 0.161859 0.00160256 0.00160256 0.0176282 
0.0812808 0.046798 0.00246305 0.0665025 0.0418719 0.00246305 0.00738916 0.0566502 0.0517241 0.455665 0.00246305 0.00246305 0.115764 0.00738916 0.0123153 0.046798 
0.207317 0.158537 0.0365854 0.0121951 0.109756 0.0121951 0.0365854 0.0121951 0.0609756 0.158537 0.0121951 0.0365854 0.0365854 0.0121951 0.0853659 0.0121951 
0.628614 0.000301205 0.000301205 0.000301205 0.000301205 0.000301205 0.000301205 0.000301205 0.000301205 0.000301205 0.000301205 0.000903614 0.364759 0.00150602 0.000301205 0.000903614 
0.311321 0.141509 0.0283019 0.00943396 0.0660377 0.0471698 0.00943396 0.00943396 0.0471698 0.235849 0.00943396 0.00943396 0.00943396 0.00943396 0.00943396 0.0471698 
0.0668663 0.00299401 0.000998004 0.0548902 0.000998004 0.000998004 0.0189621 0.484032 0.00299401 0.0528942 0.000998004 0.0289421 0.250499 0.00499002 0.000998004 0.0269461 
0.152778 0.0138889 0.0138889 0.0138889 0.0138889 0.0138889 0.0138889 0.375 0.0138889 0.0972222 0.0138889 0.0138889 0.0138889 0.0416667 0.0138889 0.180556 
0.00111111 0.00111111 0.0188889 0.141111 0.00111111 0.00111111 0.00111111 0.00111111 0.00777778 0.594444 0.00333333 0.00111111 0.121111 0.00555556 0.00111111 0.0988889 
0.025 0.125 0.025 0.075 0.025 0.025 0.025 0.025 0.025 0.325 0.075 0.025 0.025 0.025 0.075 0.075 
0.000628931 0.0735849 0.00314465 0.77673 0.000628931 0.000628931 0.000628931 0.00566038 0.0924528 0.00440252 0.000628931 0.00188679 0.0371069 0.000628931 0.000628931 0.000628931 
0.0373134 0.00746269 0.0223881 0.00746269 0.0373134 0.0373134 0.00746269 0.0223881 0.0671642 0.186567 0.00746269 0.231343 0.141791 0.0671642 0.00746269 0.11194 
0.0925926 0.0185185 0.0185185 0.0185185 0.0925926 0.240741 0.0185185 0.0925926 0.12963 0.0185185 0.0185185 0.0185185 0.0185185 0.0925926 0.0185185 0.0925926 
0.0875 0.0625 0.0125 0.0125 0.0125 0.0875 0.0875 0.0125 0.0375 0.2625 0.0375 0.1625 0.0375 0.0375 0.0125 0.0375 
0.0138889 0.0138889 0.0138889 0.208333 0.0138889 0.0138889 0.0138889 0.0416667 0.0138889 0.0138889 0.0138889 0.291667 0.0972222 0.0138889 0.0138889 0.208333 
0.02 0.02 0.02 0.46 0.02 0.02 0.02 0.1 0.06 0.02 0.02 0.02 0.06 0.02 0.02 0.1 
0.0172101 0.0679348 0.44837 0.105978 0.00634058 0.00271739 0.00271739 0.000905797 0.00452899 0.00271739 0.0280797 0.000905797 0.102355 0.00271739 0.000905797 0.205616 
0.0138889 0.0694444 0.0416667 0.208333 0.0694444 0.0138889 0.0138889 0.0138889 0.0416667 0.0972222 0.291667 0.0416667 0.0138889 0.0138889 0.0138889 0.0416667 
0.0277778 0.0277778 0.0277778 0.138889 0.0277778 0.0277778 0.0277778 0.0277778 0.138889 0.194444 0.0277778 0.194444 0.0277778 0.0277778 0.0277778 0.0277778 
0.0227273 0.0227273 0.159091 0.204545 0.0227273 0.0227273 0.0227273 0.0227273 0.0227273 0.0227273 0.0681818 0.0681818 0.204545 0.0227273 0.0681818 0.0227273 
0.1 0.0142857 0.0142857 0.357143 0.0142857 0.0714286 0.0142857 0.0142857 0.0428571 0.0142857 0.0714286 0.128571 0.0428571 0.0142857 0.0714286 0.0142857 
0.0517241 0.224138 0.0172414 0.224138 0.0517241 0.0172414 0.0517241 0.0517241 0.0172414 0.0172414 0.0172414 0.0517241 0.0172414 0.0172414 0.0172414 0.155172 
0.0428571 0.157143 0.0428571 0.185714 0.0428571 0.0714286 0.0142857 0.0142857 0.214286 0.0428571 0.0428571 0.0142857 0.0428571 0.0142857 0.0142857 0.0428571 
0.00215208 0.0150646 0.00071736 0.0552367 0.00071736 0.0136298 0.0337159 0.00071736 0.00071736 0.00071736 0.699426 0.0035868 0.157102 0.0107604 0.0035868 0.00215208 
0.0206612 0.00413223 0.00413223 0.417355 0.00413223 0.0289256 0.0371901 0.152893 0.0454545 0.119835 0.00413223 0.0123967 0.00413223 0.0702479 0.00413223 0.0702479 
0.109756 0.0121951 0.0121951 0.158537 0.109756 0.0121951 0.0365854 0.0121951 0.0121951 0.0365854 0.0121951 0.0121951 0.0121951 0.0365854 0.0121951 0.402439 
0.283784 0.148649 0.0135135 0.0945946 0.0405405 0.0135135 0.0135135 0.0405405 0.175676 0.0405405 0.0135135 0.0135135 0.0675676 0.0135135 0.0135135 0.0135135 
0.000822368 0.0189145 0.0222039 0.00904605 0.00575658 0.00246711 0.00246711 0.0518092 0.135691 0.00575658 0.00411184 0.29523 0.407072 0.000822368 0.0370066 0.000822368 
0.0421687 0.00774527 0.0232358 0.472461 0.0421687 0.00258176 0.00430293 0.0111876 0.0869191 0.0318417 0.0507745 0.00946644 0.0679862 0.107573 0.0301205 0.00946644 
0.0664336 0.0174825 0.0244755 0.0034965 0.444056 0.0104895 0.0034965 0.0034965 0.0244755 0.0034965 0.0034965 0.0594406 0.318182 0.0104895 0.0034965 0.0034965 
0.0427273 0.211818 0.0190909 0.424545 0.00272727 0.000909091 0.00272727 0.00454545 0.000909091 0.0118182 0.000909091 0.0136364 0.253636 0.00636364 0.00272727 0.000909091 
0.216667 0.116667 0.05 0.183333 0.0833333 0.0166667 0.0166667 0.0166667 0.15 0.0166667 0.0166667 0.05 0.0166667 0.0166667 0.0166667 0.0166667 
0.0517241 0.0172414 0.0517241 0.189655 0.0862069 0.12069 0.0172414 0.0172414 0.189655 0.0172414 0.0517241 0.0172414 0.0172414 0.0172414 0.0172414 0.12069 
0.131579 0.0789474 0.0263158 0.0263158 0.131579 0.0789474 0.0263158 0.0263158 0.0263158 0.0263158 0.0263158 0.0789474 0.131579 0.131579 0.0263158 0.0263158 
0.134615 0.0961538 0.0192308 0.0192308 0.173077 0.211538 0.0576923 0.0576923 0.0576923 0.0192308 0.0192308 0.0192308 0.0192308 0.0576923 0.0192308 0.0192308 
0.0134409 0.000896057 0.0062724 0.015233 0.0062724 0.000896057 0.00268817 0.0062724 0.0851254 0.000896057 0.00268817 0.522401 0.316308 0.000896057 0.0170251 0.00268817 
0.0013587 0.0203804 0.00951087 0.702446 0.0013587 0.0013587 0.00407609 0.00679348 0.10462 0.00407609 0.00407609 0.00407609 0.131793 0.0013587 0.0013587 0.0013587 
0.00225225 0.00225225 0.00675676 0.380631 0.11036 0.00225225 0.0157658 0.00225225 0.425676 0.00225225 0.00225225 0.0112613 0.00675676 0.0202703 0.00225225 0.00675676 
0.00462963 0.0231481 0.0416667 0.217593 0.208333 0.00462963 0.0231481 0.0231481 0.0601852 0.00462963 0.134259 0.0601852 0.00462963 0.087963 0.0231481 0.0787037 
0.000980392 0.0245098 0.000980392 0.0205882 0.00294118 0.0656863 0.0460784 0.0186275 0.0107843 0.39902 0.0382353 0.0382353 0.251961 0.00294118 0.0715686 0.00686275 
0.0500945 0.00094518 0.00094518 0.467864 0.00661626 0.00283554 0.00094518 0.00850662 0.0689981 0.00094518 0.00283554 0.00850662 0.214556 0.13138 0.0311909 0.00283554 
0.00675676 0.0472973 0.0337838 0.290541 0.0472973 0.0743243 0.00675676 0.00675676 0.00675676 0.304054 0.0202703 0.00675676 0.0337838 0.00675676 0.0743243 0.0337838 
