0.004184 0.004184 0.991632 
0.002865 0.002865 0.994269 
0.002278 0.002278 0.995444 
0.001616 0.004847 0.993538 
0.000432 0.000432 0.999137 
0.000220 0.000660 0.999120 
0.000184 0.000552 0.999263 
0.000153 0.000153 0.999694 
0.000151 0.000151 0.999697 
0.000148 0.001039 0.998813 
0.000108 0.000541 0.999351 
0.000106 0.000106 0.999788 
0.000311 0.000725 0.998964 
0.044243 0.000275 0.955482 
0.271722 0.000466 0.727811 
0.411797 0.000054 0.588149 
0.412947 0.000161 0.586892 
0.425156 0.000053 0.574791 
0.428989 0.000679 0.570332 
0.557343 0.000040 0.442616 
0.567540 0.000039 0.432421 
0.569831 0.000038 0.430131 
0.633341 0.000228 0.366431 
0.634577 0.000228 0.365195 
0.646456 0.000401 0.353143 
0.647750 0.007710 0.344539 
0.595849 0.103751 0.300400 
0.585930 0.112450 0.301620 
0.566561 0.141061 0.292378 
0.576127 0.137873 0.286000 
0.554282 0.156485 0.289233 
0.546919 0.186391 0.266690 
0.524517 0.213687 0.261796 
0.521579 0.219718 0.258703 
0.526424 0.211097 0.262479 
0.508824 0.237749 0.253427 
0.500230 0.242972 0.256798 
0.507702 0.248837 0.243462 
0.482383 0.272739 0.244878 
0.454726 0.317482 0.227792 
0.455068 0.321868 0.223064 
0.442877 0.333863 0.223259 
0.435692 0.341848 0.222460 
0.413885 0.379986 0.206129 
0.413818 0.378679 0.207503 
0.397338 0.400101 0.202561 
0.376693 0.429654 0.193653 
0.369985 0.441913 0.188102 
