0.0790816 0.0348639 0.00765306 0.0161565 0.0178571 0.0144558 0.00935374 0.00085034 0.00255102 0.00085034 0.340986 0.00085034 0.386905 0.0144558 0.0722789 0.00085034 
0.00714286 0.00714286 0.00714286 0.164286 0.00714286 0.0642857 0.0785714 0.0214286 0.25 0.00714286 0.00714286 0.00714286 0.00714286 0.192857 0.15 0.0214286 
0.109524 0.0238095 0.0047619 0.0047619 0.119048 0.0047619 0.0047619 0.0142857 0.395238 0.0047619 0.0047619 0.0238095 0.0047619 0.0142857 0.0047619 0.261905 
0.0131579 0.0131579 0.0394737 0.0131579 0.0131579 0.0131579 0.144737 0.0131579 0.0131579 0.0131579 0.118421 0.0131579 0.0921053 0.276316 0.197368 0.0131579 
0.0336538 0.100962 0.0432692 0.0240385 0.00480769 0.00480769 0.158654 0.00480769 0.0817308 0.158654 0.0336538 0.00480769 0.00480769 0.100962 0.216346 0.0240385 
0.211111 0.1 0.0111111 0.0111111 0.166667 0.1 0.0111111 0.0555556 0.0777778 0.0111111 0.0111111 0.0333333 0.0333333 0.0111111 0.0333333 0.122222 
0.00580431 0.0787728 0.31592 0.00746269 0.000829187 0.000829187 0.0870647 0.0290216 0.00746269 0.000829187 0.0472637 0.000829187 0.198176 0.203151 0.00248756 0.0140962 
0.00296443 0.0701581 0.220356 0.0128458 0.0108696 0.000988142 0.0820158 0.0424901 0.0128458 0.000988142 0.000988142 0.00296443 0.360672 0.135375 0.0424901 0.000988142 
0.00757576 0.000688705 0.0158402 0.000688705 0.000688705 0.0199725 0.609504 0.000688705 0.0158402 0.00757576 0.0365014 0.00895317 0.201791 0.0254821 0.0475207 0.000688705 
0.00632911 0.00632911 0.0189873 0.00632911 0.0189873 0.00632911 0.158228 0.0189873 0.28481 0.00632911 0.00632911 0.00632911 0.0189873 0.411392 0.00632911 0.0189873 
0.0328947 0.0197368 0.0328947 0.00657895 0.0855263 0.00657895 0.0197368 0.00657895 0.0197368 0.00657895 0.0197368 0.00657895 0.0723684 0.0723684 0.572368 0.0197368 
0.00117647 0.0294118 0.00823529 0.00117647 0.00117647 0.0129412 0.0576471 0.00352941 0.00352941 0.321176 0.0835294 0.0176471 0.304706 0.00588235 0.114118 0.0341176 
0.0046729 0.0420561 0.0140187 0.0046729 0.0046729 0.0046729 0.0140187 0.0046729 0.0046729 0.0046729 0.228972 0.0607477 0.0700935 0.0327103 0.490654 0.0140187 
0.0217391 0.0217391 0.0652174 0.0217391 0.0652174 0.0217391 0.108696 0.0217391 0.0217391 0.0217391 0.195652 0.0217391 0.152174 0.152174 0.0652174 0.0217391 
0.0143247 0.00204638 0.00341064 0.000682128 0.000682128 0.00341064 0.0252387 0.000682128 0.0293315 0.00204638 0.00341064 0.00750341 0.396317 0.36221 0.126194 0.0225102 
0.209677 0.145161 0.016129 0.016129 0.0591398 0.00537634 0.112903 0.016129 0.00537634 0.016129 0.016129 0.00537634 0.0483871 0.0591398 0.00537634 0.263441 
0.00155763 0.076324 0.00155763 0.00155763 0.00155763 0.0140187 0.0233645 0.00778816 0.0109034 0.00155763 0.00155763 0.00155763 0.207165 0.00155763 0.0514019 0.596573 
0.00892857 0.0327381 0.00297619 0.00297619 0.0267857 0.00892857 0.0565476 0.0803571 0.0505952 0.0267857 0.157738 0.00297619 0.217262 0.00297619 0.241071 0.0803571 
0.00555556 0.00555556 0.00185185 0.00185185 0.0203704 0.0574074 0.012963 0.00555556 0.0796296 0.012963 0.00185185 0.00925926 0.246296 0.00185185 0.383333 0.153704 
0.00561798 0.00561798 0.00561798 0.00561798 0.00561798 0.679775 0.0505618 0.0168539 0.00561798 0.00561798 0.00561798 0.0393258 0.140449 0.00561798 0.0168539 0.00561798 
0.0340909 0.0113636 0.0113636 0.0113636 0.0113636 0.0568182 0.0113636 0.0113636 0.0113636 0.0113636 0.0568182 0.0113636 0.102273 0.0113636 0.0113636 0.625 
0.00588235 0.0294118 0.00588235 0.00588235 0.00588235 0.00588235 0.0411765 0.0176471 0.00588235 0.0176471 0.00588235 0.00588235 0.147059 0.00588235 0.382353 0.311765 
0.00625 0.00625 0.01875 0.08125 0.01875 0.00625 0.03125 0.10625 0.11875 0.13125 0.00625 0.01875 0.03125 0.03125 0.26875 0.11875 
0.0060241 0.0301205 0.0421687 0.0060241 0.0060241 0.0421687 0.0180723 0.0180723 0.210843 0.186747 0.0060241 0.0060241 0.0421687 0.0421687 0.186747 0.150602 
0.00625 0.0616071 0.000892857 0.0151786 0.00267857 0.03125 0.00267857 0.0205357 0.0419643 0.000892857 0.03125 0.00267857 0.304464 0.0169643 0.445536 0.0151786 
0.0258621 0.00862069 0.00862069 0.0603448 0.0258621 0.0258621 0.594828 0.0258621 0.00862069 0.0258621 0.0948276 0.00862069 0.0258621 0.00862069 0.00862069 0.0431034 
0.0874439 0.0201794 0.00373692 0.000747384 0.0396114 0.00373692 0.000747384 0.000747384 0.124813 0.000747384 0.00224215 0.00224215 0.627055 0.0231689 0.0455904 0.0171898 
0.00413223 0.0867769 0.0454545 0.00413223 0.318182 0.00413223 0.0454545 0.0123967 0.0619835 0.0206612 0.0867769 0.00413223 0.0371901 0.00413223 0.00413223 0.260331 
0.00367647 0.261029 0.00367647 0.0330882 0.0477941 0.415441 0.0772059 0.0404412 0.0110294 0.0404412 0.00367647 0.0257353 0.00367647 0.0110294 0.0183824 0.00367647 
0.0138889 0.0972222 0.0138889 0.0416667 0.236111 0.0972222 0.180556 0.0138889 0.0694444 0.0138889 0.0138889 0.0138889 0.0138889 0.0138889 0.125 0.0416667 
0.0333333 0.0866667 0.00666667 0.00666667 0.00666667 0.06 0.0333333 0.00666667 0.06 0.02 0.273333 0.00666667 0.0333333 0.00666667 0.153333 0.206667 
0.00331126 0.00110375 0.00551876 0.00110375 0.00110375 0.493377 0.00110375 0.00110375 0.00110375 0.00110375 0.00110375 0.00110375 0.371965 0.00772627 0.089404 0.0187638 
0.00416667 0.00416667 0.0125 0.00416667 0.0291667 0.00416667 0.145833 0.00416667 0.00416667 0.0208333 0.0208333 0.00416667 0.00416667 0.1125 0.00416667 0.620833 
0.0116279 0.00447227 0.000894454 0.0670841 0.009839 0.00447227 0.00447227 0.00447227 0.0992844 0.009839 0.00447227 0.00268336 0.115385 0.0974955 0.00268336 0.560823 
0.00617284 0.0144033 0.0102881 0.00205761 0.00205761 0.00617284 0.00205761 0.00617284 0.113169 0.0144033 0.00205761 0.00205761 0.162551 0.00617284 0.3107 0.339506 
0.113333 0.02 0.02 0.00666667 0.02 0.00666667 0.166667 0.00666667 0.00666667 0.02 0.02 0.02 0.00666667 0.06 0.00666667 0.5 
0.0808824 0.125 0.00735294 0.00735294 0.00735294 0.0661765 0.0514706 0.00735294 0.00735294 0.00735294 0.198529 0.00735294 0.183824 0.0220588 0.0955882 0.125 
0.00126582 0.0139241 0.00379747 0.00126582 0.0367089 0.00126582 0.00126582 0.00379747 0.0924051 0.021519 0.0392405 0.00379747 0.0367089 0.0240506 0.494937 0.224051 
0.00241935 0.00241935 0.0153226 0.0379032 0.0104839 0.0362903 0.194355 0.000806452 0.244355 0.118548 0.197581 0.00241935 0.000806452 0.129839 0.000806452 0.00564516 
0.0277778 0.0277778 0.0277778 0.0277778 0.0277778 0.0277778 0.0833333 0.0277778 0.0277778 0.0277778 0.0277778 0.0277778 0.0277778 0.0277778 0.527778 0.0277778 
0.0934066 0.104396 0.00549451 0.00549451 0.0274725 0.0164835 0.00549451 0.181319 0.00549451 0.00549451 0.0604396 0.00549451 0.148352 0.0164835 0.291209 0.0274725 
0.0793103 0.0586207 0.00344828 0.00344828 0.00344828 0.113793 0.0103448 0.00344828 0.0103448 0.00344828 0.0103448 0.00344828 0.168966 0.00344828 0.52069 0.00344828 
0.0925926 0.0185185 0.0185185 0.0185185 0.0555556 0.0185185 0.0925926 0.0185185 0.0185185 0.0185185 0.0185185 0.0185185 0.0185185 0.0925926 0.166667 0.314815 
0.3 0.0142857 0.0714286 0.0142857 0.0714286 0.1 0.0142857 0.0142857 0.0142857 0.0142857 0.0142857 0.0142857 0.0142857 0.0142857 0.0142857 0.3 
0.00246305 0.0517241 0.00246305 0.0270936 0.0369458 0.0172414 0.00246305 0.00246305 0.288177 0.00246305 0.0320197 0.00738916 0.00738916 0.00246305 0.514778 0.00246305 
0.127119 0.228814 0.0423729 0.00847458 0.0254237 0.110169 0.00847458 0.0254237 0.00847458 0.00847458 0.0254237 0.00847458 0.0762712 0.0254237 0.0254237 0.245763 
0.00550796 0.0116279 0.000611995 0.0116279 0.00428397 0.00795594 0.0263158 0.000611995 0.0569155 0.000611995 0.00428397 0.00917993 0.0532436 0.00305998 0.000611995 0.80355 
0.000520833 0.00364583 0.0401042 0.000520833 0.00989583 0.0015625 0.0588542 0.000520833 0.00677083 0.000520833 0.0015625 0.0078125 0.314063 0.0328125 0.518229 0.00260417 
0.0119048 0.0357143 0.0119048 0.0119048 0.178571 0.0119048 0.0119048 0.0119048 0.0119048 0.0119048 0.0119048 0.0119048 0.0595238 0.0119048 0.583333 0.0119048 
0.00141643 0.126062 0.00424929 0.00141643 0.00141643 0.0184136 0.00708215 0.00708215 0.00424929 0.00708215 0.0212465 0.0127479 0.245042 0.00708215 0.525496 0.00991501 
0.00083612 0.00083612 0.00250836 0.00585284 0.00083612 0.0309365 0.00083612 0.00250836 0.020903 0.0041806 0.00250836 0.00083612 0.131271 0.00083612 0.0041806 0.790134 
0.00198939 0.0258621 0.00862069 0.00198939 0.00464191 0.00066313 0.00066313 0.00198939 0.166446 0.00331565 0.00862069 0.00066313 0.137268 0.634615 0.00066313 0.00198939 
0.000792393 0.00396197 0.0134707 0.000792393 0.000792393 0.50317 0.000792393 0.000792393 0.000792393 0.000792393 0.00237718 0.000792393 0.252773 0.000792393 0.213154 0.00396197 
0.0925926 0.0555556 0.0185185 0.0185185 0.0185185 0.0185185 0.0185185 0.0185185 0.0555556 0.166667 0.12963 0.0185185 0.0185185 0.0185185 0.203704 0.12963 
0.0178571 0.160714 0.0178571 0.0178571 0.0535714 0.0178571 0.0535714 0.0178571 0.0178571 0.0178571 0.0535714 0.0178571 0.160714 0.0178571 0.0178571 0.339286 
0.0354331 0.011811 0.011811 0.011811 0.0669291 0.0275591 0.0275591 0.00393701 0.019685 0.00393701 0.555118 0.00393701 0.153543 0.00393701 0.0590551 0.00393701 
0.0125 0.0221154 0.000961538 0.00480769 0.00288462 0.00865385 0.00673077 0.000961538 0.00673077 0.000961538 0.622115 0.00480769 0.277885 0.0182692 0.000961538 0.00865385 
0.0150215 0.00214592 0.0236052 0.00643777 0.00643777 0.00214592 0.00643777 0.00214592 0.00214592 0.00214592 0.00214592 0.00214592 0.461373 0.00214592 0.461373 0.00214592 
0.000826446 0.00413223 0.000826446 0.0107438 0.000826446 0.00578512 0.0404959 0.000826446 0.121488 0.00909091 0.0239669 0.00578512 0.131405 0.230579 0.412397 0.000826446 
0.0138889 0.0138889 0.0138889 0.0138889 0.0138889 0.125 0.0416667 0.0138889 0.0138889 0.0138889 0.0138889 0.0138889 0.0138889 0.0138889 0.652778 0.0138889 
0.136364 0.0151515 0.0454545 0.19697 0.0151515 0.0454545 0.0151515 0.0151515 0.0151515 0.0151515 0.0454545 0.0151515 0.106061 0.0757576 0.19697 0.0454545 
0.02 0.02 0.02 0.06 0.02 0.02 0.02 0.02 0.02 0.02 0.06 0.02 0.02 0.02 0.06 0.58 
0.0129076 0.00747283 0.00611413 0.00747283 0.0101902 0.0264946 0.0251359 0.00203804 0.0849185 0.000679348 0.457201 0.000679348 0.186821 0.00203804 0.165082 0.00475543 
0.0714286 0.0428571 0.0428571 0.0142857 0.0142857 0.0142857 0.214286 0.0714286 0.0142857 0.0428571 0.128571 0.0142857 0.0142857 0.185714 0.1 0.0142857 
0.0135135 0.0045045 0.0045045 0.0045045 0.0765766 0.0495495 0.0225225 0.0135135 0.0945946 0.0135135 0.0045045 0.0045045 0.0765766 0.121622 0.346847 0.148649 
0.107843 0.0294118 0.107843 0.0294118 0.00980392 0.00980392 0.0490196 0.0294118 0.0490196 0.0294118 0.205882 0.0490196 0.0490196 0.00980392 0.107843 0.127451 
0.0125 0.0125 0.0125 0.0125 0.0625 0.0125 0.0125 0.0125 0.0625 0.0125 0.0125 0.0125 0.0375 0.0875 0.0375 0.5875 
0.00243902 0.00243902 0.00243902 0.00243902 0.00243902 0.00243902 0.0121951 0.0170732 0.129268 0.00243902 0.00731707 0.00243902 0.134146 0.00731707 0.0707317 0.602439 
0.00757576 0.00757576 0.00757576 0.0378788 0.00757576 0.00757576 0.0227273 0.00757576 0.0227273 0.00757576 0.0227273 0.0378788 0.280303 0.0681818 0.431818 0.0227273 
0.0837838 0.00810811 0.072973 0.00810811 0.0405405 0.0027027 0.0837838 0.0405405 0.164865 0.0027027 0.148649 0.00810811 0.202703 0.0945946 0.0351351 0.0027027 
0.0517241 0.0517241 0.0172414 0.0172414 0.0517241 0.0172414 0.0862069 0.12069 0.0862069 0.0172414 0.12069 0.0172414 0.0862069 0.0517241 0.0862069 0.12069 
0.192308 0.0128205 0.115385 0.0384615 0.0128205 0.0897436 0.0128205 0.0384615 0.0897436 0.0128205 0.0128205 0.0128205 0.0641026 0.0128205 0.24359 0.0384615 
0.000715308 0.000715308 0.00214592 0.0236052 0.00643777 0.000715308 0.00214592 0.000715308 0.0164521 0.00214592 0.000715308 0.00214592 0.396996 0.000715308 0.542918 0.000715308 
0.0961538 0.0576923 0.0192308 0.0961538 0.173077 0.0192308 0.211538 0.0192308 0.0192308 0.0192308 0.0192308 0.0192308 0.0192308 0.0192308 0.134615 0.0576923 
0.00434028 0.00260417 0.000868056 0.0130208 0.00434028 0.00260417 0.0130208 0.0112847 0.00260417 0.000868056 0.507812 0.0164931 0.275174 0.00954861 0.00434028 0.131076 
0.00933786 0.000848896 0.00764007 0.00254669 0.000848896 0.000848896 0.0263158 0.00254669 0.101019 0.000848896 0.000848896 0.0432937 0.162139 0.540747 0.00764007 0.0925297 
0.145161 0.016129 0.016129 0.016129 0.016129 0.016129 0.0483871 0.016129 0.0483871 0.0806452 0.016129 0.403226 0.0806452 0.016129 0.0483871 0.016129 
0.0157895 0.00526316 0.00526316 0.352632 0.0157895 0.0578947 0.00526316 0.0157895 0.0368421 0.0157895 0.00526316 0.163158 0.0368421 0.00526316 0.0263158 0.236842 
0.0918367 0.0306122 0.153061 0.0102041 0.0102041 0.0714286 0.0714286 0.0102041 0.0102041 0.0102041 0.0102041 0.0102041 0.0102041 0.0102041 0.479592 0.0102041 
0.0921053 0.144737 0.0921053 0.0657895 0.0657895 0.118421 0.0131579 0.0131579 0.0131579 0.0657895 0.0131579 0.223684 0.0394737 0.0131579 0.0131579 0.0131579 
0.0106383 0.138298 0.0531915 0.0106383 0.0106383 0.0957447 0.0106383 0.0106383 0.0106383 0.0106383 0.0744681 0.0531915 0.0744681 0.37234 0.0531915 0.0106383 
0.0075 0.3625 0.0575 0.0325 0.0075 0.0625 0.1825 0.0075 0.1025 0.0025 0.0425 0.0075 0.0475 0.0075 0.0375 0.0325 
0.0961538 0.0576923 0.0192308 0.0192308 0.0192308 0.0192308 0.0576923 0.0192308 0.0192308 0.0192308 0.25 0.0192308 0.0192308 0.211538 0.0192308 0.134615 
0.0405405 0.0135135 0.0675676 0.0135135 0.0135135 0.148649 0.0135135 0.0405405 0.0135135 0.0405405 0.0135135 0.0675676 0.0135135 0.0135135 0.472973 0.0135135 
0.0106383 0.117021 0.0106383 0.138298 0.329787 0.0106383 0.159574 0.0106383 0.0106383 0.0106383 0.0319149 0.0106383 0.117021 0.0106383 0.0106383 0.0106383 
0.00277778 0.0527778 0.00277778 0.00277778 0.00277778 0.00277778 0.00833333 0.00833333 0.0916667 0.00833333 0.00277778 0.00277778 0.00833333 0.00277778 0.0194444 0.780556 
0.07 0.09 0.03 0.03 0.13 0.01 0.13 0.03 0.03 0.01 0.21 0.01 0.07 0.01 0.11 0.03 
0.0147059 0.0147059 0.0735294 0.0147059 0.0147059 0.102941 0.132353 0.0147059 0.0441176 0.0147059 0.0147059 0.0147059 0.0147059 0.279412 0.191176 0.0441176 
0.00357654 0.00214592 0.000715308 0.000715308 0.000715308 0.00214592 0.00357654 0.000715308 0.000715308 0.000715308 0.00357654 0.630186 0.2897 0.0593705 0.000715308 0.000715308 
0.00316456 0.00316456 0.00316456 0.00316456 0.00316456 0.00316456 0.00316456 0.00316456 0.00316456 0.00316456 0.0221519 0.00316456 0.0158228 0.00316456 0.0158228 0.908228 
0.15 0.05 0.0166667 0.05 0.0166667 0.05 0.0166667 0.0166667 0.05 0.0166667 0.183333 0.0166667 0.0833333 0.0833333 0.15 0.05 
0.0121951 0.101626 0.00406504 0.00406504 0.00406504 0.0284553 0.117886 0.0365854 0.0853659 0.101626 0.0772358 0.0365854 0.0121951 0.158537 0.174797 0.0447154 
0.0178571 0.0178571 0.0178571 0.0178571 0.0178571 0.0178571 0.0535714 0.0178571 0.0178571 0.0892857 0.0892857 0.0535714 0.0178571 0.0178571 0.125 0.410714 
0.00259067 0.0682211 0.000863558 0.00777202 0.000863558 0.00259067 0.0354059 0.000863558 0.00259067 0.0164076 0.0405872 0.00604491 0.289292 0.000863558 0.522453 0.00259067 
0.0135135 0.0135135 0.0945946 0.0135135 0.0675676 0.0135135 0.0135135 0.0135135 0.0675676 0.0135135 0.0945946 0.0135135 0.0135135 0.0135135 0.0135135 0.527027 
0.0306122 0.0102041 0.0102041 0.0306122 0.0102041 0.0102041 0.0102041 0.0102041 0.0102041 0.0102041 0.0306122 0.0102041 0.602041 0.0714286 0.0510204 0.0918367 
0.00986842 0.194079 0.00986842 0.00328947 0.00328947 0.00328947 0.0164474 0.00328947 0.00986842 0.00986842 0.00328947 0.0164474 0.00986842 0.00986842 0.0296053 0.667763 
0.0109943 0.0272467 0.000478011 0.000478011 0.00239006 0.000478011 0.000478011 0.000478011 0.272945 0.000478011 0.000478011 0.000478011 0.102772 0.000478011 0.194551 0.384799 
0.000880282 0.145246 0.00264085 0.0378521 0.000880282 0.525528 0.000880282 0.0114437 0.0695423 0.000880282 0.00440141 0.0149648 0.182218 0.000880282 0.000880282 0.000880282 
0.0237226 0.0492701 0.020073 0.00182482 0.0127737 0.00182482 0.187956 0.00547445 0.195255 0.00182482 0.00547445 0.00547445 0.0492701 0.00912409 0.129562 0.301095 
0.00568182 0.164773 0.00568182 0.00568182 0.0397727 0.0397727 0.210227 0.0625 0.00568182 0.00568182 0.00568182 0.0852273 0.0170455 0.0397727 0.142045 0.164773 
0.0483871 0.016129 0.016129 0.0483871 0.0483871 0.016129 0.0483871 0.016129 0.016129 0.016129 0.016129 0.016129 0.016129 0.016129 0.629032 0.016129 
0.0394737 0.144737 0.0131579 0.0131579 0.0131579 0.0394737 0.0131579 0.0131579 0.0394737 0.0131579 0.0131579 0.0394737 0.0131579 0.0131579 0.0657895 0.513158 
0.00229008 0.000763359 0.00229008 0.0358779 0.000763359 0.00687023 0.0389313 0.00534351 0.153435 0.0145038 0.480153 0.00229008 0.0465649 0.19771 0.00992366 0.00229008 
0.0306122 0.0306122 0.0102041 0.0306122 0.0102041 0.0510204 0.0102041 0.0102041 0.0510204 0.0102041 0.153061 0.0102041 0.0102041 0.316327 0.255102 0.0102041 
0.00273224 0.18306 0.068306 0.00819672 0.0628415 0.101093 0.00273224 0.0245902 0.101093 0.0519126 0.00273224 0.00273224 0.00273224 0.0628415 0.210383 0.112022 
0.00285714 0.06 0.00285714 0.0142857 0.0257143 0.0142857 0.528571 0.02 0.105714 0.00285714 0.0142857 0.00285714 0.00285714 0.00857143 0.168571 0.0257143 
0.0625 0.0125 0.0875 0.0125 0.0625 0.0375 0.0375 0.0125 0.0125 0.0125 0.0625 0.0125 0.1625 0.3125 0.0625 0.0375 
0.0061082 0.0287958 0.0008726 0.0026178 0.0095986 0.327225 0.15096 0.0008726 0.0287958 0.0078534 0.161431 0.0008726 0.047993 0.182373 0.0427574 0.0008726 
0.0128205 0.115385 0.0128205 0.0641026 0.0128205 0.0384615 0.0128205 0.0128205 0.0128205 0.0897436 0.0641026 0.0128205 0.0897436 0.0128205 0.371795 0.0641026 
0.00561798 0.0280899 0.0280899 0.00561798 0.0168539 0.106742 0.00561798 0.00561798 0.0168539 0.00561798 0.0505618 0.00561798 0.0280899 0.0280899 0.264045 0.398876 
0.000869565 0.00608696 0.00608696 0.0026087 0.00956522 0.138261 0.12087 0.00608696 0.00434783 0.000869565 0.000869565 0.313913 0.303478 0.06 0.0113043 0.0147826 
0.347222 0.0138889 0.0138889 0.125 0.0138889 0.0138889 0.0416667 0.0138889 0.0138889 0.0416667 0.0138889 0.0694444 0.208333 0.0138889 0.0416667 0.0138889 
0.00381679 0.00381679 0.00381679 0.0343511 0.00381679 0.0114504 0.232824 0.00381679 0.148855 0.0114504 0.0343511 0.00381679 0.0954198 0.400763 0.00381679 0.00381679 
0.341191 0.0359801 0.0235732 0.0111663 0.0483871 0.00124069 0.0136476 0.0235732 0.00620347 0.00124069 0.016129 0.00124069 0.418114 0.00372208 0.0434243 0.0111663 
0.0271739 0.00543478 0.0163043 0.00543478 0.00543478 0.00543478 0.00543478 0.00543478 0.0271739 0.00543478 0.0163043 0.0380435 0.331522 0.0163043 0.0271739 0.461957 
0.0147059 0.0147059 0.0441176 0.102941 0.25 0.0147059 0.0441176 0.0147059 0.102941 0.0147059 0.25 0.0147059 0.0147059 0.0441176 0.0441176 0.0147059 
0.00238095 0.00714286 0.00714286 0.00238095 0.0119048 0.00714286 0.721429 0.00238095 0.121429 0.05 0.0404762 0.00238095 0.00238095 0.00238095 0.00238095 0.0166667 
0.0269461 0.0988024 0.00299401 0.00299401 0.00898204 0.128743 0.0329341 0.00898204 0.140719 0.0209581 0.0389222 0.00299401 0.0808383 0.00299401 0.350299 0.0508982 
0.0892857 0.339286 0.0178571 0.0535714 0.0178571 0.0535714 0.0178571 0.0178571 0.0178571 0.0178571 0.0178571 0.0178571 0.0535714 0.0178571 0.0535714 0.196429 
0.107143 0.115079 0.00396825 0.00396825 0.00396825 0.0198413 0.00396825 0.00396825 0.00396825 0.00396825 0.0198413 0.00396825 0.162698 0.25 0.281746 0.0119048 
0.00684932 0.00684932 0.00684932 0.00684932 0.00684932 0.00684932 0.746575 0.00684932 0.00684932 0.0616438 0.00684932 0.0616438 0.0479452 0.00684932 0.00684932 0.00684932 
0.00318471 0.00955414 0.00106157 0.00106157 0.0116773 0.00318471 0.0116773 0.00530786 0.066879 0.00530786 0.00106157 0.00106157 0.149682 0.185775 0.542463 0.00106157 
0.0423729 0.0254237 0.0254237 0.0423729 0.059322 0.00847458 0.262712 0.00847458 0.0254237 0.059322 0.00847458 0.00847458 0.00847458 0.059322 0.059322 0.29661 
0.000807754 0.00403877 0.000807754 0.456381 0.00403877 0.0702746 0.0201939 0.000807754 0.157512 0.00242326 0.046042 0.0315024 0.112278 0.00403877 0.0298869 0.0589661 
0.00126582 0.00126582 0.00126582 0.00126582 0.00126582 0.335443 0.021519 0.00126582 0.00379747 0.00126582 0.00126582 0.00126582 0.408861 0.0113924 0.203797 0.00379747 
0.099345 0.0010917 0.0010917 0.0010917 0.0010917 0.0010917 0.479258 0.00327511 0.00982533 0.00327511 0.0316594 0.00764192 0.14738 0.14083 0.0709607 0.0010917 
0.000593824 0.00178147 0.000593824 0.030285 0.0243468 0.000593824 0.0564133 0.00653207 0.343824 0.000593824 0.428147 0.00653207 0.054038 0.0350356 0.010095 0.000593824 
0.000544662 0.00163399 0.00272331 0.000544662 0.00272331 0.00163399 0.157407 0.293573 0.0136166 0.000544662 0.000544662 0.00163399 0.341503 0.172658 0.00272331 0.00599129 
0.000716332 0.002149 0.000716332 0.0494269 0.002149 0.0293696 0.0408309 0.307307 0.0136103 0.002149 0.0766476 0.000716332 0.209885 0.235673 0.002149 0.0265043 
0.00561798 0.0168539 0.0842697 0.00561798 0.0842697 0.0168539 0.601124 0.0168539 0.0280899 0.0280899 0.0280899 0.00561798 0.0280899 0.00561798 0.0280899 0.0168539 
0.000819672 0.0483607 0.00409836 0.00245902 0.00245902 0.000819672 0.0631148 0.000819672 0.000819672 0.000819672 0.000819672 0.00245902 0.186066 0.000819672 0.00737705 0.677869 
0.00254669 0.000848896 0.00254669 0.00254669 0.000848896 0.00594228 0.0432937 0.0110357 0.117997 0.000848896 0.00424448 0.00764007 0.116299 0.00254669 0.635823 0.0449915 
0.03125 0.00625 0.01875 0.00625 0.00625 0.00625 0.00625 0.00625 0.00625 0.00625 0.00625 0.20625 0.01875 0.00625 0.04375 0.61875 
0.0818966 0.0387931 0.00431034 0.0215517 0.00431034 0.012931 0.00431034 0.0301724 0.0474138 0.012931 0.107759 0.00431034 0.0474138 0.0215517 0.461207 0.0991379 
0.000683995 0.000683995 0.0143639 0.000683995 0.00341997 0.0663475 0.119699 0.00341997 0.219562 0.00752394 0.0212038 0.000683995 0.127907 0.0677155 0.344049 0.00205198 
0.00060241 0.0403614 0.00060241 0.00060241 0.00783133 0.00060241 0.577711 0.00060241 0.0548193 0.00060241 0.00060241 0.00301205 0.307831 0.00180723 0.00060241 0.00180723 
0.466856 0.00094697 0.00094697 0.0293561 0.00284091 0.0160985 0.00284091 0.00662879 0.00094697 0.00284091 0.00662879 0.00284091 0.341856 0.0501894 0.0558712 0.0123106 
0.0242718 0.0572816 0.000970874 0.0805825 0.00291262 0.00679612 0.0359223 0.0203883 0.0805825 0.317476 0.0203883 0.0203883 0.228155 0.0320388 0.061165 0.0106796 
0.00095057 0.0123574 0.00095057 0.00285171 0.00665399 0.00095057 0.113118 0.00095057 0.0313688 0.00285171 0.00095057 0.00855513 0.227186 0.565589 0.019962 0.00475285 
0.0454545 0.0656566 0.0151515 0.00505051 0.0656566 0.00505051 0.00505051 0.00505051 0.106061 0.00505051 0.0252525 0.00505051 0.0555556 0.00505051 0.0555556 0.530303 
0.090604 0.0033557 0.0302013 0.0033557 0.0100671 0.0033557 0.0436242 0.0033557 0.0033557 0.0033557 0.0033557 0.0033557 0.157718 0.0033557 0.0100671 0.627517 
0.111486 0.0506757 0.0168919 0.00337838 0.00337838 0.00337838 0.00337838 0.00337838 0.00337838 0.0168919 0.00337838 0.0168919 0.0101351 0.0101351 0.00337838 0.739865 
0.00319149 0.00319149 0.0265957 0.494681 0.00106383 0.0457447 0.00319149 0.00106383 0.237234 0.0329787 0.0308511 0.056383 0.0585106 0.00106383 0.00319149 0.00106383 
0.000682128 0.0115962 0.000682128 0.00341064 0.000682128 0.000682128 0.00204638 0.000682128 0.124829 0.536835 0.00204638 0.000682128 0.223056 0.0893588 0.00204638 0.000682128 
0.00157729 0.055205 0.00157729 0.0173502 0.0141956 0.00157729 0.0141956 0.00157729 0.0268139 0.0299685 0.00788644 0.00473186 0.0173502 0.011041 0.0299685 0.764984 
0.0119048 0.0833333 0.0119048 0.0119048 0.0119048 0.107143 0.0357143 0.0119048 0.0119048 0.0595238 0.0119048 0.0357143 0.25 0.0595238 0.27381 0.0119048 
0.0757576 0.0151515 0.0151515 0.0454545 0.166667 0.106061 0.0151515 0.0454545 0.0151515 0.0454545 0.0454545 0.0454545 0.0151515 0.0151515 0.0151515 0.318182 
0.0471698 0.00943396 0.0471698 0.00943396 0.0471698 0.00943396 0.00943396 0.0849057 0.198113 0.00943396 0.273585 0.122642 0.00943396 0.00943396 0.103774 0.00943396 
0.000819672 0.000819672 0.0057377 0.000819672 0.000819672 0.000819672 0.159836 0.00409836 0.122131 0.00409836 0.0483607 0.000819672 0.154918 0.168033 0.32541 0.00245902 
0.000705219 0.000705219 0.000705219 0.000705219 0.00211566 0.000705219 0.00211566 0.000705219 0.000705219 0.000705219 0.495769 0.000705219 0.488717 0.000705219 0.00211566 0.00211566 
0.000645995 0.0290698 0.00581395 0.00322997 0.000645995 0.00193798 0.0355297 0.000645995 0.144057 0.0148579 0.0174419 0.000645995 0.0729974 0.0949612 0.479974 0.0975452 
0.00396825 0.0103175 0.000793651 0.000793651 0.00238095 0.00238095 0.00714286 0.000793651 0.00238095 0.00238095 0.000793651 0.000793651 0.427778 0.523016 0.00396825 0.0103175 
0.000980392 0.00490196 0.000980392 0.00294118 0.000980392 0.000980392 0.0166667 0.00294118 0.20098 0.000980392 0.000980392 0.573529 0.183333 0.00686275 0.000980392 0.000980392 
0.000837521 0.00753769 0.000837521 0.0175879 0.0041876 0.0041876 0.205193 0.00586265 0.0661642 0.000837521 0.0276382 0.0276382 0.0778894 0.0427136 0.491625 0.019263 
0.0168539 0.00561798 0.00561798 0.567416 0.00561798 0.00561798 0.00561798 0.00561798 0.0393258 0.0505618 0.0730337 0.00561798 0.0280899 0.117978 0.0617978 0.00561798 
0.00574713 0.155172 0.0517241 0.00574713 0.0172414 0.166667 0.00574713 0.00574713 0.00574713 0.00574713 0.00574713 0.0172414 0.0402299 0.0517241 0.454023 0.00574713 
0.000662252 0.00198675 0.00596026 0.000662252 0.00198675 0.0218543 0.0390728 0.00728477 0.00198675 0.00331126 0.00728477 0.327815 0.527815 0.0165563 0.0245033 0.0112583 
0.0172414 0.0172414 0.0172414 0.0517241 0.0517241 0.0172414 0.155172 0.12069 0.0517241 0.0172414 0.0862069 0.0172414 0.0172414 0.327586 0.0172414 0.0172414 
0.0416667 0.0324074 0.00462963 0.00462963 0.00462963 0.00462963 0.0138889 0.0231481 0.00462963 0.00462963 0.00462963 0.0138889 0.486111 0.0138889 0.337963 0.00462963 
0.00555556 0.194444 0.161111 0.0388889 0.00555556 0.00555556 0.00555556 0.00555556 0.0166667 0.0166667 0.0388889 0.0277778 0.00555556 0.0388889 0.0388889 0.394444 
0.0406977 0.0639535 0.00581395 0.0174419 0.0523256 0.0290698 0.0406977 0.0174419 0.0523256 0.00581395 0.133721 0.00581395 0.0174419 0.00581395 0.354651 0.156977 
0.015625 0.276042 0.046875 0.109375 0.171875 0.00520833 0.015625 0.00520833 0.00520833 0.00520833 0.00520833 0.00520833 0.0677083 0.00520833 0.0989583 0.161458 
0.0116279 0.0116279 0.0116279 0.0116279 0.151163 0.0116279 0.0348837 0.0813953 0.0116279 0.0116279 0.0581395 0.0116279 0.0581395 0.104651 0.104651 0.313953 
0.0753012 0.0271084 0.0271084 0.0512048 0.00301205 0.0210843 0.274096 0.00301205 0.00301205 0.0150602 0.129518 0.0993976 0.0150602 0.0813253 0.171687 0.00301205 
0.00214592 0.0407725 0.0321888 0.0107296 0.00214592 0.00214592 0.251073 0.00643777 0.130901 0.00214592 0.100858 0.00214592 0.00214592 0.0536481 0.358369 0.00214592 
0.0180115 0.00504323 0.00216138 0.00504323 0.000720461 0.000720461 0.0972622 0.000720461 0.0482709 0.00648415 0.000720461 0.000720461 0.317723 0.00792507 0.473343 0.0151297 
0.00106838 0.00320513 0.00106838 0.00106838 0.00961538 0.00106838 0.0352564 0.00106838 0.00320513 0.00106838 0.46047 0.00106838 0.477564 0.00106838 0.00106838 0.00106838 
0.00130208 0.0221354 0.00911458 0.00911458 0.00130208 0.00130208 0.00651042 0.00130208 0.0533854 0.00130208 0.0273438 0.00390625 0.110677 0.00651042 0.0143229 0.730469 
0.0304348 0.0652174 0.00144928 0.00144928 0.00144928 0.728986 0.0333333 0.00144928 0.0304348 0.00434783 0.00144928 0.00434783 0.0101449 0.00434783 0.0681159 0.0130435 
0.00412541 0.106436 0.00412541 0.471122 0.000825083 0.00907591 0.0420792 0.000825083 0.0239274 0.0222772 0.00247525 0.00247525 0.14604 0.0156766 0.0123762 0.136139 
0.025 0.308333 0.025 0.00833333 0.00833333 0.175 0.00833333 0.00833333 0.00833333 0.00833333 0.0583333 0.125 0.108333 0.00833333 0.00833333 0.108333 
0.0101626 0.140244 0.00203252 0.00203252 0.00203252 0.00203252 0.176829 0.00203252 0.00609756 0.00609756 0.103659 0.00609756 0.128049 0.0182927 0.380081 0.0142276 
0.015625 0.109375 0.003125 0.003125 0.003125 0.021875 0.009375 0.003125 0.040625 0.009375 0.003125 0.009375 0.028125 0.203125 0.271875 0.265625 
0.0133588 0.475191 0.0019084 0.0133588 0.00572519 0.0553435 0.00572519 0.0019084 0.00572519 0.0706107 0.0209924 0.00954198 0.223282 0.0133588 0.0209924 0.0629771 
0.00273224 0.0901639 0.614754 0.00273224 0.00273224 0.00819672 0.00819672 0.00273224 0.122951 0.0136612 0.00273224 0.0409836 0.0245902 0.0355191 0.00273224 0.0245902 
0.00448833 0.000897666 0.000897666 0.018851 0.000897666 0.000897666 0.00807899 0.013465 0.110413 0.018851 0.368941 0.000897666 0.0780969 0.0870736 0.0206463 0.266607 
0.00925926 0.101852 0.0277778 0.0648148 0.157407 0.00925926 0.0277778 0.00925926 0.12037 0.0277778 0.0648148 0.0462963 0.00925926 0.0277778 0.138889 0.157407 
0.00143678 0.0359195 0.00431034 0.00431034 0.0158046 0.550287 0.0100575 0.00143678 0.012931 0.00143678 0.0215517 0.00143678 0.119253 0.0646552 0.147989 0.00718391 
0.0153129 0.0193076 0.00332889 0.0139814 0.000665779 0.00732357 0.0472703 0.00332889 0.19241 0.000665779 0.0126498 0.000665779 0.0272969 0.64514 0.00998668 0.000665779 
0.000301386 0.0159735 0.0141652 0.0280289 0.000301386 0.0201929 0.0955395 0.00271248 0.0660036 0.000301386 0.00331525 0.477095 0.25226 0.00271248 0.0207957 0.000301386 
0.0010989 0.0164835 0.0010989 0.0010989 0.0010989 0.40989 0.0428571 0.0010989 0.0142857 0.0164835 0.0032967 0.0010989 0.137363 0.337363 0.0120879 0.0032967 
0.00282486 0.0423729 0.00282486 0.00282486 0.00847458 0.00282486 0.110169 0.00282486 0.0367232 0.0141243 0.0480226 0.00282486 0.0536723 0.29096 0.319209 0.059322 
0.0135135 0.0405405 0.0135135 0.0135135 0.0675676 0.0405405 0.0945946 0.0135135 0.0135135 0.0135135 0.0135135 0.0675676 0.0675676 0.202703 0.0135135 0.310811 
0.00451807 0.061747 0.00150602 0.0165663 0.00150602 0.00753012 0.0888554 0.00150602 0.00451807 0.00150602 0.0225904 0.00150602 0.218373 0.0105422 0.0105422 0.546687 
0.0843478 0.167826 0.000869565 0.000869565 0.0165217 0.0026087 0.0826087 0.00608696 0.00434783 0.0113043 0.294783 0.00434783 0.282609 0.000869565 0.000869565 0.0391304 
0.00632911 0.00632911 0.056962 0.0189873 0.0189873 0.0189873 0.0189873 0.00632911 0.0696203 0.00632911 0.00632911 0.00632911 0.056962 0.0822785 0.246835 0.373418 
0.000994036 0.255467 0.026839 0.0328032 0.000994036 0.00298211 0.32505 0.00497018 0.128231 0.138171 0.000994036 0.000994036 0.0666004 0.000994036 0.00894632 0.00497018 
0.00268817 0.0241935 0.00268817 0.00268817 0.00268817 0.0134409 0.00268817 0.00268817 0.00268817 0.00268817 0.00806452 0.061828 0.233871 0.00268817 0.00268817 0.63172 
0.00992063 0.135582 0.000661376 0.0337302 0.000661376 0.0191799 0.0456349 0.0324074 0.140873 0.000661376 0.0720899 0.000661376 0.0337302 0.450397 0.0231481 0.000661376 
0.00422297 0.000844595 0.00253378 0.328547 0.00253378 0.0346284 0.0785473 0.000844595 0.161318 0.000844595 0.0396959 0.000844595 0.066723 0.0701014 0.201858 0.00591216 
0.00483351 0.101504 0.0424275 0.0929108 0.00268528 0.000537057 0.018797 0.0037594 0.637487 0.00483351 0.00268528 0.00483351 0.075725 0.0037594 0.00268528 0.000537057 
0.00071736 0.00071736 0.00071736 0.640603 0.00215208 0.00071736 0.00071736 0.00071736 0.00071736 0.0035868 0.00071736 0.00071736 0.34505 0.00071736 0.00071736 0.00071736 
0.00340136 0.00340136 0.00340136 0.295918 0.00340136 0.0238095 0.0238095 0.0306122 0.268707 0.0306122 0.0306122 0.132653 0.0238095 0.0714286 0.0510204 0.00340136 
0.0192308 0.0961538 0.173077 0.134615 0.0192308 0.0192308 0.0192308 0.0192308 0.0192308 0.0961538 0.0192308 0.0961538 0.211538 0.0192308 0.0192308 0.0192308 
0.0092437 0.0294118 0.000840336 0.0159664 0.00588235 0.0109244 0.00420168 0.000840336 0.0361345 0.00420168 0.00252101 0.0210084 0.244538 0.558824 0.0226891 0.0327731 
0.00306748 0.172393 0.000613497 0.0374233 0.00184049 0.0165644 0.0116564 0.000613497 0.0141104 0.000613497 0.00184049 0.459509 0.244785 0.0104294 0.0239264 0.000613497 
0.0294118 0.0294118 0.0294118 0.0882353 0.264706 0.0294118 0.0294118 0.0294118 0.0882353 0.205882 0.0294118 0.0294118 0.0294118 0.0294118 0.0294118 0.0294118 
0.0178571 0.0892857 0.0178571 0.196429 0.375 0.0178571 0.0178571 0.0535714 0.0178571 0.0535714 0.0535714 0.0178571 0.0178571 0.0178571 0.0178571 0.0178571 
0.175676 0.0135135 0.0135135 0.0405405 0.283784 0.0135135 0.0135135 0.0135135 0.0135135 0.202703 0.0135135 0.0135135 0.0135135 0.0405405 0.0135135 0.121622 
0.00195312 0.0644531 0.0957031 0.0292969 0.00195312 0.599609 0.0800781 0.00976562 0.0371094 0.00195312 0.00195312 0.00195312 0.00976562 0.0449219 0.00195312 0.0175781 
0.00574713 0.130542 0.00246305 0.444171 0.00738916 0.00246305 0.0517241 0.00246305 0.0763547 0.000821018 0.00738916 0.00410509 0.122332 0.0402299 0.000821018 0.100985 
0.0178571 0.0178571 0.0178571 0.0178571 0.0178571 0.0178571 0.0178571 0.125 0.0178571 0.0178571 0.125 0.0535714 0.0535714 0.375 0.0535714 0.0535714 
0.0129959 0.0294118 0.00341997 0.00889193 0.000683995 0.00341997 0.00205198 0.00205198 0.0212038 0.0335157 0.0170999 0.00341997 0.238714 0.586183 0.000683995 0.0362517 
0.0657895 0.171053 0.25 0.0131579 0.0394737 0.0394737 0.0394737 0.0657895 0.0921053 0.0131579 0.0394737 0.0131579 0.0131579 0.0131579 0.0921053 0.0394737 
0.0135135 0.0135135 0.0405405 0.283784 0.175676 0.0135135 0.0135135 0.0675676 0.0135135 0.0135135 0.0135135 0.0135135 0.0135135 0.175676 0.0945946 0.0405405 
0.02 0.02 0.06 0.3 0.1 0.06 0.02 0.06 0.02 0.1 0.02 0.02 0.02 0.1 0.02 0.06 
0.0657895 0.0657895 0.0131579 0.25 0.0921053 0.118421 0.0131579 0.171053 0.0131579 0.0131579 0.0921053 0.0131579 0.0131579 0.0394737 0.0131579 0.0131579 
0.0560897 0.00160256 0.0112179 0.258013 0.0112179 0.00160256 0.00160256 0.00160256 0.0176282 0.408654 0.00160256 0.00480769 0.209936 0.00801282 0.00160256 0.00480769 
0.0320197 0.091133 0.046798 0.0665025 0.0714286 0.00246305 0.00246305 0.0418719 0.091133 0.3867 0.00246305 0.00738916 0.14532 0.00246305 0.00246305 0.00738916 
0.0609756 0.0853659 0.134146 0.0853659 0.0365854 0.0121951 0.0121951 0.0121951 0.0121951 0.280488 0.0121951 0.0121951 0.158537 0.0121951 0.0121951 0.0609756 
0.632229 0.000301205 0.000301205 0.000903614 0.000301205 0.000301205 0.000903614 0.000301205 0.000301205 0.000301205 0.000903614 0.000301205 0.358735 0.000903614 0.00271084 0.000301205 
0.179245 0.349057 0.00943396 0.0471698 0.00943396 0.00943396 0.00943396 0.0283019 0.0283019 0.141509 0.00943396 0.00943396 0.103774 0.0283019 0.00943396 0.0283019 
0.0568862 0.000998004 0.000998004 0.0688623 0.000998004 0.000998004 0.0129741 0.468064 0.000998004 0.0349301 0.010978 0.0429142 0.246507 0.00299401 0.000998004 0.0489022 
0.0694444 0.0138889 0.0138889 0.0694444 0.0694444 0.0138889 0.0138889 0.291667 0.0138889 0.152778 0.0138889 0.0138889 0.0138889 0.0138889 0.0138889 0.208333 
0.00555556 0.00333333 0.00111111 0.132222 0.0188889 0.00111111 0.00333333 0.00111111 0.00111111 0.563333 0.00333333 0.0211111 0.161111 0.00111111 0.00111111 0.0811111 
0.025 0.025 0.025 0.175 0.075 0.025 0.025 0.025 0.025 0.225 0.075 0.025 0.025 0.075 0.125 0.025 
0.00188679 0.0899371 0.00314465 0.725157 0.000628931 0.000628931 0.00188679 0.000628931 0.11761 0.000628931 0.00188679 0.00188679 0.0471698 0.000628931 0.00440252 0.00188679 
0.0373134 0.00746269 0.00746269 0.00746269 0.186567 0.00746269 0.0223881 0.00746269 0.0522388 0.186567 0.0522388 0.0820896 0.171642 0.0373134 0.0223881 0.11194 
0.0185185 0.0185185 0.0925926 0.0185185 0.240741 0.240741 0.0925926 0.0185185 0.0185185 0.0555556 0.0185185 0.0185185 0.0185185 0.0925926 0.0185185 0.0185185 
0.0125 0.0625 0.2125 0.0375 0.0125 0.0125 0.0125 0.0125 0.0875 0.1375 0.0125 0.0125 0.0625 0.1625 0.0375 0.1125 
0.0972222 0.0138889 0.0694444 0.152778 0.0138889 0.0138889 0.0138889 0.0138889 0.0138889 0.125 0.0138889 0.236111 0.0138889 0.0138889 0.0138889 0.180556 
0.02 0.18 0.1 0.1 0.02 0.02 0.02 0.02 0.02 0.02 0.26 0.02 0.14 0.02 0.02 0.02 
0.000905797 0.0172101 0.451993 0.0606884 0.000905797 0.00996377 0.00452899 0.000905797 0.0208333 0.00452899 0.00452899 0.000905797 0.173007 0.000905797 0.00271739 0.245471 
0.0416667 0.0416667 0.0138889 0.347222 0.0138889 0.0138889 0.0416667 0.0416667 0.0138889 0.0138889 0.0138889 0.0138889 0.0416667 0.0138889 0.0416667 0.291667 
0.0277778 0.0833333 0.0277778 0.416667 0.0277778 0.0277778 0.0277778 0.0277778 0.0277778 0.138889 0.0277778 0.0277778 0.0277778 0.0277778 0.0277778 0.0277778 
0.0227273 0.0681818 0.0681818 0.0227273 0.0681818 0.0227273 0.0227273 0.0227273 0.0227273 0.25 0.0227273 0.113636 0.159091 0.0227273 0.0681818 0.0227273 
0.214286 0.0142857 0.1 0.157143 0.185714 0.0142857 0.0142857 0.0142857 0.0142857 0.0428571 0.0142857 0.1 0.0142857 0.0714286 0.0142857 0.0142857 
0.0862069 0.0172414 0.155172 0.0172414 0.155172 0.0172414 0.0172414 0.0172414 0.0172414 0.0862069 0.0172414 0.0172414 0.224138 0.0172414 0.0517241 0.0862069 
0.0428571 0.1 0.0142857 0.0428571 0.214286 0.0142857 0.0428571 0.0142857 0.0142857 0.0142857 0.0428571 0.3 0.1 0.0142857 0.0142857 0.0142857 
0.00071736 0.017934 0.00071736 0.0480631 0.00071736 0.00215208 0.00215208 0.00071736 0.0107604 0.00071736 0.746772 0.00071736 0.157102 0.00502152 0.00071736 0.00502152 
0.0289256 0.00413223 0.00413223 0.227273 0.0123967 0.00413223 0.0454545 0.243802 0.0454545 0.0289256 0.0867769 0.0289256 0.0289256 0.053719 0.0123967 0.144628 
0.0365854 0.0121951 0.0121951 0.0609756 0.0609756 0.0121951 0.109756 0.0121951 0.0121951 0.0121951 0.0121951 0.0853659 0.134146 0.0121951 0.0365854 0.378049 
0.256757 0.283784 0.0675676 0.0675676 0.0405405 0.0135135 0.0135135 0.0135135 0.0135135 0.0405405 0.0135135 0.0945946 0.0405405 0.0135135 0.0135135 0.0135135 
0.015625 0.00904605 0.0106908 0.0320724 0.00740132 0.000822368 0.00246711 0.0123355 0.0962171 0.000822368 0.00246711 0.331414 0.45477 0.000822368 0.015625 0.00740132 
0.0714286 0.00946644 0.00946644 0.419105 0.0129088 0.035284 0.000860585 0.0060241 0.0783133 0.0438898 0.00258176 0.00258176 0.0834768 0.109294 0.0593804 0.055938 
0.0244755 0.108392 0.0104895 0.0034965 0.388112 0.0034965 0.0174825 0.0104895 0.0104895 0.0034965 0.0034965 0.0034965 0.332168 0.0244755 0.0174825 0.0384615 
0.07 0.213636 0.01 0.391818 0.00272727 0.000909091 0.000909091 0.000909091 0.03 0.000909091 0.000909091 0.03 0.244545 0.000909091 0.000909091 0.000909091 
0.15 0.0166667 0.0166667 0.35 0.0166667 0.0166667 0.0166667 0.0166667 0.25 0.05 0.0166667 0.0166667 0.0166667 0.0166667 0.0166667 0.0166667 
0.0172414 0.0172414 0.0862069 0.5 0.12069 0.0172414 0.0517241 0.0172414 0.0172414 0.0172414 0.0172414 0.0172414 0.0172414 0.0517241 0.0172414 0.0172414 
0.0789474 0.0263158 0.131579 0.0789474 0.131579 0.131579 0.0263158 0.0263158 0.0263158 0.0263158 0.0789474 0.0789474 0.0789474 0.0263158 0.0263158 0.0263158 
0.134615 0.0192308 0.0961538 0.211538 0.173077 0.0576923 0.0192308 0.0961538 0.0192308 0.0192308 0.0192308 0.0192308 0.0192308 0.0576923 0.0192308 0.0192308 
0.000896057 0.000896057 0.00448029 0.015233 0.00268817 0.000896057 0.00268817 0.000896057 0.115591 0.00448029 0.000896057 0.515233 0.327061 0.00448029 0.00268817 0.000896057 
0.00951087 0.0013587 0.017663 0.751359 0.00679348 0.00407609 0.00679348 0.0013587 0.0502717 0.0013587 0.00407609 0.0013587 0.129076 0.00407609 0.00951087 0.0013587 
0.00225225 0.00225225 0.00675676 0.38964 0.15991 0.00675676 0.0112613 0.00225225 0.362613 0.00225225 0.00225225 0.0202703 0.0112613 0.0157658 0.00225225 0.00225225 
0.00462963 0.0509259 0.0509259 0.319444 0.226852 0.0972222 0.00462963 0.0138889 0.0601852 0.0138889 0.0138889 0.0416667 0.0324074 0.00462963 0.0138889 0.0509259 
0.000980392 0.118627 0.000980392 0.0598039 0.000980392 0.0990196 0.0264706 0.0107843 0.00294118 0.387255 0.0421569 0.00294118 0.179412 0.0343137 0.0186275 0.0147059 
0.0330813 0.00283554 0.0198488 0.460302 0.00283554 0.00094518 0.00094518 0.0047259 0.0897921 0.010397 0.00661626 0.0311909 0.244802 0.0879017 0.00094518 0.00283554 
0.222973 0.0743243 0.0472973 0.25 0.0472973 0.00675676 0.00675676 0.0202703 0.00675676 0.25 0.00675676 0.0202703 0.00675676 0.00675676 0.0202703 0.00675676 
