0.004184 0.004184 0.991632 
0.002865 0.002865 0.994269 
0.002278 0.002278 0.995444 
0.001616 0.001616 0.996769 
0.001295 0.000432 0.998274 
0.000220 0.001100 0.998680 
0.000184 0.000184 0.999632 
0.000459 0.000153 0.999388 
0.000151 0.000151 0.999697 
0.000148 0.000148 0.999703 
0.000324 0.000324 0.999351 
0.000531 0.000319 0.999150 
0.000518 0.000104 0.999379 
0.035999 0.000641 0.963360 
0.229376 0.000333 0.770291 
0.419393 0.000054 0.580552 
0.409186 0.000054 0.590760 
0.410321 0.000053 0.589626 
0.428258 0.000052 0.571690 
0.565952 0.000040 0.434008 
0.576135 0.000039 0.423826 
0.589767 0.000038 0.410195 
0.651039 0.000033 0.348928 
0.652015 0.000033 0.347952 
0.668364 0.000031 0.331605 
0.687336 0.000089 0.312576 
0.715193 0.000026 0.284780 
0.719443 0.000238 0.280319 
0.714926 0.000534 0.284540 
0.721723 0.000025 0.278252 
0.724831 0.003696 0.271474 
0.692272 0.045388 0.262341 
0.678690 0.069814 0.251496 
0.680541 0.070908 0.248550 
0.681428 0.068172 0.250400 
0.668519 0.089613 0.241868 
0.657690 0.101656 0.240654 
0.655094 0.099958 0.244947 
0.634845 0.134688 0.230467 
0.594143 0.187713 0.218144 
0.588305 0.192070 0.219625 
0.584681 0.199786 0.215533 
0.581611 0.204955 0.213433 
0.548242 0.250390 0.201368 
0.542660 0.253585 0.203755 
0.532758 0.268159 0.199083 
0.512841 0.301781 0.185378 
0.499107 0.320824 0.180070 
