0.004065 0.004065 0.004065 0.004065 0.004065 0.004065 0.004065 0.963415 0.004065 0.004065 
0.002809 0.002809 0.002809 0.002809 0.002809 0.002809 0.002809 0.974719 0.002809 0.002809 
0.002242 0.002242 0.002242 0.002242 0.002242 0.002242 0.002242 0.979821 0.002242 0.002242 
0.001597 0.004792 0.001597 0.001597 0.001597 0.001597 0.001597 0.979233 0.001597 0.004792 
0.000430 0.000430 0.000430 0.001291 0.000430 0.434165 0.001291 0.559811 0.000430 0.001291 
0.000220 0.000220 0.000220 0.000220 0.000220 0.646090 0.000220 0.352153 0.000220 0.000220 
0.000184 0.000184 0.000184 0.000184 0.000552 0.686098 0.000184 0.312063 0.000184 0.000184 
0.000153 0.000153 0.000153 0.000153 0.000459 0.732569 0.000153 0.265291 0.000459 0.000459 
0.000151 0.000151 0.000756 0.000151 0.000151 0.730944 0.000454 0.265729 0.001059 0.000454 
0.000148 0.000148 0.000445 0.000148 0.000148 0.746368 0.000148 0.251853 0.000445 0.000148 
0.000108 0.056312 0.000108 0.000108 0.000108 0.731193 0.000108 0.209576 0.002270 0.000108 
0.000106 0.059953 0.000106 0.000106 0.000106 0.735887 0.000106 0.202992 0.000106 0.000531 
0.000724 0.081039 0.000310 0.000310 0.000103 0.710722 0.000517 0.203581 0.002173 0.000517 
0.000092 0.188667 0.001190 0.000092 0.000275 0.630081 0.000092 0.178781 0.000275 0.000458 
0.109743 0.287968 0.000333 0.000067 0.000067 0.481499 0.000067 0.120125 0.000067 0.000067 
0.215394 0.304025 0.000597 0.000054 0.000054 0.382675 0.000054 0.096930 0.000054 0.000163 
0.219364 0.302706 0.000054 0.000054 0.000054 0.376275 0.000054 0.100902 0.000483 0.000054 
0.214392 0.304118 0.000053 0.000053 0.000053 0.384562 0.000053 0.096394 0.000267 0.000053 
0.225929 0.306339 0.000052 0.000052 0.000157 0.372442 0.000261 0.094559 0.000157 0.000052 
0.188008 0.262246 0.000040 0.000040 0.000040 0.305839 0.165246 0.076369 0.000282 0.001890 
0.182962 0.264244 0.000039 0.000039 0.000039 0.299853 0.181414 0.069477 0.000658 0.001277 
0.179032 0.260041 0.000038 0.000038 0.000038 0.295430 0.183654 0.069529 0.002842 0.009359 
0.155250 0.218937 0.000033 0.000033 0.000033 0.240144 0.163577 0.056889 0.034186 0.130920 
0.154144 0.213603 0.000033 0.000358 0.000033 0.237412 0.164487 0.054612 0.033925 0.141393 
0.146810 0.201351 0.000031 0.000216 0.000093 0.222205 0.155510 0.054140 0.070490 0.149155 
0.141916 0.186160 0.000030 0.000030 0.011785 0.212269 0.150304 0.053075 0.093538 0.150895 
0.128242 0.173293 0.000079 0.000026 0.061276 0.190815 0.134013 0.042165 0.128931 0.141159 
0.125694 0.172462 0.000132 0.000026 0.061486 0.192755 0.132669 0.041563 0.124742 0.148470 
0.124141 0.171314 0.000229 0.000076 0.075849 0.178999 0.132894 0.041601 0.135693 0.139204 
0.116987 0.162608 0.000025 0.000025 0.078152 0.178810 0.134152 0.043873 0.145797 0.139570 
0.121392 0.174263 0.000025 0.000372 0.078440 0.175255 0.132750 0.042382 0.138354 0.136767 
0.110423 0.158679 0.000023 0.039909 0.074465 0.171537 0.119915 0.038740 0.151711 0.134597 
0.106567 0.158191 0.000023 0.061899 0.073009 0.161894 0.120975 0.039858 0.151009 0.126575 
0.111184 0.153681 0.000023 0.063769 0.073062 0.164012 0.120883 0.037873 0.145471 0.130042 
0.110838 0.161582 0.000203 0.065457 0.072938 0.159734 0.115660 0.035489 0.150721 0.127377 
0.108993 0.158763 0.000066 0.077466 0.070913 0.158364 0.112225 0.035844 0.154335 0.123030 
0.101684 0.150459 0.000022 0.081124 0.071938 0.159733 0.116382 0.035499 0.157240 0.125919 
0.098895 0.151324 0.000066 0.080064 0.071981 0.164999 0.117900 0.034538 0.150668 0.129566 
0.098167 0.152209 0.027961 0.084259 0.069892 0.151458 0.109401 0.033892 0.151332 0.121429 
0.094044 0.143192 0.071129 0.079060 0.062016 0.145632 0.096294 0.030484 0.163782 0.114367 
0.095937 0.140420 0.079006 0.079837 0.061735 0.139437 0.097449 0.030971 0.164191 0.111017 
0.089244 0.141471 0.084809 0.079856 0.057272 0.134227 0.099519 0.033949 0.167344 0.112308 
0.093047 0.139743 0.091147 0.078029 0.060235 0.137624 0.095385 0.034365 0.163311 0.107114 
0.082928 0.132782 0.136202 0.074781 0.053693 0.129731 0.092416 0.028883 0.163795 0.104788 
0.081362 0.132659 0.135670 0.075573 0.052819 0.131688 0.092036 0.030835 0.164514 0.102844 
0.080590 0.126515 0.147772 0.073634 0.049257 0.128043 0.090048 0.028943 0.168671 0.106526 
0.076486 0.122068 0.177607 0.068851 0.048412 0.121806 0.086938 0.029192 0.170436 0.098203 
0.073126 0.119153 0.194674 0.072766 0.047287 0.118848 0.083428 0.028622 0.166454 0.095641 
