0.0858844 0.0501701 0.0042517 0.00085034 0.0212585 0.0042517 0.00935374 0.00935374 0.0178571 0.00595238 0.327381 0.00765306 0.361395 0.00085034 0.0909864 0.00255102 
0.0214286 0.00714286 0.00714286 0.207143 0.00714286 0.00714286 0.0928571 0.0214286 0.135714 0.00714286 0.05 0.0357143 0.0357143 0.192857 0.135714 0.0357143 
0.0714286 0.0238095 0.0047619 0.0047619 0.0142857 0.0142857 0.0047619 0.0047619 0.490476 0.0142857 0.0047619 0.0047619 0.0047619 0.0047619 0.0904762 0.242857 
0.0921053 0.0394737 0.0131579 0.0131579 0.0131579 0.0131579 0.171053 0.0131579 0.0131579 0.0131579 0.0131579 0.0657895 0.0394737 0.381579 0.0921053 0.0131579 
0.0144231 0.0528846 0.0144231 0.0144231 0.0625 0.00480769 0.110577 0.00480769 0.129808 0.0528846 0.00480769 0.0144231 0.0240385 0.0913462 0.379808 0.0240385 
0.1 0.0333333 0.0111111 0.0111111 0.144444 0.0333333 0.277778 0.0777778 0.0111111 0.0111111 0.0111111 0.0111111 0.0333333 0.0111111 0.122222 0.1 
0.00912106 0.0986733 0.299337 0.0140962 0.000829187 0.00248756 0.0638474 0.0422886 0.00248756 0.00580431 0.0721393 0.000829187 0.226368 0.123549 0.00746269 0.0306799 
0.0266798 0.00494071 0.236166 0.000988142 0.000988142 0.00494071 0.115613 0.000988142 0.0187747 0.000988142 0.0444664 0.00296443 0.416008 0.048419 0.0583004 0.0187747 
0.0130854 0.00619835 0.00344353 0.00757576 0.00757576 0.0296143 0.606749 0.000688705 0.00895317 0.000688705 0.00206612 0.000688705 0.196281 0.0406336 0.0750689 0.000688705 
0.0443038 0.0189873 0.00632911 0.00632911 0.0316456 0.00632911 0.0316456 0.0316456 0.234177 0.00632911 0.0949367 0.0189873 0.00632911 0.411392 0.0189873 0.0316456 
0.00657895 0.0328947 0.0592105 0.0592105 0.0197368 0.00657895 0.0197368 0.00657895 0.00657895 0.0592105 0.00657895 0.0197368 0.111842 0.0855263 0.467105 0.0328947 
0.00117647 0.0247059 0.00352941 0.00117647 0.00588235 0.0105882 0.0905882 0.00352941 0.00117647 0.114118 0.311765 0.00117647 0.356471 0.0341176 0.0223529 0.0176471 
0.0046729 0.0233645 0.0233645 0.0046729 0.0046729 0.0046729 0.0046729 0.0046729 0.0046729 0.0046729 0.163551 0.0514019 0.126168 0.0233645 0.546729 0.0046729 
0.0217391 0.0217391 0.0217391 0.108696 0.0652174 0.108696 0.0217391 0.0652174 0.0652174 0.0217391 0.195652 0.0217391 0.0652174 0.108696 0.0217391 0.0652174 
0.0156889 0.00341064 0.00204638 0.0115962 0.000682128 0.00204638 0.00341064 0.00613915 0.00204638 0.000682128 0.0102319 0.000682128 0.392224 0.422237 0.120737 0.00613915 
0.145161 0.317204 0.0376344 0.0268817 0.0591398 0.00537634 0.0913978 0.016129 0.00537634 0.00537634 0.016129 0.0376344 0.016129 0.016129 0.0483871 0.155914 
0.00155763 0.017134 0.00155763 0.0046729 0.00155763 0.00155763 0.0233645 0.017134 0.0046729 0.00155763 0.00155763 0.00155763 0.238318 0.00155763 0.0482866 0.633956 
0.104167 0.235119 0.0267857 0.00297619 0.00892857 0.00297619 0.0863095 0.00297619 0.014881 0.0208333 0.014881 0.00297619 0.193452 0.0208333 0.205357 0.0565476 
0.00185185 0.00555556 0.00555556 0.00185185 0.00925926 0.00185185 0.012963 0.00185185 0.0944444 0.00185185 0.00555556 0.00185185 0.272222 0.00185185 0.427778 0.153704 
0.00561798 0.0168539 0.00561798 0.00561798 0.0168539 0.567416 0.0280899 0.0168539 0.00561798 0.0168539 0.00561798 0.00561798 0.264045 0.00561798 0.0280899 0.00561798 
0.0113636 0.0113636 0.0113636 0.0113636 0.0568182 0.0113636 0.0340909 0.0113636 0.0113636 0.0113636 0.0113636 0.0113636 0.0795455 0.0113636 0.125 0.579545 
0.0176471 0.135294 0.00588235 0.0529412 0.0294118 0.0411765 0.00588235 0.00588235 0.00588235 0.0176471 0.0176471 0.00588235 0.00588235 0.0176471 0.158824 0.476471 
0.00625 0.03125 0.03125 0.00625 0.00625 0.01875 0.01875 0.05625 0.16875 0.26875 0.00625 0.01875 0.01875 0.03125 0.26875 0.04375 
0.0060241 0.0301205 0.0180723 0.0060241 0.0060241 0.0060241 0.0060241 0.0060241 0.222892 0.186747 0.0301205 0.0180723 0.0421687 0.0301205 0.307229 0.0783133 
0.00625 0.113393 0.00446429 0.0205357 0.00267857 0.00267857 0.000892857 0.00982143 0.0419643 0.00803571 0.0294643 0.00446429 0.279464 0.00446429 0.461607 0.00982143 
0.00862069 0.00862069 0.00862069 0.0603448 0.0258621 0.00862069 0.62931 0.00862069 0.00862069 0.0258621 0.00862069 0.0258621 0.12931 0.0258621 0.00862069 0.00862069 
0.311659 0.00373692 0.00224215 0.00523169 0.0620329 0.000747384 0.00373692 0.00224215 0.123318 0.000747384 0.00224215 0.00672646 0.366966 0.0246637 0.0620329 0.0216741 
0.00413223 0.0123967 0.0289256 0.0371901 0.326446 0.0123967 0.0785124 0.0371901 0.0702479 0.0206612 0.136364 0.0206612 0.119835 0.0123967 0.0371901 0.0454545 
0.0183824 0.268382 0.00367647 0.0477941 0.0551471 0.356618 0.0698529 0.0330882 0.00367647 0.0183824 0.0110294 0.0551471 0.0404412 0.00367647 0.00367647 0.0110294 
0.0416667 0.0138889 0.0138889 0.0138889 0.263889 0.0416667 0.0416667 0.0416667 0.0138889 0.0138889 0.0138889 0.0416667 0.0138889 0.0972222 0.0694444 0.263889 
0.00666667 0.00666667 0.00666667 0.00666667 0.00666667 0.00666667 0.22 0.02 0.02 0.00666667 0.14 0.00666667 0.00666667 0.113333 0.126667 0.3 
0.00110375 0.0386313 0.00110375 0.00110375 0.00110375 0.42053 0.0209713 0.00110375 0.00772627 0.00110375 0.00110375 0.00551876 0.356512 0.00110375 0.122517 0.0187638 
0.0291667 0.00416667 0.00416667 0.00416667 0.0208333 0.0208333 0.195833 0.0208333 0.00416667 0.00416667 0.129167 0.0125 0.0458333 0.0375 0.0291667 0.4375 
0.000894454 0.00626118 0.000894454 0.0134168 0.000894454 0.000894454 0.0384615 0.00447227 0.0652952 0.0187835 0.000894454 0.000894454 0.211986 0.0706619 0.000894454 0.564401 
0.00205761 0.0185185 0.00205761 0.00617284 0.00617284 0.00617284 0.00205761 0.00205761 0.0925926 0.026749 0.00205761 0.00205761 0.179012 0.00205761 0.207819 0.442387 
0.02 0.18 0.00666667 0.02 0.00666667 0.0333333 0.153333 0.00666667 0.00666667 0.00666667 0.0866667 0.00666667 0.00666667 0.06 0.00666667 0.393333 
0.0808824 0.0661765 0.00735294 0.00735294 0.0661765 0.0661765 0.0514706 0.00735294 0.00735294 0.00735294 0.257353 0.00735294 0.227941 0.00735294 0.0661765 0.0661765 
0.00126582 0.00632911 0.00126582 0.00126582 0.0265823 0.00126582 0.0164557 0.0189873 0.117722 0.00632911 0.0316456 0.00126582 0.0113924 0.00126582 0.462025 0.294937 
0.00241935 0.00564516 0.0846774 0.00241935 0.00887097 0.0185484 0.191129 0.000806452 0.162097 0.108871 0.252419 0.0153226 0.00241935 0.142742 0.000806452 0.000806452 
0.0833333 0.0277778 0.0277778 0.0277778 0.0277778 0.0833333 0.0277778 0.0277778 0.0277778 0.0277778 0.0277778 0.0277778 0.0277778 0.0833333 0.416667 0.0277778 
0.137363 0.214286 0.00549451 0.0274725 0.0274725 0.0274725 0.0494505 0.0274725 0.0164835 0.00549451 0.00549451 0.00549451 0.181319 0.148352 0.104396 0.0164835 
0.113793 0.0172414 0.00344828 0.00344828 0.00344828 0.12069 0.00344828 0.00344828 0.00344828 0.0172414 0.0172414 0.0103448 0.231034 0.0241379 0.396552 0.0310345 
0.203704 0.0185185 0.0185185 0.0185185 0.0185185 0.0185185 0.166667 0.0185185 0.0185185 0.0555556 0.0555556 0.0185185 0.166667 0.12963 0.0555556 0.0185185 
0.0428571 0.0142857 0.0714286 0.0428571 0.3 0.0142857 0.0428571 0.1 0.0142857 0.0142857 0.0142857 0.0142857 0.0142857 0.0142857 0.0142857 0.271429 
0.00246305 0.0763547 0.00738916 0.00246305 0.0172414 0.0123153 0.00246305 0.00246305 0.317734 0.00246305 0.00246305 0.00738916 0.00246305 0.00246305 0.514778 0.0270936 
0.127119 0.29661 0.0254237 0.00847458 0.0254237 0.00847458 0.00847458 0.00847458 0.0254237 0.00847458 0.00847458 0.0254237 0.00847458 0.00847458 0.00847458 0.398305 
0.00183599 0.00550796 0.00305998 0.00795594 0.00305998 0.000611995 0.0373317 0.000611995 0.0410037 0.000611995 0.00550796 0.000611995 0.0960832 0.0116279 0.00183599 0.782742 
0.000520833 0.000520833 0.0463542 0.0109375 0.000520833 0.00260417 0.0682292 0.00677083 0.0161458 0.00364583 0.000520833 0.00885417 0.307812 0.0203125 0.505729 0.000520833 
0.0119048 0.154762 0.0119048 0.0119048 0.178571 0.0119048 0.0119048 0.0119048 0.0119048 0.0119048 0.0119048 0.0119048 0.0119048 0.0357143 0.488095 0.0119048 
0.00141643 0.131728 0.00424929 0.0127479 0.00141643 0.00991501 0.0155807 0.0127479 0.00141643 0.0580737 0.0212465 0.00141643 0.171388 0.00141643 0.548159 0.00708215 
0.00250836 0.0041806 0.00250836 0.00083612 0.00083612 0.0225753 0.0041806 0.00083612 0.014214 0.00083612 0.00083612 0.00083612 0.149666 0.00083612 0.00083612 0.793478 
0.00596817 0.020557 0.00066313 0.00066313 0.00331565 0.00198939 0.00198939 0.00066313 0.117374 0.00729443 0.00066313 0.00596817 0.13992 0.682361 0.00464191 0.00596817 
0.000792393 0.000792393 0.00554675 0.000792393 0.000792393 0.438193 0.000792393 0.00554675 0.00713154 0.00237718 0.000792393 0.0150555 0.298732 0.00396197 0.217908 0.000792393 
0.166667 0.0185185 0.0185185 0.0555556 0.0185185 0.0185185 0.0185185 0.0185185 0.0185185 0.0555556 0.0185185 0.0185185 0.0185185 0.166667 0.203704 0.166667 
0.0178571 0.196429 0.0178571 0.0178571 0.0178571 0.0178571 0.0535714 0.0892857 0.0178571 0.0535714 0.0535714 0.0178571 0.0535714 0.0535714 0.0178571 0.303571 
0.0275591 0.0275591 0.0433071 0.00393701 0.0275591 0.00393701 0.011811 0.00393701 0.00393701 0.00393701 0.610236 0.00393701 0.137795 0.00393701 0.0669291 0.019685 
0.00480769 0.00673077 0.000961538 0.000961538 0.000961538 0.00480769 0.0317308 0.00288462 0.00673077 0.00288462 0.681731 0.000961538 0.245192 0.000961538 0.00673077 0.000961538 
0.00214592 0.00214592 0.0107296 0.0107296 0.00214592 0.00643777 0.00643777 0.0107296 0.00214592 0.0150215 0.00643777 0.00643777 0.405579 0.00643777 0.504292 0.00214592 
0.000826446 0.0123967 0.000826446 0.00247934 0.0206612 0.0305785 0.0190083 0.000826446 0.121488 0.00909091 0.000826446 0.0123967 0.136364 0.219008 0.392562 0.0206612 
0.0138889 0.0138889 0.0416667 0.0138889 0.0138889 0.152778 0.0138889 0.0138889 0.0138889 0.0138889 0.0138889 0.0138889 0.0694444 0.0138889 0.513889 0.0694444 
0.166667 0.0454545 0.0454545 0.0151515 0.136364 0.0151515 0.106061 0.0151515 0.0151515 0.0151515 0.19697 0.0757576 0.0757576 0.0151515 0.0454545 0.0151515 
0.02 0.1 0.02 0.02 0.02 0.02 0.02 0.02 0.02 0.02 0.06 0.02 0.02 0.02 0.06 0.54 
0.0224185 0.00203804 0.00339674 0.0142663 0.000679348 0.0305707 0.00747283 0.00747283 0.0985054 0.00475543 0.406929 0.00339674 0.227582 0.00475543 0.156929 0.00883152 
0.0142857 0.0428571 0.0142857 0.0428571 0.0142857 0.0428571 0.357143 0.0714286 0.0142857 0.128571 0.0428571 0.0142857 0.0428571 0.0714286 0.0714286 0.0142857 
0.0045045 0.0405405 0.0045045 0.0135135 0.0315315 0.0045045 0.0135135 0.0315315 0.0315315 0.0225225 0.0405405 0.0045045 0.202703 0.0315315 0.40991 0.112613 
0.0882353 0.127451 0.0686275 0.0294118 0.0294118 0.00980392 0.0882353 0.00980392 0.00980392 0.127451 0.0686275 0.00980392 0.0686275 0.00980392 0.0490196 0.205882 
0.0125 0.0125 0.0125 0.1125 0.0625 0.0125 0.0125 0.0125 0.0125 0.0375 0.0375 0.0125 0.0375 0.0125 0.0125 0.5875 
0.00243902 0.00731707 0.00243902 0.00243902 0.00243902 0.00731707 0.00731707 0.0268293 0.163415 0.00243902 0.00731707 0.00243902 0.119512 0.0121951 0.00243902 0.631707 
0.0378788 0.00757576 0.0378788 0.00757576 0.00757576 0.00757576 0.0227273 0.0378788 0.00757576 0.00757576 0.00757576 0.0227273 0.325758 0.0227273 0.386364 0.0530303 
0.0027027 0.0027027 0.0837838 0.0027027 0.0459459 0.0027027 0.0567568 0.0351351 0.164865 0.0027027 0.22973 0.0135135 0.213514 0.0459459 0.0945946 0.0027027 
0.0517241 0.0172414 0.0172414 0.0172414 0.0172414 0.0862069 0.0517241 0.0517241 0.0862069 0.0172414 0.155172 0.0172414 0.0517241 0.0172414 0.155172 0.189655 
0.24359 0.0128205 0.0128205 0.0128205 0.0128205 0.0128205 0.0641026 0.0384615 0.115385 0.0897436 0.0384615 0.0384615 0.0128205 0.0128205 0.269231 0.0128205 
0.000715308 0.0350501 0.000715308 0.0135908 0.0193133 0.00357654 0.000715308 0.00500715 0.0221745 0.000715308 0.00786838 0.00214592 0.355508 0.00357654 0.528612 0.000715308 
0.0192308 0.0192308 0.0192308 0.0576923 0.0192308 0.173077 0.288462 0.0576923 0.0192308 0.0192308 0.0192308 0.0192308 0.0192308 0.134615 0.0576923 0.0576923 
0.000868056 0.00434028 0.000868056 0.00260417 0.00434028 0.00260417 0.000868056 0.0078125 0.000868056 0.00260417 0.507812 0.0130208 0.296007 0.0112847 0.000868056 0.143229 
0.00254669 0.0127334 0.0110357 0.000848896 0.000848896 0.000848896 0.0398981 0.0280136 0.0755518 0.00424448 0.00254669 0.0432937 0.180815 0.511885 0.000848896 0.0840407 
0.016129 0.0483871 0.016129 0.0806452 0.016129 0.016129 0.016129 0.016129 0.016129 0.0483871 0.0806452 0.435484 0.016129 0.016129 0.016129 0.145161 
0.00526316 0.0263158 0.00526316 0.278947 0.00526316 0.131579 0.0263158 0.0368421 0.0684211 0.00526316 0.00526316 0.0789474 0.00526316 0.00526316 0.0578947 0.257895 
0.0918367 0.0306122 0.0306122 0.0102041 0.0306122 0.214286 0.0102041 0.0306122 0.0102041 0.0102041 0.0102041 0.0306122 0.0102041 0.0306122 0.377551 0.0714286 
0.144737 0.0394737 0.0131579 0.0394737 0.0131579 0.0394737 0.0131579 0.0131579 0.0131579 0.171053 0.0131579 0.144737 0.118421 0.0394737 0.0131579 0.171053 
0.0106383 0.0319149 0.0319149 0.0106383 0.0106383 0.0106383 0.0319149 0.0106383 0.0106383 0.0106383 0.0531915 0.117021 0.223404 0.393617 0.0319149 0.0106383 
0.0025 0.3925 0.1075 0.0025 0.0025 0.0625 0.1225 0.0125 0.1125 0.0025 0.0775 0.0175 0.0325 0.0075 0.0025 0.0425 
0.0192308 0.0961538 0.0192308 0.0192308 0.0192308 0.0192308 0.0192308 0.0192308 0.0961538 0.0961538 0.134615 0.173077 0.0192308 0.0192308 0.0961538 0.134615 
0.0675676 0.0135135 0.0135135 0.0675676 0.0135135 0.121622 0.0135135 0.0405405 0.0405405 0.0135135 0.0135135 0.0135135 0.0675676 0.0405405 0.418919 0.0405405 
0.0106383 0.117021 0.0106383 0.0744681 0.117021 0.0106383 0.329787 0.0106383 0.0531915 0.0106383 0.0106383 0.0106383 0.180851 0.0106383 0.0319149 0.0106383 
0.00833333 0.102778 0.00277778 0.00833333 0.00277778 0.00833333 0.0416667 0.00833333 0.102778 0.00277778 0.00277778 0.00833333 0.00277778 0.00833333 0.00277778 0.686111 
0.01 0.17 0.01 0.01 0.25 0.01 0.01 0.01 0.05 0.05 0.25 0.01 0.01 0.01 0.11 0.03 
0.0147059 0.0147059 0.0441176 0.0441176 0.0735294 0.0441176 0.191176 0.0147059 0.0147059 0.0147059 0.0147059 0.0147059 0.0441176 0.308824 0.0441176 0.102941 
0.000715308 0.00643777 0.000715308 0.000715308 0.00214592 0.00500715 0.000715308 0.000715308 0.000715308 0.000715308 0.000715308 0.588698 0.304006 0.0808298 0.00214592 0.00500715 
0.00316456 0.00949367 0.00316456 0.00316456 0.00316456 0.00316456 0.00316456 0.00316456 0.0474684 0.00316456 0.0158228 0.00316456 0.00316456 0.00316456 0.00316456 0.889241 
0.05 0.0166667 0.0166667 0.0166667 0.0166667 0.0166667 0.0166667 0.0166667 0.05 0.05 0.0833333 0.05 0.05 0.183333 0.25 0.116667 
0.0121951 0.0772358 0.00406504 0.0121951 0.0284553 0.101626 0.182927 0.0772358 0.0447154 0.0853659 0.0528455 0.00406504 0.0284553 0.150407 0.134146 0.00406504 
0.125 0.0178571 0.0178571 0.125 0.0178571 0.0535714 0.0535714 0.0535714 0.0178571 0.0178571 0.0178571 0.0178571 0.0178571 0.0178571 0.0892857 0.339286 
0.000863558 0.130397 0.000863558 0.000863558 0.000863558 0.00431779 0.00604491 0.00431779 0.000863558 0.000863558 0.170121 0.000863558 0.23057 0.000863558 0.446459 0.000863558 
0.0135135 0.0135135 0.0135135 0.0135135 0.0135135 0.0135135 0.0675676 0.0135135 0.0135135 0.0135135 0.0135135 0.0135135 0.0945946 0.0405405 0.0135135 0.635135 
0.0306122 0.112245 0.0102041 0.0714286 0.0102041 0.0102041 0.0510204 0.0306122 0.0102041 0.0102041 0.295918 0.0102041 0.27551 0.0102041 0.0510204 0.0102041 
0.00328947 0.121711 0.00328947 0.00328947 0.00328947 0.00328947 0.00328947 0.00986842 0.0690789 0.0164474 0.00328947 0.00328947 0.00328947 0.00986842 0.0427632 0.700658 
0.000478011 0.000478011 0.00143403 0.00239006 0.00334608 0.000478011 0.000478011 0.000478011 0.271989 0.000478011 0.00908222 0.00143403 0.126673 0.000478011 0.153442 0.426864 
0.000880282 0.12412 0.000880282 0.000880282 0.00264085 0.513204 0.000880282 0.000880282 0.148768 0.00792254 0.00440141 0.00264085 0.178697 0.0114437 0.000880282 0.000880282 
0.0857664 0.0492701 0.00182482 0.00182482 0.0127737 0.020073 0.279197 0.00182482 0.129562 0.0127737 0.020073 0.00182482 0.0164234 0.0164234 0.0127737 0.337591 
0.00568182 0.210227 0.0397727 0.0397727 0.00568182 0.00568182 0.210227 0.0170455 0.00568182 0.00568182 0.0284091 0.00568182 0.00568182 0.0511364 0.1875 0.176136 
0.0806452 0.016129 0.016129 0.016129 0.016129 0.016129 0.016129 0.0483871 0.016129 0.016129 0.016129 0.0483871 0.016129 0.016129 0.629032 0.016129 
0.0394737 0.0394737 0.0394737 0.0131579 0.0131579 0.0394737 0.0394737 0.0657895 0.0131579 0.0131579 0.0131579 0.0131579 0.0921053 0.0131579 0.0394737 0.513158 
0.00381679 0.000763359 0.000763359 0.00687023 0.000763359 0.00839695 0.0389313 0.00229008 0.147328 0.0221374 0.461832 0.00229008 0.0618321 0.199237 0.0206107 0.0221374 
0.0102041 0.0510204 0.0102041 0.0510204 0.0510204 0.0102041 0.0102041 0.153061 0.0306122 0.0306122 0.0510204 0.0102041 0.0306122 0.132653 0.357143 0.0102041 
0.00819672 0.254098 0.0300546 0.00273224 0.0737705 0.057377 0.00273224 0.00273224 0.101093 0.0901639 0.0409836 0.00273224 0.0300546 0.00273224 0.210383 0.0901639 
0.00285714 0.0142857 0.00285714 0.0257143 0.02 0.02 0.534286 0.00285714 0.0828571 0.00285714 0.06 0.00285714 0.00285714 0.0885714 0.128571 0.00857143 
0.0125 0.0125 0.0125 0.0375 0.0625 0.0125 0.0375 0.0125 0.0125 0.0625 0.0125 0.0125 0.1125 0.5625 0.0125 0.0125 
0.0008726 0.0078534 0.0008726 0.0026178 0.0026178 0.342932 0.0968586 0.0008726 0.0095986 0.0008726 0.114311 0.0008726 0.105585 0.252182 0.0584642 0.0026178 
0.115385 0.141026 0.0384615 0.0384615 0.0128205 0.0128205 0.0128205 0.0641026 0.0128205 0.0128205 0.141026 0.0128205 0.0128205 0.0128205 0.320513 0.0384615 
0.00561798 0.00561798 0.00561798 0.0393258 0.00561798 0.241573 0.0168539 0.00561798 0.00561798 0.00561798 0.00561798 0.00561798 0.0842697 0.00561798 0.151685 0.410112 
0.000869565 0.00956522 0.000869565 0.00782609 0.000869565 0.162609 0.155652 0.0026087 0.00434783 0.000869565 0.000869565 0.293043 0.284348 0.00434783 0.06 0.0113043 
0.402778 0.0138889 0.0138889 0.0694444 0.0138889 0.0138889 0.125 0.0138889 0.0138889 0.0416667 0.0138889 0.0138889 0.125 0.0138889 0.0416667 0.0694444 
0.00381679 0.00381679 0.0114504 0.00381679 0.00381679 0.00381679 0.187023 0.00381679 0.171756 0.00381679 0.00381679 0.0496183 0.0267176 0.492366 0.019084 0.0114504 
0.408189 0.00124069 0.00868486 0.00372208 0.0508685 0.0136476 0.016129 0.0260546 0.0434243 0.00372208 0.00124069 0.00124069 0.358561 0.0186104 0.0384615 0.00620347 
0.0271739 0.00543478 0.0271739 0.00543478 0.00543478 0.00543478 0.00543478 0.00543478 0.00543478 0.0271739 0.00543478 0.00543478 0.222826 0.00543478 0.0163043 0.625 
0.0147059 0.0147059 0.0147059 0.0735294 0.0441176 0.0441176 0.0147059 0.0147059 0.338235 0.0147059 0.132353 0.0735294 0.0147059 0.0147059 0.102941 0.0735294 
0.0166667 0.0261905 0.00238095 0.00238095 0.00238095 0.00714286 0.683333 0.00238095 0.169048 0.0261905 0.0357143 0.00238095 0.00238095 0.00238095 0.00238095 0.0166667 
0.00299401 0.00299401 0.00898204 0.0149701 0.00299401 0.0928144 0.0449102 0.00898204 0.200599 0.00299401 0.00898204 0.00299401 0.128743 0.0149701 0.458084 0.00299401 
0.0892857 0.267857 0.0178571 0.0535714 0.0892857 0.0178571 0.0178571 0.0178571 0.0178571 0.0178571 0.0535714 0.0535714 0.0178571 0.0178571 0.232143 0.0178571 
0.154762 0.00396825 0.00396825 0.00396825 0.0119048 0.0277778 0.00396825 0.00396825 0.0198413 0.00396825 0.0277778 0.00396825 0.138889 0.210317 0.376984 0.00396825 
0.00684932 0.0479452 0.00684932 0.00684932 0.00684932 0.0616438 0.719178 0.00684932 0.00684932 0.0205479 0.00684932 0.0479452 0.00684932 0.0205479 0.00684932 0.0205479 
0.00318471 0.0392781 0.00106157 0.00318471 0.00106157 0.00106157 0.0180467 0.00106157 0.0647558 0.00318471 0.00530786 0.00106157 0.181529 0.156051 0.519108 0.00106157 
0.00847458 0.161017 0.0254237 0.00847458 0.0254237 0.00847458 0.177966 0.00847458 0.0423729 0.0762712 0.00847458 0.0254237 0.0762712 0.00847458 0.0423729 0.29661 
0.00242326 0.00565428 0.000807754 0.495153 0.000807754 0.0815832 0.00565428 0.000807754 0.162359 0.000807754 0.0379645 0.0218094 0.100969 0.000807754 0.000807754 0.0815832 
0.00126582 0.00126582 0.00126582 0.00379747 0.00126582 0.312658 0.0113924 0.00126582 0.00126582 0.00886076 0.00126582 0.00379747 0.479747 0.00379747 0.165823 0.00126582 
0.193231 0.00982533 0.0010917 0.0010917 0.0010917 0.0010917 0.424672 0.00327511 0.0316594 0.0120087 0.0207424 0.00327511 0.169214 0.0753275 0.0469432 0.00545852 
0.00296912 0.0255344 0.000593824 0.0267221 0.000593824 0.00415677 0.0421615 0.000593824 0.340261 0.000593824 0.396081 0.00178147 0.0730404 0.0587886 0.00415677 0.0219715 
0.000544662 0.00163399 0.00599129 0.00163399 0.00381264 0.000544662 0.127996 0.304466 0.0223312 0.000544662 0.00272331 0.00272331 0.355664 0.12037 0.0125272 0.0364924 
0.000716332 0.000716332 0.000716332 0.0265043 0.000716332 0.0265043 0.0680516 0.305874 0.015043 0.000716332 0.032235 0.000716332 0.270057 0.192693 0.000716332 0.0580229 
0.00561798 0.0168539 0.0730337 0.0168539 0.0842697 0.00561798 0.702247 0.00561798 0.00561798 0.00561798 0.00561798 0.00561798 0.00561798 0.0168539 0.0393258 0.00561798 
0.000819672 0.0237705 0.000819672 0.000819672 0.00245902 0.000819672 0.0713115 0.0106557 0.00901639 0.000819672 0.000819672 0.00737705 0.158197 0.000819672 0.0254098 0.686066 
0.000848896 0.0212224 0.000848896 0.000848896 0.000848896 0.000848896 0.016129 0.00424448 0.0891341 0.00424448 0.000848896 0.00764007 0.111205 0.000848896 0.693548 0.0466893 
0.05625 0.03125 0.00625 0.00625 0.00625 0.01875 0.00625 0.00625 0.00625 0.01875 0.09375 0.05625 0.03125 0.04375 0.06875 0.54375 
0.0474138 0.0215517 0.00431034 0.012931 0.0301724 0.00431034 0.0301724 0.0905172 0.00431034 0.012931 0.211207 0.00431034 0.012931 0.00431034 0.331897 0.176724 
0.00205198 0.000683995 0.000683995 0.00341997 0.000683995 0.0376197 0.133379 0.000683995 0.24145 0.00341997 0.0170999 0.000683995 0.140219 0.0800274 0.334473 0.00341997 
0.00301205 0.0524096 0.00180723 0.00180723 0.00783133 0.00060241 0.566867 0.00421687 0.0319277 0.00060241 0.00301205 0.00060241 0.321084 0.00060241 0.00060241 0.00301205 
0.45928 0.00473485 0.00473485 0.0274621 0.00852273 0.0104167 0.0160985 0.00284091 0.00094697 0.00284091 0.0179924 0.00094697 0.332386 0.0785985 0.03125 0.00094697 
0.0572816 0.00485437 0.000970874 0.068932 0.0165049 0.0203883 0.0650485 0.00291262 0.0514563 0.280583 0.000970874 0.0203883 0.25534 0.0456311 0.0728155 0.0359223 
0.00285171 0.0237643 0.00475285 0.00095057 0.00855513 0.00095057 0.0503802 0.00285171 0.0351711 0.00095057 0.00665399 0.0104563 0.240494 0.556084 0.0389734 0.0161597 
0.0959596 0.00505051 0.00505051 0.00505051 0.0656566 0.00505051 0.0656566 0.00505051 0.106061 0.00505051 0.00505051 0.00505051 0.0656566 0.00505051 0.0656566 0.489899 
0.124161 0.0167785 0.0100671 0.0033557 0.0234899 0.0302013 0.0100671 0.0033557 0.0100671 0.0033557 0.0033557 0.0033557 0.11745 0.0100671 0.0234899 0.607383 
0.118243 0.0236486 0.0101351 0.00337838 0.00337838 0.00337838 0.00337838 0.00337838 0.0236486 0.0101351 0.00337838 0.00337838 0.0101351 0.00337838 0.0236486 0.753378 
0.00106383 0.00106383 0.0159574 0.526596 0.00106383 0.0606383 0.00106383 0.00531915 0.243617 0.0351064 0.00319149 0.0287234 0.0734043 0.00106383 0.00106383 0.00106383 
0.000682128 0.00204638 0.00613915 0.000682128 0.000682128 0.000682128 0.000682128 0.000682128 0.148022 0.540928 0.00341064 0.000682128 0.172578 0.120737 0.000682128 0.000682128 
0.00473186 0.0394322 0.00157729 0.00157729 0.00788644 0.00473186 0.00157729 0.00157729 0.0299685 0.00157729 0.00157729 0.00157729 0.0488959 0.00473186 0.0457413 0.802839 
0.0119048 0.0119048 0.0357143 0.0119048 0.0119048 0.0357143 0.0833333 0.0119048 0.0119048 0.130952 0.0119048 0.0119048 0.178571 0.0119048 0.416667 0.0119048 
0.0151515 0.0151515 0.0757576 0.0151515 0.0454545 0.0151515 0.0151515 0.0151515 0.0454545 0.0151515 0.0454545 0.0151515 0.0454545 0.257576 0.0757576 0.287879 
0.0849057 0.0283019 0.0660377 0.00943396 0.00943396 0.00943396 0.0283019 0.0471698 0.160377 0.00943396 0.198113 0.00943396 0.00943396 0.141509 0.122642 0.0660377 
0.000819672 0.000819672 0.000819672 0.000819672 0.000819672 0.0057377 0.0680328 0.000819672 0.120492 0.00409836 0.000819672 0.0122951 0.20082 0.202459 0.379508 0.000819672 
0.000705219 0.000705219 0.000705219 0.000705219 0.000705219 0.000705219 0.00211566 0.00211566 0.000705219 0.00211566 0.49859 0.000705219 0.483075 0.000705219 0.00493653 0.000705219 
0.00193798 0.0290698 0.000645995 0.000645995 0.00581395 0.000645995 0.000645995 0.00322997 0.147933 0.0303618 0.00968992 0.000645995 0.0665375 0.171189 0.463178 0.0678295 
0.00238095 0.0119048 0.000793651 0.000793651 0.000793651 0.000793651 0.00238095 0.00238095 0.0119048 0.000793651 0.000793651 0.000793651 0.448413 0.511905 0.00238095 0.000793651 
0.000980392 0.00490196 0.00294118 0.000980392 0.000980392 0.00294118 0.00294118 0.000980392 0.204902 0.000980392 0.000980392 0.555882 0.216667 0.000980392 0.000980392 0.000980392 
0.00251256 0.000837521 0.000837521 0.00586265 0.00251256 0.000837521 0.128141 0.0041876 0.0896147 0.000837521 0.00753769 0.019263 0.0862647 0.0678392 0.505025 0.0778894 
0.0168539 0.00561798 0.0617978 0.533708 0.00561798 0.00561798 0.00561798 0.00561798 0.00561798 0.0730337 0.0168539 0.0168539 0.0168539 0.00561798 0.0955056 0.129213 
0.00574713 0.270115 0.0287356 0.00574713 0.0402299 0.155172 0.00574713 0.00574713 0.00574713 0.00574713 0.00574713 0.0172414 0.143678 0.0287356 0.270115 0.00574713 
0.000662252 0.000662252 0.00331126 0.00198675 0.00198675 0.0337748 0.00993377 0.00198675 0.0615894 0.000662252 0.0258278 0.331788 0.497351 0.0192053 0.00728477 0.00198675 
0.0172414 0.0172414 0.0172414 0.0172414 0.155172 0.0172414 0.0517241 0.0172414 0.0172414 0.0172414 0.0172414 0.0172414 0.0517241 0.5 0.0172414 0.0517241 
0.00462963 0.0787037 0.00462963 0.00462963 0.00462963 0.00462963 0.0416667 0.0138889 0.00462963 0.00462963 0.0138889 0.00462963 0.402778 0.0138889 0.393519 0.00462963 
0.0611111 0.105556 0.05 0.00555556 0.0388889 0.0277778 0.127778 0.00555556 0.0166667 0.0388889 0.00555556 0.0388889 0.0388889 0.00555556 0.0611111 0.372222 
0.00581395 0.180233 0.00581395 0.00581395 0.0174419 0.0290698 0.0406977 0.00581395 0.0174419 0.00581395 0.00581395 0.0174419 0.0639535 0.00581395 0.296512 0.296512 
0.00520833 0.307292 0.046875 0.078125 0.171875 0.00520833 0.0677083 0.00520833 0.0260417 0.00520833 0.00520833 0.00520833 0.0364583 0.00520833 0.00520833 0.223958 
0.0581395 0.0348837 0.0581395 0.0116279 0.0116279 0.127907 0.0116279 0.0348837 0.0116279 0.104651 0.0581395 0.0116279 0.104651 0.104651 0.0813953 0.174419 
0.159639 0.00903614 0.00301205 0.0512048 0.00903614 0.0271084 0.304217 0.00301205 0.00301205 0.00903614 0.0150602 0.135542 0.0813253 0.00903614 0.177711 0.00301205 
0.00214592 0.0236052 0.0407725 0.00214592 0.00214592 0.0150215 0.156652 0.0236052 0.122318 0.00214592 0.130901 0.00643777 0.00214592 0.0751073 0.392704 0.00214592 
0.000720461 0.00360231 0.000720461 0.0151297 0.00504323 0.000720461 0.104467 0.000720461 0.0338617 0.00792507 0.00216138 0.000720461 0.336455 0.00936599 0.460375 0.0180115 
0.00106838 0.00320513 0.00106838 0.00534188 0.00106838 0.00106838 0.0181624 0.00534188 0.0245726 0.00320513 0.451923 0.00320513 0.473291 0.00106838 0.00106838 0.00534188 
0.0117188 0.0325521 0.0143229 0.0143229 0.00390625 0.00130208 0.0533854 0.00390625 0.0247396 0.00390625 0.0247396 0.00130208 0.0924479 0.00130208 0.00130208 0.714844 
0.0101449 0.0217391 0.00144928 0.00144928 0.00724638 0.723188 0.00724638 0.00724638 0.0188406 0.00144928 0.00724638 0.00434783 0.0971014 0.00144928 0.0855072 0.00434783 
0.000825083 0.0816832 0.000825083 0.476073 0.000825083 0.00247525 0.0371287 0.00247525 0.0222772 0.00577558 0.0107261 0.00247525 0.144389 0.00742574 0.00742574 0.197195 
0.0416667 0.241667 0.00833333 0.00833333 0.025 0.00833333 0.025 0.00833333 0.00833333 0.00833333 0.0916667 0.308333 0.0416667 0.00833333 0.00833333 0.158333 
0.00609756 0.0995935 0.00203252 0.00203252 0.00609756 0.0182927 0.229675 0.00203252 0.0223577 0.00203252 0.0995935 0.0264228 0.0955285 0.0101626 0.363821 0.0142276 
0.034375 0.003125 0.003125 0.003125 0.003125 0.015625 0.003125 0.003125 0.053125 0.003125 0.009375 0.015625 0.153125 0.196875 0.121875 0.378125 
0.0171756 0.543893 0.0019084 0.00572519 0.0515267 0.0171756 0.00954198 0.0019084 0.0019084 0.0171756 0.00954198 0.00572519 0.127863 0.0248092 0.0629771 0.101145 
0.00273224 0.112022 0.510929 0.00273224 0.0136612 0.0300546 0.00273224 0.00819672 0.112022 0.0464481 0.00819672 0.057377 0.068306 0.0191257 0.00273224 0.00273224 
0.000897666 0.0224417 0.000897666 0.024237 0.000897666 0.0152603 0.00807899 0.00448833 0.130162 0.000897666 0.379713 0.0152603 0.0547576 0.128366 0.029623 0.184022 
0.101852 0.0277778 0.00925926 0.0462963 0.0648148 0.00925926 0.00925926 0.00925926 0.0462963 0.00925926 0.0833333 0.194444 0.138889 0.00925926 0.12037 0.12037 
0.012931 0.0301724 0.00143678 0.00143678 0.0272989 0.501437 0.012931 0.00143678 0.00143678 0.00143678 0.012931 0.033046 0.179598 0.0531609 0.127874 0.00143678 
0.00599201 0.00998668 0.000665779 0.00732357 0.000665779 0.00466045 0.0379494 0.0126498 0.180426 0.000665779 0.00199734 0.000665779 0.0446072 0.678429 0.00199734 0.0113182 
0.000904159 0.00150693 0.00331525 0.0443038 0.000301386 0.00271248 0.096745 0.00572634 0.0804702 0.000904159 0.000301386 0.455395 0.243822 0.000301386 0.062387 0.000904159 
0.0010989 0.00769231 0.00549451 0.0010989 0.0032967 0.376923 0.0032967 0.0010989 0.0120879 0.0010989 0.0010989 0.0032967 0.143956 0.374725 0.0120879 0.0516484 
0.00282486 0.00282486 0.00282486 0.00282486 0.00847458 0.00282486 0.0932203 0.0254237 0.0423729 0.00282486 0.00847458 0.00282486 0.0988701 0.392655 0.183616 0.127119 
0.0675676 0.0135135 0.0405405 0.0135135 0.0135135 0.0135135 0.0405405 0.0135135 0.0135135 0.0135135 0.0405405 0.0135135 0.0135135 0.175676 0.0135135 0.5 
0.00451807 0.0768072 0.00451807 0.00150602 0.00150602 0.00451807 0.0978916 0.00150602 0.00150602 0.00150602 0.00150602 0.00451807 0.230422 0.00150602 0.00753012 0.558735 
0.0826087 0.164348 0.00434783 0.000869565 0.0165217 0.0026087 0.0808696 0.02 0.0113043 0.000869565 0.28087 0.0113043 0.253043 0.000869565 0.000869565 0.0686957 
0.0316456 0.0189873 0.00632911 0.0189873 0.056962 0.0189873 0.056962 0.0316456 0.00632911 0.00632911 0.00632911 0.00632911 0.107595 0.00632911 0.297468 0.322785 
0.00298211 0.164016 0.0188867 0.102386 0.00894632 0.000994036 0.368787 0.00695825 0.0904573 0.128231 0.000994036 0.000994036 0.0685885 0.00298211 0.0308151 0.00298211 
0.00806452 0.00268817 0.00268817 0.00268817 0.00268817 0.0134409 0.00268817 0.0188172 0.00268817 0.0134409 0.00268817 0.0295699 0.244624 0.00268817 0.00806452 0.642473 
0.00859788 0.0575397 0.000661376 0.0205026 0.000661376 0.0310847 0.0562169 0.0707672 0.162037 0.00330688 0.0509259 0.00330688 0.0588624 0.472884 0.000661376 0.00198413 
0.000844595 0.000844595 0.00253378 0.331926 0.00760135 0.0261824 0.100507 0.00253378 0.154561 0.000844595 0.000844595 0.00422297 0.108953 0.0785473 0.166385 0.0126689 
0.000537057 0.0896885 0.0166488 0.101504 0.00698174 0.000537057 0.000537057 0.00161117 0.639635 0.00805585 0.00912997 0.028464 0.0778733 0.0102041 0.00805585 0.000537057 
0.00071736 0.00071736 0.00071736 0.680775 0.00071736 0.00071736 0.00071736 0.00071736 0.00071736 0.00071736 0.00071736 0.00071736 0.307747 0.00071736 0.00215208 0.00071736 
0.0102041 0.00340136 0.0170068 0.221088 0.0102041 0.037415 0.0306122 0.00340136 0.187075 0.0986395 0.0306122 0.0442177 0.112245 0.0578231 0.132653 0.00340136 
0.0192308 0.0961538 0.25 0.0192308 0.0961538 0.0576923 0.0192308 0.0576923 0.0192308 0.134615 0.0192308 0.0192308 0.0192308 0.0576923 0.0961538 0.0192308 
0.00420168 0.0344538 0.000840336 0.0142857 0.00420168 0.000840336 0.000840336 0.00756303 0.0630252 0.00252101 0.0142857 0.000840336 0.194118 0.592437 0.0109244 0.0546218 
0.000613497 0.171166 0.00306748 0.00184049 0.000613497 0.00429448 0.0165644 0.00184049 0.000613497 0.00797546 0.000613497 0.479141 0.277914 0.00306748 0.0300613 0.000613497 
0.0294118 0.0294118 0.0294118 0.0882353 0.264706 0.0882353 0.0294118 0.0294118 0.0882353 0.0882353 0.0294118 0.0294118 0.0882353 0.0294118 0.0294118 0.0294118 
0.160714 0.125 0.0178571 0.0892857 0.232143 0.0178571 0.0535714 0.0178571 0.0178571 0.0178571 0.0535714 0.0535714 0.0892857 0.0178571 0.0178571 0.0178571 
0.148649 0.148649 0.0135135 0.0675676 0.364865 0.0135135 0.0135135 0.0135135 0.0135135 0.0405405 0.0405405 0.0405405 0.0405405 0.0135135 0.0135135 0.0135135 
0.0136719 0.0175781 0.115234 0.00195312 0.0175781 0.587891 0.119141 0.0253906 0.00195312 0.00195312 0.00195312 0.00585938 0.0410156 0.0449219 0.00195312 0.00195312 
0.00410509 0.0697865 0.00574713 0.539409 0.00410509 0.00246305 0.045156 0.000821018 0.0763547 0.00246305 0.000821018 0.000821018 0.132184 0.0188834 0.000821018 0.0960591 
0.0178571 0.0892857 0.0178571 0.0178571 0.0535714 0.0535714 0.0178571 0.0178571 0.0178571 0.0535714 0.410714 0.0178571 0.0178571 0.125 0.0178571 0.0535714 
0.00341997 0.0266758 0.00889193 0.0321477 0.000683995 0.000683995 0.0116279 0.00752394 0.00615595 0.0157319 0.0212038 0.000683995 0.285226 0.567031 0.000683995 0.0116279 
0.171053 0.0394737 0.0394737 0.0131579 0.0921053 0.0131579 0.0131579 0.0131579 0.0131579 0.0921053 0.0131579 0.0131579 0.0921053 0.0131579 0.144737 0.223684 
0.175676 0.0135135 0.0945946 0.121622 0.148649 0.0135135 0.0405405 0.0405405 0.0135135 0.0135135 0.0135135 0.0135135 0.0135135 0.148649 0.121622 0.0135135 
0.02 0.1 0.06 0.22 0.06 0.02 0.02 0.14 0.06 0.02 0.02 0.06 0.02 0.02 0.02 0.14 
0.0657895 0.0394737 0.0657895 0.302632 0.0657895 0.0394737 0.0394737 0.0657895 0.0394737 0.0657895 0.0394737 0.0131579 0.0921053 0.0394737 0.0131579 0.0131579 
0.0304487 0.00160256 0.00160256 0.19391 0.0176282 0.00480769 0.00801282 0.00480769 0.0240385 0.501603 0.00480769 0.00160256 0.200321 0.00160256 0.00160256 0.00160256 
0.0221675 0.0714286 0.00246305 0.105911 0.0123153 0.00738916 0.0123153 0.0221675 0.0862069 0.504926 0.00246305 0.0172414 0.115764 0.0123153 0.00246305 0.00246305 
0.207317 0.182927 0.0121951 0.0609756 0.0121951 0.0121951 0.0365854 0.0121951 0.0609756 0.0853659 0.0365854 0.0121951 0.134146 0.0365854 0.0365854 0.0609756 
0.632229 0.000903614 0.000301205 0.000301205 0.000903614 0.000301205 0.000301205 0.000301205 0.000301205 0.000903614 0.000301205 0.00150602 0.358735 0.000903614 0.000301205 0.00150602 
0.160377 0.235849 0.0471698 0.0471698 0.0660377 0.00943396 0.103774 0.0849057 0.00943396 0.160377 0.00943396 0.00943396 0.00943396 0.0283019 0.00943396 0.00943396 
0.0588822 0.000998004 0.000998004 0.0688623 0.00499002 0.00698603 0.000998004 0.48004 0.000998004 0.0429142 0.000998004 0.0129741 0.274451 0.00299401 0.00299401 0.0389222 
0.0138889 0.0138889 0.0138889 0.0694444 0.0138889 0.0138889 0.0416667 0.263889 0.0138889 0.152778 0.0694444 0.0416667 0.0138889 0.0138889 0.0138889 0.236111 
0.01 0.00333333 0.00111111 0.15 0.00333333 0.00111111 0.00111111 0.00111111 0.0144444 0.523333 0.00111111 0.00555556 0.187778 0.00111111 0.00777778 0.0877778 
0.025 0.025 0.025 0.125 0.125 0.075 0.075 0.025 0.025 0.275 0.025 0.025 0.025 0.025 0.025 0.075 
0.000628931 0.0924528 0.00440252 0.793082 0.000628931 0.000628931 0.000628931 0.000628931 0.0761006 0.00188679 0.000628931 0.000628931 0.0245283 0.000628931 0.00188679 0.000628931 
0.11194 0.00746269 0.0522388 0.00746269 0.231343 0.00746269 0.0373134 0.00746269 0.0373134 0.11194 0.0223881 0.0373134 0.201493 0.00746269 0.00746269 0.11194 
0.314815 0.0185185 0.0555556 0.0185185 0.0185185 0.12963 0.166667 0.0185185 0.0185185 0.0185185 0.0185185 0.0555556 0.0185185 0.0925926 0.0185185 0.0185185 
0.0125 0.0125 0.0375 0.0125 0.0125 0.0375 0.0125 0.0125 0.0375 0.1375 0.0125 0.4875 0.1125 0.0375 0.0125 0.0125 
0.0694444 0.0138889 0.0138889 0.0138889 0.0694444 0.0138889 0.0138889 0.0138889 0.0138889 0.0972222 0.0416667 0.0416667 0.180556 0.0138889 0.0416667 0.347222 
0.1 0.02 0.02 0.14 0.06 0.1 0.02 0.02 0.02 0.02 0.18 0.02 0.22 0.02 0.02 0.02 
0.00271739 0.00634058 0.432065 0.133152 0.000905797 0.00452899 0.0117754 0.00452899 0.0335145 0.000905797 0.00634058 0.000905797 0.173007 0.000905797 0.000905797 0.1875 
0.0138889 0.0138889 0.0416667 0.0416667 0.0138889 0.0138889 0.0138889 0.0138889 0.0138889 0.125 0.347222 0.0694444 0.0972222 0.0416667 0.0138889 0.125 
0.0833333 0.0277778 0.0277778 0.194444 0.0277778 0.0277778 0.0277778 0.0277778 0.138889 0.25 0.0277778 0.0277778 0.0277778 0.0277778 0.0277778 0.0277778 
0.113636 0.0227273 0.204545 0.0681818 0.0227273 0.0227273 0.0681818 0.0227273 0.0227273 0.0227273 0.0681818 0.0227273 0.204545 0.0227273 0.0681818 0.0227273 
0.0428571 0.128571 0.328571 0.0714286 0.0142857 0.0142857 0.0142857 0.0142857 0.0428571 0.0142857 0.0142857 0.128571 0.0428571 0.0428571 0.0142857 0.0714286 
0.0172414 0.0172414 0.0862069 0.0862069 0.0517241 0.0517241 0.0172414 0.0172414 0.0172414 0.0172414 0.0517241 0.0172414 0.293103 0.0517241 0.0172414 0.189655 
0.0714286 0.185714 0.214286 0.0142857 0.0428571 0.0142857 0.0142857 0.0142857 0.1 0.0142857 0.0428571 0.0714286 0.157143 0.0142857 0.0142857 0.0142857 
0.00215208 0.00502152 0.00071736 0.0638451 0.00071736 0.00071736 0.0035868 0.00071736 0.00071736 0.00071736 0.680775 0.00071736 0.210187 0.027977 0.00071736 0.00071736 
0.00413223 0.0123967 0.0371901 0.318182 0.00413223 0.00413223 0.0289256 0.0785124 0.0123967 0.0371901 0.128099 0.11157 0.0619835 0.0785124 0.00413223 0.0785124 
0.0121951 0.0121951 0.0121951 0.0121951 0.280488 0.0609756 0.0121951 0.0609756 0.0121951 0.0121951 0.0609756 0.0365854 0.0121951 0.0121951 0.0121951 0.378049 
0.472973 0.0135135 0.0675676 0.0135135 0.0675676 0.0945946 0.0135135 0.0135135 0.0135135 0.0135135 0.0405405 0.0675676 0.0675676 0.0135135 0.0135135 0.0135135 
0.0238487 0.00575658 0.00575658 0.0189145 0.000822368 0.00246711 0.000822368 0.0435855 0.10773 0.00411184 0.000822368 0.328125 0.42352 0.000822368 0.0304276 0.00246711 
0.0714286 0.00258176 0.00946644 0.446644 0.0266781 0.109294 0.000860585 0.00258176 0.0301205 0.0301205 0.000860585 0.000860585 0.107573 0.13167 0.000860585 0.0283993 
0.0524476 0.0174825 0.0034965 0.0034965 0.339161 0.0034965 0.0664336 0.0104895 0.0034965 0.0174825 0.0664336 0.0034965 0.388112 0.0034965 0.0034965 0.0174825 
0.0445455 0.146364 0.0118182 0.406364 0.00272727 0.00454545 0.000909091 0.0154545 0.0281818 0.000909091 0.000909091 0.0118182 0.302727 0.00454545 0.0118182 0.00636364 
0.15 0.0166667 0.0166667 0.35 0.0833333 0.0166667 0.05 0.0166667 0.116667 0.0166667 0.0166667 0.0166667 0.0166667 0.0833333 0.0166667 0.0166667 
0.0517241 0.0172414 0.0172414 0.396552 0.155172 0.0862069 0.0172414 0.0172414 0.0172414 0.0172414 0.0172414 0.0172414 0.0862069 0.0517241 0.0172414 0.0172414 
0.184211 0.0789474 0.0263158 0.0789474 0.0789474 0.0263158 0.0789474 0.0263158 0.0263158 0.0263158 0.0263158 0.0789474 0.131579 0.0263158 0.0789474 0.0263158 
0.134615 0.0192308 0.173077 0.0192308 0.134615 0.0576923 0.0192308 0.173077 0.0961538 0.0192308 0.0192308 0.0192308 0.0192308 0.0576923 0.0192308 0.0192308 
0.000896057 0.00985663 0.000896057 0.0062724 0.000896057 0.000896057 0.0062724 0.00268817 0.103047 0.000896057 0.000896057 0.477599 0.373656 0.00268817 0.0116487 0.000896057 
0.0013587 0.0013587 0.00407609 0.716033 0.0013587 0.0013587 0.0013587 0.0013587 0.0855978 0.0013587 0.0013587 0.017663 0.153533 0.00679348 0.0013587 0.00407609 
0.00225225 0.00225225 0.00225225 0.38964 0.168919 0.00225225 0.00225225 0.00225225 0.385135 0.00225225 0.00675676 0.0157658 0.00225225 0.00675676 0.00225225 0.00675676 
0.00462963 0.143519 0.0416667 0.402778 0.236111 0.00462963 0.0324074 0.0231481 0.0138889 0.00462963 0.00462963 0.00462963 0.00462963 0.0138889 0.00462963 0.0601852 
0.000980392 0.0794118 0.000980392 0.0343137 0.00294118 0.0931373 0.0362745 0.0245098 0.0362745 0.35 0.0715686 0.00294118 0.161765 0.0147059 0.0578431 0.0323529 
0.0482042 0.0160681 0.00094518 0.477316 0.0047259 0.00094518 0.00094518 0.010397 0.0557656 0.00661626 0.0349716 0.00661626 0.256144 0.0746692 0.0047259 0.00094518 
