0.000171939 0.000171939 0.000171939 0.227132 0.0345598 0.000171939 0.000171939 0.399072 0.000171939 0.000171939 0.0122077 0.00189133 0.000171939 0.0431568 0.280433 0.000171939 
0.0330189 0.0172956 0.158805 0.00157233 0.0330189 0.00157233 0.0172956 0.158805 0.52044 0.00157233 0.0487421 0.00157233 0.00157233 0.00157233 0.00157233 0.00157233 
0.0010142 0.0010142 0.0010142 0.0010142 0.0010142 0.0010142 0.0010142 0.0010142 0.0618661 0.518256 0.0212982 0.0010142 0.0821501 0.305274 0.0010142 0.0010142 
0.00316456 0.00316456 0.00316456 0.00316456 0.00316456 0.00316456 0.00316456 0.541139 0.193038 0.00316456 0.00316456 0.00316456 0.161392 0.00316456 0.00316456 0.0664557 
0.0215164 0.0317623 0.00102459 0.0317623 0.0215164 0.00102459 0.0420082 0.308402 0.123975 0.175205 0.00102459 0.00102459 0.185451 0.0522541 0.00102459 0.00102459 
0.132124 0.00259067 0.00259067 0.443005 0.00259067 0.00259067 0.00259067 0.132124 0.00259067 0.132124 0.00259067 0.132124 0.00259067 0.00259067 0.00259067 0.00259067 
0.0286624 0.000167616 0.0822997 0.120851 0.0739189 0.0471002 0.000167616 0.000167616 0.000167616 0.000167616 0.000167616 0.000167616 0.000167616 0.384009 0.261649 0.000167616 
0.00020016 0.00220176 0.00620496 0.00020016 0.226381 0.00020016 0.0642514 0.0122098 0.0642514 0.00020016 0.00020016 0.00820657 0.00020016 0.216373 0.36249 0.036229 
0.000138966 0.000138966 0.000138966 0.000138966 0.0835186 0.000138966 0.000138966 0.454558 0.000138966 0.00152863 0.0529461 0.0279322 0.00847693 0.276681 0.0932462 0.000138966 
0.00137741 0.0151515 0.00137741 0.00137741 0.00137741 0.00137741 0.0151515 0.00137741 0.235537 0.180441 0.00137741 0.0151515 0.11157 0.00137741 0.00137741 0.414601 
0.00143678 0.0158046 0.00143678 0.00143678 0.0445402 0.00143678 0.0301724 0.0158046 0.0732759 0.00143678 0.00143678 0.058908 0.547414 0.00143678 0.173851 0.0301724 
0.00740564 0.000238892 0.00262781 0.0551839 0.00501672 0.000238892 0.000238892 0.0551839 0.494744 0.00501672 0.000238892 0.000238892 0.0432394 0.0790731 0.21763 0.0336837 
0.000994036 0.000994036 0.000994036 0.000994036 0.000994036 0.000994036 0.000994036 0.289264 0.219682 0.000994036 0.0506958 0.000994036 0.428429 0.000994036 0.000994036 0.000994036 
0.126506 0.0060241 0.0060241 0.0060241 0.0060241 0.0060241 0.0060241 0.0060241 0.0060241 0.186747 0.0060241 0.0060241 0.0060241 0.0060241 0.0060241 0.608434 
0.0125241 0.000137627 0.000137627 0.0235343 0.403386 0.00701899 0.00426645 0.0111478 0.0276631 0.000137627 0.000137627 0.000137627 0.0483072 0.000137627 0.289155 0.172172 
0.00115473 0.00115473 0.00115473 0.301386 0.00115473 0.00115473 0.00115473 0.00115473 0.613164 0.00115473 0.0127021 0.0588915 0.00115473 0.00115473 0.00115473 0.00115473 
0.000317864 0.000317864 0.0034965 0.060712 0.000317864 0.0225683 0.000317864 0.000317864 0.524793 0.000317864 0.000317864 0.0034965 0.25143 0.127463 0.0034965 0.000317864 
0.00680693 0.000618812 0.000618812 0.217203 0.000618812 0.000618812 0.0439356 0.000618812 0.000618812 0.19245 0.000618812 0.000618812 0.384282 0.149134 0.000618812 0.000618812 
0.000379363 0.102807 0.000379363 0.000379363 0.000379363 0.000379363 0.000379363 0.000379363 0.436646 0.000379363 0.000379363 0.000379363 0.265933 0.125569 0.064871 0.000379363 
0.00121065 0.00121065 0.0254237 0.00121065 0.0133172 0.00121065 0.0133172 0.00121065 0.00121065 0.0254237 0.340194 0.00121065 0.0375303 0.00121065 0.170702 0.364407 
0.00265957 0.00265957 0.00265957 0.00265957 0.00265957 0.00265957 0.00265957 0.00265957 0.56117 0.00265957 0.00265957 0.00265957 0.242021 0.00265957 0.162234 0.00265957 
0.00127226 0.0139949 0.00127226 0.00127226 0.00127226 0.00127226 0.00127226 0.00127226 0.357506 0.00127226 0.00127226 0.00127226 0.611959 0.00127226 0.00127226 0.00127226 
0.0964674 0.0013587 0.0013587 0.0013587 0.0013587 0.0692935 0.0013587 0.0013587 0.137228 0.273098 0.0013587 0.0013587 0.381793 0.0013587 0.0013587 0.0285326 
0.171018 0.00130548 0.00130548 0.0143603 0.00130548 0.00130548 0.0143603 0.04047 0.144909 0.236292 0.04047 0.0274151 0.197128 0.105744 0.00130548 0.00130548 
0.000180636 0.000180636 0.00559971 0.0543714 0.000180636 0.000180636 0.000180636 0.000180636 0.0597905 0.0507587 0.0290824 0.00921243 0.527637 0.052565 0.180816 0.0290824 
0.00193798 0.00193798 0.0406977 0.00193798 0.370155 0.00193798 0.00193798 0.00193798 0.00193798 0.118217 0.00193798 0.00193798 0.00193798 0.447674 0.00193798 0.00193798 
0.000150921 0.320103 0.000150921 0.146544 0.0318442 0.000150921 0.000150921 0.000150921 0.000150921 0.158618 0.000150921 0.000150921 0.000150921 0.000150921 0.30652 0.0348627 
0.105585 0.0008726 0.0008726 0.0008726 0.0095986 0.332461 0.0008726 0.131763 0.0357766 0.175393 0.0008726 0.0008726 0.0445026 0.157941 0.0008726 0.0008726 
0.000771605 0.0162037 0.10108 0.263117 0.286265 0.000771605 0.108796 0.000771605 0.000771605 0.000771605 0.170525 0.000771605 0.000771605 0.0470679 0.000771605 0.000771605 
0.00337838 0.138514 0.00337838 0.10473 0.0371622 0.00337838 0.00337838 0.10473 0.577703 0.00337838 0.00337838 0.00337838 0.00337838 0.00337838 0.00337838 0.00337838 
0.00145773 0.00145773 0.00145773 0.00145773 0.016035 0.00145773 0.0306122 0.336735 0.526239 0.00145773 0.00145773 0.00145773 0.00145773 0.074344 0.00145773 0.00145773 
0.000223914 0.000223914 0.000223914 0.000223914 0.000223914 0.000223914 0.000223914 0.000223914 0.000223914 0.000223914 0.000223914 0.434617 0.37416 0.000223914 0.188312 0.000223914 
0.564261 0.0096831 0.000880282 0.000880282 0.0448944 0.000880282 0.000880282 0.159331 0.0184859 0.000880282 0.0184859 0.000880282 0.000880282 0.176937 0.000880282 0.000880282 
0.000180963 0.0363735 0.000180963 0.000180963 0.000180963 0.000180963 0.00199059 0.000180963 0.667933 0.0526602 0.000180963 0.000180963 0.000180963 0.0399928 0.000180963 0.19924 
0.0849535 0.000422654 0.000422654 0.0046492 0.000422654 0.000422654 0.000422654 0.000422654 0.000422654 0.000422654 0.000422654 0.000422654 0.54142 0.363905 0.000422654 0.000422654 
0.497085 0.00145773 0.190962 0.00145773 0.00145773 0.00145773 0.00145773 0.00145773 0.074344 0.00145773 0.00145773 0.00145773 0.016035 0.205539 0.00145773 0.00145773 
0.00162338 0.0178571 0.0178571 0.00162338 0.00162338 0.00162338 0.00162338 0.00162338 0.180195 0.00162338 0.00162338 0.099026 0.00162338 0.180195 0.488636 0.00162338 
0.0645908 0.000257334 0.000257334 0.000257334 0.000257334 0.00540401 0.000257334 0.00283067 0.375965 0.182964 0.000257334 0.000257334 0.303911 0.0620175 0.000257334 0.000257334 
0.0148305 0.000162973 0.000162973 0.000162973 0.0409061 0.000162973 0.00342243 0.3147 0.166395 0.122392 0.0897979 0.0425359 0.000162973 0.124022 0.000162973 0.0800196 
0.00862069 0.00862069 0.00862069 0.00862069 0.0948276 0.00862069 0.00862069 0.181034 0.00862069 0.00862069 0.00862069 0.00862069 0.0948276 0.525862 0.00862069 0.00862069 
0.00118203 0.036643 0.00118203 0.225768 0.28487 0.00118203 0.00118203 0.119385 0.00118203 0.00118203 0.00118203 0.00118203 0.308511 0.0130024 0.00118203 0.00118203 
0.00793651 0.000721501 0.000721501 0.0440115 0.0728716 0.000721501 0.000721501 0.00793651 0.000721501 0.000721501 0.00793651 0.000721501 0.852092 0.000721501 0.000721501 0.000721501 
0.00485437 0.00485437 0.00485437 0.00485437 0.00485437 0.00485437 0.00485437 0.0533981 0.00485437 0.00485437 0.00485437 0.00485437 0.296117 0.490291 0.00485437 0.101942 
0.0034965 0.108392 0.0034965 0.178322 0.0034965 0.0034965 0.0034965 0.0034965 0.527972 0.0034965 0.0034965 0.0034965 0.0034965 0.143357 0.0034965 0.0034965 
0.000508647 0.000508647 0.000508647 0.000508647 0.000508647 0.000508647 0.000508647 0.000508647 0.0920651 0.432859 0.0513733 0.00559512 0.270092 0.14293 0.000508647 0.000508647 
0.00190114 0.0209125 0.00190114 0.00190114 0.00190114 0.401141 0.0209125 0.00190114 0.439163 0.00190114 0.0589354 0.0209125 0.00190114 0.00190114 0.0209125 0.00190114 
0.771157 0.000123365 0.000123365 0.0124599 0.000123365 0.000123365 0.000123365 0.000123365 0.0112263 0.0272638 0.0420676 0.0124599 0.000123365 0.0864792 0.000123365 0.0358993 
0.000104866 0.30107 0.000104866 0.000104866 0.000104866 0.000104866 0.000104866 0.0368079 0.00954279 0.00220218 0.000104866 0.00115352 0.211934 0.204593 0.231858 0.000104866 
0.00280899 0.00280899 0.00280899 0.00280899 0.00280899 0.00280899 0.00280899 0.00280899 0.143258 0.0870787 0.0308989 0.00280899 0.705056 0.00280899 0.00280899 0.00280899 
0.000288517 0.0897288 0.000288517 0.00605886 0.000288517 0.000288517 0.00894403 0.0781881 0.000288517 0.000288517 0.000288517 0.000288517 0.53116 0.0204847 0.262839 0.000288517 
0.791244 0.000169033 0.000169033 0.000169033 0.000169033 0.000169033 0.000169033 0.00524003 0.113421 0.000169033 0.025524 0.000169033 0.00185936 0.0120014 0.0491886 0.000169033 
0.000133761 0.616774 0.000133761 0.000133761 0.000133761 0.000133761 0.000133761 0.000133761 0.000133761 0.143258 0.000133761 0.000133761 0.000133761 0.0041466 0.000133761 0.234216 
0.000160102 0.000160102 0.000160102 0.000160102 0.00976625 0.000160102 0.000160102 0.000160102 0.000160102 0.000160102 0.294749 0.0337816 0.29635 0.107429 0.254723 0.00176113 
0.00485437 0.587379 0.00485437 0.00485437 0.0533981 0.00485437 0.00485437 0.0533981 0.199029 0.00485437 0.00485437 0.00485437 0.0533981 0.00485437 0.00485437 0.00485437 
0.189815 0.00462963 0.00462963 0.00462963 0.0972222 0.0509259 0.00462963 0.00462963 0.00462963 0.00462963 0.0509259 0.00462963 0.143519 0.00462963 0.0509259 0.375 
0.00912106 0.000829187 0.000829187 0.000829187 0.000829187 0.000829187 0.000829187 0.000829187 0.000829187 0.158375 0.000829187 0.000829187 0.116915 0.000829187 0.705638 0.000829187 
0.000194704 0.000194704 0.000194704 0.144276 0.000194704 0.000194704 0.000194704 0.000194704 0.747858 0.000194704 0.000194704 0.000194704 0.0917056 0.000194704 0.000194704 0.013824 
0.000441306 0.00926743 0.000441306 0.000441306 0.0578111 0.000441306 0.0180936 0.000441306 0.00485437 0.000441306 0.000441306 0.000441306 0.605031 0.000441306 0.30053 0.000441306 
0.000167056 0.00183762 0.000167056 0.000167056 0.00183762 0.000167056 0.00350819 0.0720013 0.366021 0.00183762 0.0135316 0.000167056 0.177247 0.023555 0.0603074 0.277481 
0.00337838 0.00337838 0.00337838 0.00337838 0.00337838 0.00337838 0.00337838 0.00337838 0.00337838 0.00337838 0.00337838 0.00337838 0.712838 0.239865 0.00337838 0.00337838 
0.0037594 0.0037594 0.0037594 0.0037594 0.0037594 0.0413534 0.417293 0.0037594 0.0037594 0.0037594 0.0037594 0.0037594 0.0037594 0.116541 0.379699 0.0037594 
0.327957 0.00537634 0.00537634 0.00537634 0.00537634 0.00537634 0.00537634 0.00537634 0.00537634 0.00537634 0.00537634 0.00537634 0.543011 0.0591398 0.00537634 0.00537634 
0.000137061 0.000137061 0.000137061 0.000137061 0.00150768 0.000137061 0.00699013 0.433251 0.000137061 0.0810033 0.0590735 0.000137061 0.256442 0.000137061 0.0905976 0.0700384 
0.0034965 0.0034965 0.0034965 0.0034965 0.0034965 0.0034965 0.0034965 0.0034965 0.353147 0.0034965 0.0034965 0.143357 0.0034965 0.283217 0.108392 0.0734266 
0.000956023 0.000956023 0.000956023 0.000956023 0.000956023 0.0200765 0.0487572 0.0200765 0.15392 0.115679 0.0678776 0.0200765 0.278203 0.144359 0.106119 0.0200765 
0.00224215 0.00224215 0.0246637 0.338565 0.136771 0.00224215 0.00224215 0.00224215 0.40583 0.00224215 0.00224215 0.00224215 0.0246637 0.0246637 0.00224215 0.0246637 
0.508929 0.00297619 0.00297619 0.00297619 0.00297619 0.00297619 0.00297619 0.00297619 0.21131 0.00297619 0.00297619 0.00297619 0.00297619 0.00297619 0.00297619 0.241071 
0.408359 0.000503525 0.000503525 0.000503525 0.000503525 0.000503525 0.000503525 0.000503525 0.378147 0.121349 0.000503525 0.000503525 0.000503525 0.000503525 0.0861027 0.000503525 
0.00167785 0.00167785 0.00167785 0.00167785 0.0687919 0.00167785 0.00167785 0.0184564 0.186242 0.00167785 0.00167785 0.0184564 0.689597 0.00167785 0.00167785 0.00167785 
0.00055991 0.00055991 0.0453527 0.0229563 0.140538 0.00055991 0.0229563 0.00055991 0.235722 0.140538 0.00055991 0.00055991 0.0285554 0.00055991 0.129339 0.230123 
0.00442478 0.00442478 0.0486726 0.00442478 0.0929204 0.00442478 0.00442478 0.00442478 0.623894 0.00442478 0.00442478 0.181416 0.00442478 0.00442478 0.00442478 0.00442478 
0.00306748 0.00306748 0.00306748 0.00306748 0.493865 0.00306748 0.00306748 0.00306748 0.00306748 0.00306748 0.00306748 0.00306748 0.46319 0.00306748 0.00306748 0.00306748 
0.000144383 0.0145827 0.000144383 0.0550101 0.000144383 0.000144383 0.00158822 0.0102512 0.000144383 0.0275772 0.000144383 0.000144383 0.737944 0.000144383 0.151747 0.000144383 
0.0561224 0.00510204 0.0561224 0.00510204 0.311224 0.0561224 0.107143 0.0561224 0.00510204 0.00510204 0.00510204 0.107143 0.209184 0.00510204 0.00510204 0.00510204 
0.128336 0.000175562 0.00719803 0.000175562 0.000175562 0.000175562 0.000175562 0.0510885 0.15467 0.000175562 0.0036868 0.0036868 0.000175562 0.0387992 0.588308 0.0229986 
0.163234 0.000171644 0.000171644 0.0139032 0.255922 0.00360453 0.000171644 0.00532097 0.24734 0.0224854 0.000171644 0.00188809 0.000171644 0.0705458 0.00188809 0.213011 
0.00406504 0.410569 0.288618 0.00406504 0.247967 0.00406504 0.00406504 0.00406504 0.00406504 0.00406504 0.00406504 0.00406504 0.00406504 0.00406504 0.00406504 0.00406504 
0.486456 0.00112867 0.00112867 0.00112867 0.147856 0.00112867 0.159142 0.0124153 0.136569 0.00112867 0.00112867 0.0124153 0.0349887 0.00112867 0.00112867 0.00112867 
0.00234742 0.00234742 0.00234742 0.00234742 0.213615 0.00234742 0.0962441 0.00234742 0.00234742 0.00234742 0.00234742 0.00234742 0.495305 0.143192 0.00234742 0.0258216 
0.161392 0.414557 0.129747 0.00316456 0.0664557 0.0981013 0.00316456 0.00316456 0.00316456 0.00316456 0.00316456 0.00316456 0.00316456 0.00316456 0.0981013 0.00316456 
0.00246305 0.00246305 0.00246305 0.0517241 0.00246305 0.00246305 0.00246305 0.00246305 0.00246305 0.00246305 0.00246305 0.00246305 0.00246305 0.125616 0.0517241 0.741379 
0.0366736 0.000516529 0.0470041 0.212293 0.00568182 0.0779959 0.212293 0.0418388 0.000516529 0.000516529 0.119318 0.000516529 0.000516529 0.232955 0.000516529 0.0108471 
0.413265 0.00510204 0.464286 0.00510204 0.00510204 0.00510204 0.00510204 0.00510204 0.00510204 0.00510204 0.00510204 0.00510204 0.00510204 0.00510204 0.00510204 0.0561224 
0.0686275 0.00326797 0.00326797 0.199346 0.00326797 0.00326797 0.00326797 0.00326797 0.00326797 0.00326797 0.0686275 0.0359477 0.591503 0.00326797 0.00326797 0.00326797 
0.00246305 0.0270936 0.00246305 0.00246305 0.00246305 0.00246305 0.0270936 0.0270936 0.174877 0.347291 0.00246305 0.0763547 0.0763547 0.150246 0.0763547 0.00246305 
0.38076 0.0120968 0.00633641 0.0120968 0.0120968 0.000576037 0.000576037 0.000576037 0.311636 0.000576037 0.000576037 0.259793 0.000576037 0.000576037 0.000576037 0.000576037 
0.00229358 0.00229358 0.644495 0.116972 0.00229358 0.00229358 0.00229358 0.00229358 0.00229358 0.00229358 0.00229358 0.00229358 0.0252294 0.0711009 0.00229358 0.116972 
0.00362319 0.00362319 0.00362319 0.00362319 0.076087 0.00362319 0.00362319 0.00362319 0.438406 0.00362319 0.00362319 0.00362319 0.0398551 0.184783 0.00362319 0.221014 
0.000144383 0.000144383 0.000144383 0.000144383 0.00591972 0.000144383 0.000144383 0.000144383 0.00591972 0.000144383 0.465059 0.00158822 0.000144383 0.000144383 0.0449033 0.475166 
0.0138522 0.000659631 0.000659631 0.000659631 0.000659631 0.000659631 0.000659631 0.000659631 0.976913 0.000659631 0.000659631 0.000659631 0.000659631 0.000659631 0.000659631 0.000659631 
0.00423729 0.00423729 0.00423729 0.00423729 0.00423729 0.00423729 0.00423729 0.00423729 0.470339 0.00423729 0.00423729 0.300847 0.00423729 0.00423729 0.173729 0.00423729 
0.000857633 0.000857633 0.000857633 0.0694683 0.0608919 0.000857633 0.258148 0.000857633 0.120926 0.163808 0.0437393 0.000857633 0.00943396 0.232419 0.00943396 0.0265866 
0.00462963 0.00462963 0.00462963 0.236111 0.00462963 0.00462963 0.00462963 0.00462963 0.652778 0.00462963 0.00462963 0.00462963 0.0509259 0.00462963 0.00462963 0.00462963 
0.00192106 0.000174642 0.000174642 0.0228781 0.000174642 0.000174642 0.0770171 0.207999 0.146874 0.000174642 0.000174642 0.000174642 0.195774 0.0123996 0.333741 0.000174642 
0.689542 0.00326797 0.00326797 0.00326797 0.00326797 0.00326797 0.00326797 0.00326797 0.101307 0.00326797 0.0359477 0.0359477 0.00326797 0.101307 0.00326797 0.00326797 
0.0258216 0.00234742 0.00234742 0.00234742 0.190141 0.00234742 0.00234742 0.00234742 0.00234742 0.00234742 0.00234742 0.00234742 0.377934 0.00234742 0.377934 0.00234742 
0.17239 0.000686813 0.00755495 0.0487637 0.000686813 0.0144231 0.00755495 0.00755495 0.611951 0.110577 0.000686813 0.0144231 0.000686813 0.000686813 0.000686813 0.000686813 
0.0520392 0.0010581 9.61908e-05 0.00394382 0.0154867 9.61908e-05 0.0010581 9.61908e-05 0.0395344 0.237688 0.065506 9.61908e-05 0.418526 0.163621 0.0010581 9.61908e-05 
0.000178063 0.000178063 0.000178063 0.00373932 0.000178063 0.000178063 0.0714031 0.00195869 0.000178063 0.117699 0.496973 0.000178063 0.000178063 0.019765 0.286859 0.000178063 
0.000373692 0.00411061 0.000373692 0.000373692 0.000373692 0.000373692 0.00411061 0.000373692 0.194694 0.112481 0.0227952 0.168535 0.13864 0.351644 0.000373692 0.000373692 
0.00122549 0.0134804 0.246324 0.0870098 0.00122549 0.0747549 0.00122549 0.00122549 0.00122549 0.00122549 0.00122549 0.0257353 0.270833 0.270833 0.00122549 0.00122549 
0.00406504 0.0447154 0.00406504 0.00406504 0.00406504 0.00406504 0.126016 0.00406504 0.288618 0.00406504 0.00406504 0.00406504 0.49187 0.00406504 0.00406504 0.00406504 
0.00316456 0.0664557 0.00316456 0.00316456 0.0348101 0.0981013 0.00316456 0.00316456 0.414557 0.00316456 0.00316456 0.00316456 0.00316456 0.351266 0.00316456 0.00316456 
0.000154178 0.000154178 0.00477953 0.000154178 0.000154178 0.00169596 0.000154178 0.0479494 0.464231 0.000154178 0.180543 0.00632131 0.015572 0.0726179 0.000154178 0.205211 
0.00234742 0.00234742 0.00234742 0.213615 0.00234742 0.0258216 0.00234742 0.63615 0.00234742 0.00234742 0.00234742 0.00234742 0.00234742 0.07277 0.00234742 0.0258216 
0.000566251 0.00622877 0.000566251 0.147792 0.000566251 0.000566251 0.000566251 0.0402039 0.261042 0.232729 0.0798414 0.00622877 0.215742 0.00622877 0.000566251 0.000566251 
0.00059312 0.00059312 0.00059312 0.0124555 0.00059312 0.00059312 0.00059312 0.142942 0.303084 0.0361803 0.00059312 0.0895611 0.0421115 0.368327 0.00059312 0.00059312 
0.0327381 0.00297619 0.00297619 0.00297619 0.00297619 0.0327381 0.00297619 0.00297619 0.181548 0.00297619 0.00297619 0.00297619 0.00297619 0.0327381 0.0625 0.627976 
0.000176491 0.000176491 0.000176491 0.000176491 0.000176491 0.000176491 0.000176491 0.686728 0.000176491 0.000176491 0.000176491 0.00900106 0.051359 0.0795976 0.0407695 0.13078 
0.00306748 0.0644172 0.00306748 0.00306748 0.432515 0.00306748 0.00306748 0.00306748 0.00306748 0.00306748 0.00306748 0.00306748 0.0644172 0.00306748 0.40184 0.00306748 
0.00121065 0.00121065 0.00121065 0.00121065 0.00121065 0.00121065 0.00121065 0.0133172 0.170702 0.00121065 0.0133172 0.00121065 0.788136 0.00121065 0.00121065 0.00121065 
0.0177629 0.000175871 0.000175871 0.0300739 0.200668 0.000175871 0.000175871 0.000175871 0.00193458 0.000175871 0.344882 0.0142455 0.0793176 0.11625 0.000175871 0.193633 
0.0371622 0.273649 0.0371622 0.00337838 0.00337838 0.00337838 0.00337838 0.00337838 0.543919 0.00337838 0.00337838 0.00337838 0.0709459 0.00337838 0.00337838 0.00337838 
0.000802568 0.00882825 0.000802568 0.000802568 0.000802568 0.000802568 0.00882825 0.000802568 0.000802568 0.0971108 0.000802568 0.281701 0.000802568 0.000802568 0.0329053 0.5626 
0.000252143 0.0910237 0.000252143 0.25996 0.00277358 0.00277358 0.000252143 0.00529501 0.108674 0.000252143 0.000252143 0.000252143 0.0532022 0.307867 0.149017 0.0179022 
0.421729 0.00116822 0.00116822 0.00116822 0.036215 0.00116822 0.00116822 0.0128505 0.00116822 0.00116822 0.00116822 0.00116822 0.293224 0.00116822 0.223131 0.00116822 
0.00362319 0.00362319 0.00362319 0.0398551 0.00362319 0.32971 0.00362319 0.00362319 0.00362319 0.257246 0.00362319 0.00362319 0.32971 0.00362319 0.00362319 0.00362319 
0.000491159 0.000491159 0.00540275 0.000491159 0.000491159 0.000491159 0.000491159 0.00540275 0.00540275 0.000491159 0.000491159 0.977898 0.000491159 0.000491159 0.000491159 0.000491159 
0.000622665 0.000622665 0.137609 0.00684932 0.00684932 0.000622665 0.000622665 0.000622665 0.174969 0.118929 0.000622665 0.000622665 0.343088 0.000622665 0.013076 0.193649 
0.00462963 0.00462963 0.282407 0.00462963 0.00462963 0.00462963 0.00462963 0.0509259 0.0972222 0.236111 0.00462963 0.00462963 0.282407 0.00462963 0.00462963 0.00462963 
0.00083612 0.00083612 0.0426421 0.00083612 0.0342809 0.00919732 0.00083612 0.00083612 0.00083612 0.00083612 0.00083612 0.00083612 0.535953 0.0175585 0.218227 0.134615 
0.0015015 0.0015015 0.0465465 0.0015015 0.0165165 0.0015015 0.0015015 0.0015015 0.0015015 0.0015015 0.0015015 0.512012 0.0315315 0.376877 0.0015015 0.0015015 
0.000215239 0.000215239 0.000215239 0.101378 0.000215239 0.000215239 0.000215239 0.439303 0.000215239 0.000215239 0.000215239 0.0088248 0.0109772 0.00452002 0.00236763 0.430693 
0.344106 0.00190114 0.00190114 0.00190114 0.00190114 0.00190114 0.00190114 0.00190114 0.11597 0.00190114 0.039924 0.00190114 0.039924 0.439163 0.00190114 0.00190114 
0.138916 0.112798 0.000163239 0.000163239 0.000163239 0.000163239 0.0197519 0.000163239 0.00832517 0.103004 0.499674 0.0115899 0.000163239 0.0230167 0.0393405 0.0426053 
0.000257334 0.000257334 0.000257334 0.000257334 0.0491508 0.00540401 0.396552 0.000257334 0.000257334 0.000257334 0.000257334 0.000257334 0.177818 0.0362841 0.332218 0.000257334 
0.000221435 0.000221435 0.000221435 0.0445084 0.0821523 0.000221435 0.00243578 0.241585 0.0910097 0.000221435 0.000221435 0.0334367 0.00243578 0.41209 0.000221435 0.0887954 
0.000119674 0.000119674 0.000119674 0.0563667 0.000119674 0.00370991 0.000119674 0.000119674 0.447702 0.304093 0.000119674 0.000119674 0.000119674 0.0563667 0.000119674 0.130565 
0.00120667 0.00120667 0.000109697 0.000109697 0.000109697 0.000109697 0.000109697 0.0352128 0.411474 0.000109697 0.000109697 0.00120667 0.00449759 0.196468 0.196468 0.151492 
0.0073742 0.00303644 0.000144592 0.000144592 0.000144592 0.000144592 0.000144592 0.0146038 0.483083 0.00448236 0.00303644 0.0146038 0.000144592 0.0189416 0.151966 0.298005 
0.00121065 0.0375303 0.00121065 0.00121065 0.146489 0.00121065 0.00121065 0.630751 0.00121065 0.00121065 0.00121065 0.00121065 0.00121065 0.170702 0.00121065 0.00121065 
0.162525 0.280152 0.000165673 0.046554 0.000165673 0.000165673 0.000165673 0.000165673 0.243704 0.000165673 0.000165673 0.000165673 0.02833 0.237078 0.000165673 0.000165673 
0.0447992 0.000171644 0.0636801 0.00703742 0.000171644 0.000171644 0.000171644 0.0825609 0.000171644 0.000171644 0.000171644 0.0413663 0.75884 0.000171644 0.000171644 0.000171644 
0.84375 0.0013587 0.0013587 0.0013587 0.0557065 0.0013587 0.0149457 0.0692935 0.0013587 0.0013587 0.0013587 0.0013587 0.0013587 0.0013587 0.0013587 0.0013587 
0.0191606 0.000912409 0.000912409 0.146898 0.0191606 0.0465328 0.000912409 0.000912409 0.502737 0.0465328 0.000912409 0.000912409 0.165146 0.000912409 0.000912409 0.0465328 
0.000138007 0.000138007 0.00703837 0.000138007 0.00565829 0.000138007 0.000138007 0.450041 0.0304996 0.122964 0.000138007 0.000138007 0.095363 0.0746619 0.0829423 0.129865 
0.000121418 0.0013356 0.000121418 0.11304 0.000121418 0.00254978 0.000121418 0.297596 0.000121418 0.000121418 0.000121418 0.0972559 0.000121418 0.314594 0.172535 0.000121418 
0.00977761 0.000191718 0.000191718 0.170821 0.000191718 0.000191718 0.00402607 0.000191718 0.498658 0.000191718 0.000191718 0.000191718 0.105637 0.000191718 0.170821 0.0385353 
0.025757 0.0021628 0.000196618 0.171254 0.000196618 0.0119937 0.000196618 0.000196618 0.432757 0.0788439 0.000196618 0.0572159 0.0591821 0.000196618 0.159457 0.000196618 
0.000192456 0.000192456 0.000192456 0.000192456 0.000192456 0.0117398 0.00404157 0.404349 0.136836 0.00596613 0.000192456 0.000192456 0.000192456 0.12144 0.129138 0.18495 
0.087473 0.00107991 0.00107991 0.0982721 0.00107991 0.00107991 0.00107991 0.00107991 0.368251 0.217063 0.00107991 0.00107991 0.0550756 0.163067 0.00107991 0.00107991 
0.000701262 0.000701262 0.000701262 0.000701262 0.000701262 0.000701262 0.000701262 0.000701262 0.730014 0.00771388 0.000701262 0.000701262 0.000701262 0.000701262 0.253156 0.000701262 
0.657486 0.0713277 0.000706215 0.000706215 0.0148305 0.0430791 0.000706215 0.000706215 0.00776836 0.000706215 0.000706215 0.000706215 0.0289548 0.000706215 0.106638 0.0642655 
0.000215703 0.000215703 0.000215703 0.000215703 0.0282571 0.0843399 0.0066868 0.000215703 0.000215703 0.16415 0.515746 0.0304142 0.0368852 0.019629 0.0476704 0.0649267 
0.000137627 0.000137627 0.000137627 0.0015139 0.000137627 0.0015139 0.0015139 0.000137627 0.0015139 0.106111 0.000137627 0.000137627 0.000137627 0.414396 0.309799 0.162538 
0.705409 0.000321958 0.0357373 0.000321958 0.000321958 0.000321958 0.000321958 0.000321958 0.045396 0.00354153 0.000321958 0.000321958 0.0325177 0.174179 0.000321958 0.000321958 
0.00280899 0.00280899 0.00280899 0.00280899 0.00280899 0.0308989 0.00280899 0.00280899 0.00280899 0.00280899 0.00280899 0.227528 0.592697 0.00280899 0.00280899 0.115169 
0.0037594 0.0037594 0.0037594 0.0037594 0.0037594 0.0037594 0.0037594 0.0037594 0.454887 0.0037594 0.0037594 0.0037594 0.304511 0.0413534 0.0037594 0.154135 
0.00214592 0.00214592 0.00214592 0.00214592 0.0236052 0.00214592 0.388412 0.00214592 0.00214592 0.216738 0.0450644 0.00214592 0.109442 0.195279 0.00214592 0.00214592 
0.000165673 0.000165673 0.000165673 0.000165673 0.101226 0.0018224 0.000165673 0.480616 0.000165673 0.107853 0.000165673 0.0747184 0.000165673 0.0299867 0.10951 0.0929423 
0.000142328 0.000142328 0.000142328 0.000142328 0.000142328 0.00583547 0.000142328 0.000142328 0.0157985 0.000142328 0.000142328 0.000142328 0.000142328 0.000142328 0.976516 0.000142328 
0.0691767 0.000130276 0.000130276 0.000130276 0.0300938 0.000130276 0.00143304 0.0444242 0.0366076 0.0978374 0.000130276 0.000130276 0.430042 0.0496352 0.0170662 0.222903 
0.000160359 0.000160359 0.00336754 0.000160359 0.000160359 0.000160359 0.000160359 0.000160359 0.000160359 0.000160359 0.00978191 0.00176395 0.000160359 0.00336754 0.16052 0.819596 
0.00019857 0.00019857 0.00019857 0.00019857 0.562153 0.00218427 0.00019857 0.00019857 0.00019857 0.00416998 0.369539 0.00218427 0.00218427 0.00019857 0.00019857 0.0557983 
0.0289536 0.000169319 0.000169319 0.000169319 0.0103285 0.0052489 0.000169319 0.0526583 0.579241 0.000169319 0.000169319 0.000169319 0.105147 0.14917 0.000169319 0.0678971 
0.231235 0.231235 0.00121065 0.00121065 0.00121065 0.00121065 0.0133172 0.00121065 0.412833 0.00121065 0.00121065 0.00121065 0.00121065 0.00121065 0.098063 0.00121065 
0.00124069 0.0136476 0.0136476 0.112903 0.187345 0.00124069 0.224566 0.0136476 0.00124069 0.00124069 0.00124069 0.00124069 0.224566 0.00124069 0.174938 0.0260546 
0.000133583 0.000133583 0.000133583 0.000133583 0.466337 0.000133583 0.000133583 0.000133583 0.000133583 0.0388726 0.000133583 0.000133583 0.000133583 0.0923056 0.277986 0.12303 
0.00442478 0.00442478 0.00442478 0.00442478 0.00442478 0.0486726 0.00442478 0.00442478 0.00442478 0.00442478 0.0486726 0.181416 0.00442478 0.00442478 0.0486726 0.623894 
0.000984252 0.000984252 0.000984252 0.0600394 0.000984252 0.000984252 0.000984252 0.000984252 0.000984252 0.000984252 0.000984252 0.000984252 0.49311 0.148622 0.286417 0.000984252 
0.00119617 0.00119617 0.120813 0.228469 0.16866 0.0370813 0.00119617 0.0131579 0.348086 0.00119617 0.00119617 0.00119617 0.00119617 0.00119617 0.0729665 0.00119617 
0.00125628 0.00125628 0.00125628 0.00125628 0.265075 0.0138191 0.00125628 0.00125628 0.23995 0.0138191 0.00125628 0.00125628 0.252513 0.0515075 0.15201 0.00125628 
0.00111607 0.146205 0.00111607 0.324777 0.00111607 0.00111607 0.00111607 0.00111607 0.335938 0.168527 0.00111607 0.00111607 0.0122768 0.00111607 0.00111607 0.00111607 
0.303279 0.00273224 0.057377 0.00273224 0.112022 0.00273224 0.0300546 0.00273224 0.221311 0.00273224 0.00273224 0.00273224 0.193989 0.00273224 0.057377 0.00273224 
0.000626566 0.000626566 0.000626566 0.0695489 0.182331 0.000626566 0.0695489 0.113409 0.000626566 0.000626566 0.000626566 0.000626566 0.0946115 0.420426 0.0444862 0.000626566 
0.0180936 0.000441306 0.000441306 0.000441306 0.000441306 0.000441306 0.000441306 0.150485 0.0357458 0.12842 0.000441306 0.0798764 0.393204 0.190203 0.000441306 0.000441306 
0.00159977 0.000145433 0.000145433 0.0074171 0.0117801 0.000145433 0.000145433 0.000145433 0.0583188 0.0423211 0.00159977 0.000145433 0.103403 0.498982 0.254654 0.0190518 
0.000216638 0.00238302 0.000216638 0.000216638 0.00454939 0.134532 0.000216638 0.000216638 0.000216638 0.000216638 0.000216638 0.0327123 0.000216638 0.0500433 0.710789 0.0630416 
0.28893 0.000264831 0.000264831 0.00291314 0.000264831 0.000264831 0.000264831 0.000264831 0.572299 0.0479343 0.000264831 0.000264831 0.000264831 0.00556144 0.0664725 0.0135064 
0.000295334 0.000295334 0.000295334 0.000295334 0.000295334 0.000295334 0.000295334 0.000295334 0.133196 0.000295334 0.000295334 0.000295334 0.652983 0.209982 0.000295334 0.000295334 
0.0818879 0.0235157 0.00350233 0.138592 0.000166778 0.000166778 0.0235157 0.000166778 0.522181 0.0201801 0.0785524 0.000166778 0.000166778 0.0468646 0.0568712 0.00350233 
0.337687 0.00186567 0.0578358 0.00186567 0.00186567 0.00186567 0.00186567 0.00186567 0.468284 0.0764925 0.0205224 0.00186567 0.00186567 0.00186567 0.0205224 0.00186567 
0.000417362 0.00459098 0.0338063 0.000417362 0.000417362 0.000417362 0.000417362 0.271703 0.000417362 0.000417362 0.000417362 0.142321 0.250835 0.150668 0.1298 0.0129382 
0.000651042 0.0917969 0.000651042 0.0527344 0.000651042 0.000651042 0.000651042 0.0136719 0.664714 0.000651042 0.0201823 0.000651042 0.000651042 0.000651042 0.00716146 0.14388 
0.000391236 0.0238654 0.0238654 0.344679 0.434664 0.000391236 0.000391236 0.000391236 0.000391236 0.149061 0.000391236 0.000391236 0.0160407 0.000391236 0.000391236 0.0043036 
0.493205 0.00622877 0.000566251 0.0402039 0.0175538 0.0458664 0.000566251 0.0118913 0.000566251 0.278029 0.000566251 0.000566251 0.000566251 0.000566251 0.000566251 0.102492 
0.161823 0.00018162 0.00018162 0.0183436 0.00018162 0.00018162 0.00199782 0.00018162 0.221758 0.00018162 0.363422 0.00018162 0.021976 0.114602 0.00018162 0.094624 
0.296218 0.00210084 0.00210084 0.00210084 0.296218 0.00210084 0.00210084 0.00210084 0.0231092 0.0441176 0.00210084 0.00210084 0.317227 0.00210084 0.00210084 0.00210084 
0.00029274 0.00029274 0.418911 0.00614754 0.140808 0.00029274 0.00029274 0.00029274 0.00029274 0.00322014 0.00029274 0.00029274 0.266686 0.00029274 0.00029274 0.1613 
0.0001343 0.0014773 0.0001343 0.0001343 0.0122213 0.0001343 0.0001343 0.0901155 0.349315 0.129063 0.0001343 0.0001343 0.0001343 0.0390814 0.0001343 0.377518 
0.0248699 6.05107e-05 6.05107e-05 6.05107e-05 6.05107e-05 6.05107e-05 0.0194239 6.05107e-05 6.05107e-05 0.131369 0.4787 0.00611158 0.0351567 0.11019 0.184618 0.00913712 
0.000222916 0.000222916 0.410388 0.000222916 0.000222916 0.000222916 0.000222916 0.000222916 0.0983058 0.000222916 0.000222916 0.000222916 0.000222916 0.000222916 0.183014 0.305617 
0.000586166 0.000586166 0.000586166 0.0181712 0.000586166 0.000586166 0.000586166 0.205744 0.317116 0.0181712 0.000586166 0.00644783 0.0885111 0.00644783 0.141266 0.194021 
0.166667 0.0359477 0.754902 0.00326797 0.00326797 0.00326797 0.00326797 0.00326797 0.00326797 0.00326797 0.00326797 0.00326797 0.00326797 0.00326797 0.00326797 0.00326797 
0.246007 0.000307125 0.000307125 0.0525184 0.00952088 0.000307125 0.0156634 0.000307125 0.000307125 0.000307125 0.000307125 0.00644963 0.000307125 0.583845 0.083231 0.000307125 
0.000175871 0.00545199 0.000175871 0.307949 0.000175871 0.000175871 0.00545199 0.000175871 0.107457 0.000175871 0.000175871 0.0740415 0.000175871 0.394126 0.10394 0.000175871 
0.0151515 0.00137741 0.00137741 0.00137741 0.318182 0.00137741 0.00137741 0.00137741 0.166667 0.0426997 0.00137741 0.0151515 0.331956 0.0289256 0.00137741 0.0702479 
0.000201369 0.0324205 0.000201369 0.00422876 0.000201369 0.0163109 0.23379 0.000201369 0.000201369 0.147201 0.00422876 0.0263794 0.000201369 0.483488 0.0505437 0.000201369 
0.401448 0.000556793 0.0116927 0.000556793 0.000556793 0.000556793 0.000556793 0.000556793 0.306793 0.000556793 0.000556793 0.000556793 0.000556793 0.145323 0.128619 0.000556793 
0.00146745 0.000133404 0.0588314 0.0254803 0.000133404 0.0588314 0.00413554 0.118863 0.01881 0.116195 0.298959 0.000133404 0.00813767 0.113527 0.000133404 0.176227 
0.000170765 0.00187842 0.000170765 0.0309085 0.000170765 0.000170765 0.000170765 0.000170765 0.430499 0.0667691 0.0684768 0.000170765 0.0957992 0.111168 0.0240779 0.169228 
0.000108155 0.0033528 0.0574302 0.0011897 0.0347177 0.414341 0.0152498 0.000108155 0.000108155 0.434891 0.000108155 0.00443435 0.000108155 0.0184945 0.0141683 0.0011897 
0.00304083 0.000144802 0.00159282 0.000144802 0.000144802 0.000144802 0.000144802 0.000144802 0.00738488 0.0262091 0.00593687 0.000144802 0.000144802 0.000144802 0.954387 0.000144802 
0.000711238 0.000711238 0.000711238 0.0220484 0.014936 0.0576102 0.242532 0.0647226 0.000711238 0.0931721 0.164296 0.000711238 0.000711238 0.00782361 0.185633 0.142959 
0.00510204 0.00510204 0.00510204 0.00510204 0.00510204 0.617347 0.209184 0.00510204 0.00510204 0.00510204 0.00510204 0.00510204 0.00510204 0.0561224 0.00510204 0.0561224 
0.0426436 0.000169895 0.000169895 0.0749235 0.000169895 0.000169895 0.00356779 0.341658 0.190452 0.00696568 0.000169895 0.00186884 0.0222562 0.000169895 0.00356779 0.311077 
0.000123671 0.000123671 0.000123671 0.20418 0.235098 0.0186743 0.0149641 0.000123671 0.000123671 0.000123671 0.404526 0.000123671 0.000123671 0.0730893 0.0273312 0.0211477 
0.103774 0.00943396 0.00943396 0.00943396 0.00943396 0.669811 0.00943396 0.00943396 0.00943396 0.103774 0.00943396 0.00943396 0.00943396 0.00943396 0.00943396 0.00943396 
0.00462963 0.0509259 0.00462963 0.00462963 0.00462963 0.699074 0.00462963 0.00462963 0.00462963 0.143519 0.00462963 0.00462963 0.00462963 0.00462963 0.00462963 0.0509259 
0.00326797 0.00326797 0.00326797 0.00326797 0.00326797 0.852941 0.00326797 0.00326797 0.0359477 0.0686275 0.00326797 0.00326797 0.00326797 0.00326797 0.00326797 0.00326797 
0.000400641 0.000400641 0.38101 0.000400641 0.292869 0.000400641 0.000400641 0.000400641 0.000400641 0.0124199 0.000400641 0.00440705 0.108574 0.000400641 0.000400641 0.196715 
0.00182542 0.000165948 0.132924 0.000165948 0.000165948 0.693827 0.000165948 0.137902 0.000165948 0.0250581 0.000165948 0.000165948 0.00182542 0.000165948 0.000165948 0.00514437 
0.00462963 0.00462963 0.0509259 0.00462963 0.00462963 0.00462963 0.00462963 0.00462963 0.00462963 0.00462963 0.00462963 0.00462963 0.00462963 0.0509259 0.00462963 0.837963 
0.000138007 0.000138007 0.000138007 0.0567209 0.00427822 0.000138007 0.000138007 0.00151808 0.327215 0.000138007 0.000138007 0.00151808 0.000138007 0.0222192 0.106404 0.479023 
0.0664557 0.00316456 0.00316456 0.224684 0.0348101 0.509494 0.00316456 0.00316456 0.00316456 0.00316456 0.0348101 0.00316456 0.0664557 0.0348101 0.00316456 0.00316456 
0.0359477 0.00326797 0.00326797 0.00326797 0.00326797 0.00326797 0.00326797 0.00326797 0.264706 0.166667 0.00326797 0.00326797 0.00326797 0.00326797 0.00326797 0.493464 
0.00537634 0.00537634 0.00537634 0.22043 0.00537634 0.704301 0.00537634 0.00537634 0.00537634 0.00537634 0.00537634 0.00537634 0.00537634 0.00537634 0.00537634 0.00537634 
0.0664557 0.0348101 0.00316456 0.00316456 0.00316456 0.509494 0.00316456 0.00316456 0.00316456 0.00316456 0.351266 0.00316456 0.00316456 0.00316456 0.00316456 0.00316456 
0.219568 0.000327225 0.000327225 0.154123 0.000327225 0.000327225 0.0952225 0.000327225 0.517343 0.000327225 0.00687173 0.000327225 0.00359948 0.000327225 0.000327225 0.000327225 
0.0615463 0.000508647 0.000508647 0.40234 0.000508647 0.025941 0.0157681 0.000508647 0.407426 0.0768057 0.000508647 0.000508647 0.000508647 0.00559512 0.000508647 0.000508647 
0.00289017 0.00289017 0.00289017 0.465318 0.0895954 0.205202 0.00289017 0.00289017 0.118497 0.00289017 0.00289017 0.00289017 0.00289017 0.00289017 0.0895954 0.00289017 
0.0182027 0.820694 6.04741e-05 6.04741e-05 6.04741e-05 6.04741e-05 6.04741e-05 6.04741e-05 6.04741e-05 6.04741e-05 6.04741e-05 6.04741e-05 6.04741e-05 6.04741e-05 0.160317 6.04741e-05 
0.00214592 0.324034 0.00214592 0.302575 0.00214592 0.17382 0.00214592 0.00214592 0.17382 0.00214592 0.00214592 0.00214592 0.00214592 0.00214592 0.00214592 0.00214592 
0.0446826 0.0770319 0.000202184 0.0568136 0.000202184 0.0163769 0.00626769 0.00424586 0.103316 0.000202184 0.566316 0.000202184 0.000202184 0.000202184 0.123534 0.000202184 
0.273649 0.00337838 0.00337838 0.00337838 0.00337838 0.0371622 0.00337838 0.00337838 0.273649 0.00337838 0.375 0.00337838 0.00337838 0.00337838 0.00337838 0.00337838 
0.155771 0.0543282 0.000225428 0.000225428 0.000225428 0.315825 0.000225428 0.000225428 0.471371 0.000225428 0.000225428 0.000225428 0.000225428 0.000225428 0.000225428 0.000225428 
0.00735294 0.00735294 0.00735294 0.00735294 0.00735294 0.742647 0.00735294 0.00735294 0.0808824 0.00735294 0.00735294 0.00735294 0.0808824 0.00735294 0.00735294 0.00735294 
0.238524 0.000126807 0.000126807 0.000126807 0.000126807 0.000126807 0.634162 0.000126807 0.00773523 0.114253 0.000126807 0.00393102 0.000126807 0.000126807 0.000126807 0.000126807 
0.00165017 0.00165017 0.00165017 0.265677 0.00165017 0.0346535 0.00165017 0.00165017 0.348185 0.0511551 0.0181518 0.00165017 0.00165017 0.00165017 0.0346535 0.232673 
0.00485437 0.00485437 0.0533981 0.441748 0.199029 0.00485437 0.00485437 0.00485437 0.00485437 0.00485437 0.247573 0.00485437 0.00485437 0.00485437 0.00485437 0.00485437 
0.00297619 0.00297619 0.00297619 0.21131 0.00297619 0.00297619 0.00297619 0.00297619 0.449405 0.00297619 0.300595 0.00297619 0.00297619 0.00297619 0.00297619 0.00297619 
0.64527 0.00337838 0.00337838 0.00337838 0.0371622 0.273649 0.00337838 0.00337838 0.00337838 0.00337838 0.00337838 0.00337838 0.00337838 0.00337838 0.00337838 0.00337838 
0.327957 0.00537634 0.00537634 0.00537634 0.00537634 0.435484 0.00537634 0.00537634 0.166667 0.00537634 0.00537634 0.00537634 0.00537634 0.00537634 0.00537634 0.00537634 
0.304435 0.000183284 0.0166789 0.0496701 0.000183284 0.581195 0.00201613 0.000183284 0.000183284 0.0111804 0.000183284 0.000183284 0.000183284 0.00201613 0.00201613 0.0295088 
0.64527 0.00337838 0.00337838 0.00337838 0.00337838 0.273649 0.00337838 0.00337838 0.00337838 0.0371622 0.00337838 0.00337838 0.00337838 0.00337838 0.00337838 0.00337838 
0.00862069 0.00862069 0.00862069 0.0948276 0.00862069 0.784483 0.00862069 0.00862069 0.00862069 0.00862069 0.00862069 0.00862069 0.00862069 0.00862069 0.00862069 0.00862069 
0.647436 0.00641026 0.00641026 0.00641026 0.00641026 0.00641026 0.00641026 0.00641026 0.00641026 0.00641026 0.00641026 0.00641026 0.00641026 0.00641026 0.134615 0.134615 
0.0034965 0.0034965 0.0034965 0.0034965 0.0034965 0.737762 0.0034965 0.0034965 0.0384615 0.0034965 0.0034965 0.0034965 0.0034965 0.0034965 0.0034965 0.178322 
0.0486726 0.358407 0.00442478 0.00442478 0.269912 0.225664 0.00442478 0.00442478 0.00442478 0.00442478 0.00442478 0.00442478 0.00442478 0.00442478 0.0486726 0.00442478 
0.0034965 0.0034965 0.0734266 0.0034965 0.108392 0.423077 0.0034965 0.0034965 0.0034965 0.353147 0.0034965 0.0034965 0.0034965 0.0034965 0.0034965 0.0034965 
0.000144802 0.00159282 0.00304083 0.00738488 0.000144802 0.00304083 0.47799 0.00448885 0.176803 0.00593687 0.000144802 0.000144802 0.000144802 0.000144802 0.000144802 0.318708 
0.506981 0.0008726 0.0008726 0.0008726 0.175393 0.0270506 0.0619546 0.0008726 0.105585 0.0008726 0.0270506 0.0008726 0.0008726 0.0270506 0.0008726 0.0619546 
