0.0162162 0.0023166 0.000772201 0.000772201 0.0023166 0.444015 0.382239 0.0023166 0.0023166 0.0100386 0.0023166 0.0872587 0.000772201 0.011583 0.034749 
0.00775194 0.00775194 0.100775 0.0697674 0.00775194 0.162791 0.348837 0.178295 0.00775194 0.00775194 0.00775194 0.0232558 0.00775194 0.0542636 0.00775194 
0.244221 0.0130653 0.20804 0.254271 0.00502513 0.00502513 0.228141 0.0190955 0.00100503 0.00904523 0.00100503 0.00100503 0.00100503 0.00502513 0.00502513 
0.010989 0.0989011 0.0769231 0.164835 0.010989 0.0549451 0.010989 0.032967 0.010989 0.0549451 0.010989 0.0549451 0.010989 0.0769231 0.318681 
0.0505051 0.010101 0.0505051 0.0909091 0.010101 0.010101 0.010101 0.010101 0.0505051 0.131313 0.0505051 0.0909091 0.010101 0.0707071 0.353535 
0.0244878 0.00149925 0.00049975 0.00549725 0.00349825 0.462269 0.445277 0.00849575 0.00049975 0.00149925 0.00849575 0.00249875 0.00049975 0.0344828 0.00049975 
0.162177 0.000549753 0.0500275 0.0148433 0.00274876 0.254535 0.372183 0.0456295 0.000549753 0.00274876 0.00164926 0.000549753 0.000549753 0.0885102 0.00274876 
0.0649705 0.0140845 0.0722399 0.000454339 0.00681508 0.00499773 0.384825 0.00227169 0.000454339 0.000454339 0.000454339 0.00318037 0.00227169 0.442072 0.000454339 
0.0559006 0.0186335 0.00621118 0.00621118 0.192547 0.142857 0.279503 0.00621118 0.00621118 0.0310559 0.0186335 0.00621118 0.00621118 0.15528 0.068323 
0.0573248 0.044586 0.566879 0.0318471 0.0318471 0.0700637 0.0191083 0.00636943 0.00636943 0.0191083 0.00636943 0.00636943 0.00636943 0.0318471 0.0955414 
0.35477 0.00535906 0.123258 0.243301 0.0160772 0.00321543 0.148982 0.00321543 0.00321543 0.0139335 0.00107181 0.00535906 0.00107181 0.0589496 0.0182208 
0.00293255 0.00879765 0.372434 0.1261 0.00879765 0.00293255 0.372434 0.00293255 0.00293255 0.00879765 0.00879765 0.00293255 0.0557185 0.0205279 0.00293255 
0.0181818 0.0181818 0.0545455 0.0181818 0.2 0.0181818 0.0909091 0.0181818 0.0181818 0.0181818 0.0545455 0.0181818 0.0545455 0.0909091 0.309091 
0.202832 0.030404 0.0387339 0.00208247 0.120367 0.226989 0.339442 0.000416493 0.00124948 0.000416493 0.00208247 0.00291545 0.0120783 0.0195752 0.000416493 
0.113772 0.0299401 0.00598802 0.269461 0.00598802 0.00598802 0.0538922 0.00598802 0.00598802 0.0299401 0.00598802 0.00598802 0.00598802 0.113772 0.341317 
0.236615 0.00863558 0.0846287 0.578584 0.00172712 0.00172712 0.00863558 0.00172712 0.00172712 0.00518135 0.00863558 0.00172712 0.00518135 0.0431779 0.0120898 
0.161677 0.00998004 0.201597 0.00199601 0.00199601 0.00199601 0.325349 0.0698603 0.00199601 0.0858283 0.00199601 0.0978044 0.00598802 0.0299401 0.00199601 
0.218349 0.00917431 0.277064 0.277064 0.00183486 0.00183486 0.141284 0.0275229 0.00917431 0.00183486 0.00183486 0.00183486 0.00550459 0.00183486 0.0238532 
0.00578035 0.583815 0.0289017 0.0635838 0.00578035 0.00578035 0.0289017 0.00578035 0.017341 0.00578035 0.017341 0.00578035 0.0289017 0.00578035 0.190751 
0.010989 0.010989 0.142857 0.384615 0.010989 0.010989 0.032967 0.010989 0.010989 0.032967 0.010989 0.010989 0.0549451 0.010989 0.252747 
0.00578035 0.00578035 0.132948 0.00578035 0.0404624 0.190751 0.0751445 0.0520231 0.0289017 0.271676 0.109827 0.0289017 0.00578035 0.00578035 0.0404624 
0.027933 0.00558659 0.128492 0.0614525 0.0391061 0.117318 0.0837989 0.0949721 0.173184 0.173184 0.0502793 0.00558659 0.00558659 0.00558659 0.027933 
0.111678 0.0117287 0.117797 0.0158083 0.0413055 0.0321265 0.257522 0.00866905 0.00356961 0.383988 0.00152983 0.000509944 0.0045895 0.00866905 0.000509944 
0.00492611 0.00492611 0.0147783 0.0344828 0.0147783 0.00492611 0.339901 0.0246305 0.00492611 0.00492611 0.00492611 0.00492611 0.0246305 0.46798 0.044335 
0.586974 0.000794281 0.0532168 0.0182685 0.0150913 0.000794281 0.175536 0.000794281 0.00555997 0.0484512 0.00397141 0.00238284 0.00714853 0.0293884 0.0516283 
0.0041841 0.0543933 0.0292887 0.0460251 0.0041841 0.0543933 0.0711297 0.129707 0.0209205 0.0292887 0.0209205 0.0209205 0.0041841 0.0878661 0.422594 
0.0394904 0.342675 0.00127389 0.00127389 0.00127389 0.00127389 0.48535 0.00127389 0.00127389 0.103185 0.00127389 0.00127389 0.00382166 0.0140127 0.00127389 
0.0352941 0.0117647 0.0117647 0.317647 0.0117647 0.0117647 0.0117647 0.0117647 0.0117647 0.0352941 0.0117647 0.0352941 0.0117647 0.0117647 0.458824 
0.184284 0.00654818 0.594013 0.000935454 0.000935454 0.00654818 0.176801 0.00467727 0.00280636 0.000935454 0.000935454 0.000935454 0.000935454 0.0177736 0.000935454 
0.030303 0.004329 0.038961 0.558442 0.038961 0.004329 0.030303 0.012987 0.004329 0.012987 0.004329 0.004329 0.004329 0.194805 0.0562771 
0.296947 0.00647549 0.000925069 0.0212766 0.0379278 0.00462535 0.039778 0.0101758 0.039778 0.000925069 0.380204 0.000925069 0.0231267 0.135985 0.000925069 
0.0763636 0.00121212 0.529697 0.04 0.00121212 0.00121212 0.321212 0.00121212 0.00121212 0.00363636 0.00121212 0.00121212 0.00606061 0.00121212 0.0133333 
0.151832 0.0157068 0.0052356 0.0157068 0.0157068 0.0994764 0.0890052 0.0052356 0.0052356 0.0575916 0.0994764 0.0157068 0.0366492 0.361257 0.026178 
0.0466321 0.00172712 0.015544 0.46114 0.00518135 0.00172712 0.0604491 0.0569948 0.00172712 0.0949914 0.00172712 0.0224525 0.00172712 0.181347 0.0466321 
0.109489 0.00729927 0.182482 0.00729927 0.00729927 0.240876 0.00729927 0.0364964 0.0218978 0.0218978 0.00729927 0.0364964 0.0218978 0.00729927 0.284672 
0.000408664 0.00204332 0.123008 0.206375 0.000408664 0.00122599 0.510421 0.0183899 0.0232938 0.0706988 0.00122599 0.00694728 0.0273805 0.000408664 0.00776461 
0.376458 0.0116649 0.028632 0.00106045 0.00106045 0.185578 0.162248 0.00106045 0.0159067 0.00742312 0.00106045 0.0137858 0.00530223 0.16649 0.0222694 
0.00703775 0.000639795 0.00447857 0.00362551 0.28087 0.00191939 0.59437 0.000213265 0.00575816 0.00319898 0.000213265 0.000639795 0.0198337 0.0769887 0.000213265 
0.0196078 0.0196078 0.490196 0.0196078 0.0196078 0.0196078 0.0196078 0.0196078 0.0196078 0.0196078 0.0196078 0.0196078 0.0196078 0.0196078 0.254902 
0.167464 0.0334928 0.167464 0.00478469 0.00478469 0.00478469 0.282297 0.0143541 0.00478469 0.0813397 0.00478469 0.00478469 0.00478469 0.00478469 0.215311 
0.212528 0.0201342 0.44519 0.01566 0.00223714 0.00223714 0.176734 0.00223714 0.0380313 0.033557 0.00671141 0.0111857 0.00671141 0.0246085 0.00223714 
0.0819672 0.0491803 0.114754 0.0491803 0.0163934 0.0163934 0.0163934 0.0163934 0.0163934 0.0163934 0.0491803 0.0163934 0.0163934 0.180328 0.344262 
0.0126582 0.0126582 0.0126582 0.21519 0.0126582 0.0126582 0.0126582 0.0126582 0.0379747 0.0126582 0.0379747 0.0632911 0.113924 0.113924 0.316456 
0.0629723 0.0428212 0.319899 0.00251889 0.00251889 0.00251889 0.289673 0.0125945 0.00251889 0.0730479 0.00251889 0.00251889 0.00251889 0.0579345 0.123426 
0.224242 0.00606061 0.0545455 0.406061 0.030303 0.00606061 0.00606061 0.0181818 0.00606061 0.0181818 0.00606061 0.0424242 0.00606061 0.00606061 0.163636 
0.00953449 0.015143 0.000560852 0.666854 0.00168256 0.0140213 0.261918 0.0140213 0.00168256 0.00392597 0.00280426 0.00504767 0.000560852 0.00168256 0.000560852 
0.252905 0.000553403 0.52518 0.00387382 0.00940786 0.00276702 0.117875 0.0138351 0.000553403 0.0127283 0.00276702 0.000553403 0.00276702 0.0536801 0.000553403 
0.0379747 0.0126582 0.341772 0.0126582 0.0379747 0.0126582 0.0126582 0.0126582 0.0126582 0.0379747 0.0379747 0.0126582 0.0379747 0.0632911 0.316456 
0.139982 0.000914913 0.37237 0.0173833 0.00640439 0.0118939 0.319305 0.021043 0.00640439 0.0612992 0.000914913 0.032022 0.00457457 0.00457457 0.000914913 
0.0800979 0.00454704 0.000349773 0.443162 0.00314795 0.0101434 0.436866 0.000349773 0.000349773 0.000349773 0.000349773 0.000349773 0.00104932 0.0115425 0.00734523 
0.0790306 0.0056902 0.00484721 0.0195996 0.0427819 0.00737619 0.476923 0.000210748 0.000210748 0.13509 0.00105374 0.194942 0.000210748 0.0221286 0.00990516 
0.148348 0.105105 0.424625 0.000600601 0.000600601 0.0018018 0.281682 0.000600601 0.000600601 0.000600601 0.000600601 0.0042042 0.021021 0.0042042 0.00540541 
0.0149254 0.0746269 0.0149254 0.104478 0.164179 0.0149254 0.0149254 0.0149254 0.0149254 0.0149254 0.0149254 0.104478 0.0149254 0.0149254 0.402985 
0.370518 0.0517928 0.0278884 0.00398406 0.00398406 0.10757 0.0199203 0.0119522 0.0119522 0.00398406 0.0119522 0.0199203 0.00398406 0.0438247 0.306773 
0.220966 0.00308325 0.0256937 0.0400822 0.00102775 0.568345 0.0606372 0.00102775 0.00102775 0.0174717 0.00102775 0.00102775 0.00102775 0.0544707 0.00308325 
0.454945 0.0021978 0.450549 0.0021978 0.00659341 0.00659341 0.010989 0.0021978 0.0021978 0.0153846 0.0021978 0.0153846 0.0153846 0.0021978 0.010989 
0.000212721 0.000638162 0.0231866 0.00404169 0.452882 0.0010636 0.511593 0.000638162 0.000638162 0.00319081 0.000638162 0.000212721 0.000638162 0.000212721 0.000212721 
0.0379747 0.0126582 0.341772 0.189873 0.0379747 0.0126582 0.0379747 0.0126582 0.0126582 0.0126582 0.0126582 0.0126582 0.0126582 0.0379747 0.21519 
0.0136986 0.0136986 0.150685 0.0136986 0.0136986 0.0684932 0.0958904 0.0410959 0.0410959 0.0684932 0.0684932 0.0684932 0.0136986 0.0410959 0.287671 
0.0169492 0.0169492 0.152542 0.423729 0.0169492 0.0169492 0.0169492 0.0169492 0.0169492 0.0169492 0.0169492 0.0508475 0.0169492 0.0169492 0.186441 
0.210323 0.0167742 0.00387097 0.52 0.00387097 0.00129032 0.101935 0.0141935 0.00645161 0.00903226 0.00387097 0.00387097 0.0167742 0.0580645 0.0296774 
0.00503432 0.00289855 0.0858886 0.00228833 0.00869565 0.181388 0.684516 0.001373 0.001373 0.00167811 0.000152555 0.00350877 0.00594966 0.0108314 0.0044241 
0.0117647 0.0588235 0.0117647 0.0117647 0.0352941 0.2 0.0352941 0.0117647 0.0117647 0.0823529 0.0117647 0.0117647 0.0117647 0.270588 0.223529 
0.0345865 0.0345865 0.130827 0.166917 0.0285714 0.0255639 0.401504 0.00150376 0.0165414 0.0466165 0.0075188 0.0706767 0.00150376 0.0195489 0.0135338 
0.171717 0.010101 0.0707071 0.151515 0.010101 0.010101 0.010101 0.010101 0.010101 0.0909091 0.010101 0.010101 0.0505051 0.030303 0.353535 
0.0592885 0.027668 0.0197628 0.549407 0.00395257 0.00395257 0.00395257 0.027668 0.00395257 0.00395257 0.00395257 0.0118577 0.0118577 0.264822 0.00395257 
0.0114943 0.0804598 0.103448 0.425287 0.0114943 0.0114943 0.0114943 0.0114943 0.0344828 0.0574713 0.0114943 0.0114943 0.0344828 0.0114943 0.172414 
0.0466989 0.00483092 0.00805153 0.491143 0.00161031 0.00161031 0.371981 0.00483092 0.00805153 0.0112721 0.00483092 0.00161031 0.00161031 0.00161031 0.0402576 
0.251799 0.00719424 0.352518 0.0215827 0.00719424 0.0215827 0.0503597 0.0215827 0.00719424 0.00719424 0.00719424 0.00719424 0.0359712 0.0503597 0.151079 
0.0674847 0.00613497 0.0674847 0.00204499 0.0470348 0.0143149 0.325153 0.00204499 0.0102249 0.0879346 0.0102249 0.0347648 0.00613497 0.108384 0.210634 
0.047619 0.015873 0.174603 0.015873 0.047619 0.174603 0.015873 0.015873 0.047619 0.047619 0.047619 0.015873 0.015873 0.015873 0.301587 
0.0107527 0.0107527 0.268817 0.0107527 0.0107527 0.0107527 0.11828 0.0107527 0.0107527 0.0107527 0.0107527 0.0107527 0.0322581 0.0107527 0.462366 
0.279751 0.00809969 0.45296 0.00186916 0.00560748 0.035514 0.204984 0.00311526 0.000623053 0.000623053 0.000623053 0.00186916 0.000623053 0.00186916 0.00186916 
0.0175439 0.0175439 0.122807 0.0175439 0.0175439 0.0175439 0.0877193 0.0175439 0.0175439 0.0175439 0.0175439 0.0175439 0.0526316 0.0175439 0.54386 
0.22975 0.000509424 0.38054 0.0198675 0.037188 0.00764137 0.303107 0.00152827 0.000509424 0.00356597 0.00356597 0.00560367 0.00152827 0.00458482 0.000509424 
0.0125841 0.000292654 0.00380451 0.0283875 0.0242903 0.00146327 0.576822 0.0032192 0.000877963 0.000292654 0.000292654 0.311092 0.00673105 0.0289728 0.000877963 
0.0153846 0.0769231 0.138462 0.0769231 0.0461538 0.0153846 0.0153846 0.0153846 0.169231 0.0153846 0.107692 0.0153846 0.0153846 0.0153846 0.261538 
0.0144928 0.0241546 0.00483092 0.00483092 0.00483092 0.120773 0.188406 0.0241546 0.130435 0.00483092 0.449275 0.00483092 0.00483092 0.00483092 0.0144928 
0.017341 0.017341 0.34104 0.0289017 0.00578035 0.017341 0.213873 0.00578035 0.017341 0.00578035 0.00578035 0.0289017 0.00578035 0.00578035 0.283237 
0.168142 0.150442 0.079646 0.132743 0.00884956 0.00884956 0.00884956 0.00884956 0.0265487 0.115044 0.00884956 0.00884956 0.00884956 0.0265487 0.238938 
0.0105263 0.0736842 0.0105263 0.0526316 0.0315789 0.0105263 0.0105263 0.0105263 0.242105 0.0105263 0.0105263 0.0105263 0.0526316 0.0315789 0.431579 
0.0171429 0.382857 0.00571429 0.00571429 0.0285714 0.00571429 0.188571 0.00571429 0.0514286 0.0171429 0.0285714 0.0171429 0.00571429 0.131429 0.108571 
0.116697 0.0197487 0.109515 0.005386 0.005386 0.00179533 0.267504 0.005386 0.0233393 0.0125673 0.00179533 0.00179533 0.00179533 0.425494 0.00179533 
0.0171429 0.0285714 0.00571429 0.234286 0.0514286 0.0171429 0.2 0.0857143 0.00571429 0.222857 0.00571429 0.00571429 0.04 0.0171429 0.0628571 
0.336609 0.0810811 0.336609 0.017199 0.00737101 0.002457 0.002457 0.002457 0.002457 0.00737101 0.00737101 0.041769 0.002457 0.012285 0.140049 
0.2 0.04 0.556364 0.00363636 0.00363636 0.00363636 0.0690909 0.00363636 0.00363636 0.0109091 0.00363636 0.0618182 0.0109091 0.0109091 0.0181818 
0.151515 0.010101 0.010101 0.010101 0.010101 0.010101 0.010101 0.0707071 0.010101 0.232323 0.0505051 0.010101 0.151515 0.151515 0.111111 
0.045045 0.00900901 0.003003 0.513514 0.027027 0.015015 0.201201 0.003003 0.015015 0.027027 0.003003 0.00900901 0.003003 0.0630631 0.0630631 
0.04 0.0133333 0.306667 0.0666667 0.04 0.04 0.0133333 0.04 0.0133333 0.0666667 0.0133333 0.0133333 0.0133333 0.146667 0.173333 
0.0959071 0.00794136 0.0445938 0.361026 0.000610874 0.000610874 0.200977 0.0641417 0.00305437 0.0299328 0.000610874 0.000610874 0.00549786 0.182651 0.00183262 
0.0246258 0.626268 0.00241429 0.000482859 0.00241429 0.000482859 0.329792 0.00144858 0.00820859 0.00144858 0.000482859 0.000482859 0.000482859 0.000482859 0.000482859 
0.012987 0.038961 0.012987 0.428571 0.038961 0.012987 0.012987 0.012987 0.012987 0.012987 0.038961 0.012987 0.012987 0.012987 0.324675 
0.0864198 0.037037 0.283951 0.0617284 0.0123457 0.037037 0.0123457 0.0123457 0.0123457 0.0123457 0.0617284 0.0123457 0.0617284 0.037037 0.259259 
0.0583658 0.0428016 0.214008 0.0116732 0.0194553 0.07393 0.120623 0.0194553 0.0428016 0.0583658 0.00389105 0.0972763 0.0194553 0.120623 0.0972763 
0.0508475 0.0169492 0.0847458 0.322034 0.0169492 0.0847458 0.0508475 0.0169492 0.0169492 0.0508475 0.0169492 0.0169492 0.0508475 0.0508475 0.152542 
0.171449 0.00069979 0.512946 0.00489853 0.00069979 0.0160952 0.191043 0.0538838 0.00069979 0.00629811 0.00349895 0.00769769 0.00349895 0.0244927 0.00209937 
0.0379747 0.0126582 0.0379747 0.21519 0.0379747 0.0632911 0.0379747 0.113924 0.0126582 0.0126582 0.0886076 0.0379747 0.0126582 0.0379747 0.240506 
0.378641 0.126214 0.126214 0.00970874 0.00970874 0.0485437 0.00970874 0.00970874 0.00970874 0.00970874 0.00970874 0.00970874 0.0291262 0.00970874 0.203883 
0.0169492 0.00338983 0.0372881 0.538983 0.00338983 0.00338983 0.118644 0.0779661 0.00338983 0.0779661 0.00338983 0.0101695 0.0237288 0.0101695 0.0711864 
0.00479489 0.0015983 0.0729888 0.491742 0.000532765 0.000532765 0.410762 0.0015983 0.000532765 0.0111881 0.000532765 0.000532765 0.000532765 0.000532765 0.0015983 
0.00140647 0.00421941 0.021097 0.372714 0.00140647 0.00140647 0.375527 0.0182841 0.00140647 0.00140647 0.00421941 0.0126582 0.00140647 0.158931 0.02391 
0.563636 0.00121212 0.0424242 0.0181818 0.00121212 0.00121212 0.214545 0.00121212 0.00121212 0.00606061 0.00121212 0.0109091 0.00121212 0.132121 0.00363636 
0.206963 0.00193424 0.0483559 0.640232 0.00193424 0.00193424 0.0212766 0.0212766 0.00580271 0.0135397 0.0135397 0.00580271 0.00580271 0.00967118 0.00193424 
0.015873 0.015873 0.428571 0.015873 0.015873 0.015873 0.015873 0.015873 0.015873 0.015873 0.015873 0.015873 0.047619 0.015873 0.333333 
0.0719603 0.0173697 0.00248139 0.563275 0.00248139 0.00248139 0.245658 0.00744417 0.00248139 0.0124069 0.0124069 0.00248139 0.00248139 0.00744417 0.0471464 
0.000362538 0.00592145 0.0044713 0.000120846 0.287492 0.000362538 0.624411 0.000362538 0.000362538 0.000120846 0.0143807 0.00858006 0.0194562 0.0334743 0.000120846 
0.0285714 0.00952381 0.219048 0.142857 0.00952381 0.00952381 0.00952381 0.0666667 0.00952381 0.0285714 0.00952381 0.047619 0.0285714 0.0666667 0.314286 
0.0637363 0.010989 0.112088 0.217582 0.0021978 0.032967 0.301099 0.010989 0.00659341 0.0021978 0.0021978 0.156044 0.00659341 0.00659341 0.0681319 
0.0208668 0.0144462 0.101124 0.00160514 0.011236 0.00160514 0.479936 0.0176565 0.00481541 0.00160514 0.00481541 0.00160514 0.00160514 0.309791 0.0272873 
0.157895 0.0105263 0.0105263 0.0105263 0.221053 0.0105263 0.0315789 0.0315789 0.0315789 0.0105263 0.0736842 0.0105263 0.0315789 0.115789 0.242105 
0.00040016 0.00040016 0.334934 0.00040016 0.0644258 0.00040016 0.530212 0.00280112 0.00120048 0.0020008 0.00120048 0.00040016 0.0172069 0.0436174 0.00040016 
0.186441 0.0169492 0.0169492 0.0169492 0.0169492 0.0169492 0.0169492 0.0169492 0.0508475 0.0169492 0.0169492 0.0169492 0.0169492 0.0847458 0.491525 
0.00429185 0.440834 0.0447578 0.0141018 0.00429185 0.00797057 0.128142 0.22992 0.020233 0.00674433 0.00183936 0.000613121 0.015328 0.0668302 0.0141018 
0.178082 0.0136986 0.0410959 0.0410959 0.0136986 0.0684932 0.0410959 0.0410959 0.0410959 0.0684932 0.0136986 0.0136986 0.0410959 0.0136986 0.369863 
0.0268041 0.0185567 0.0515464 0.00206186 0.138144 0.0804124 0.430928 0.00618557 0.00206186 0.00206186 0.00206186 0.00206186 0.0103093 0.2 0.0268041 
0.345502 0.00130378 0.011734 0.0925684 0.0065189 0.0325945 0.202086 0.0065189 0.00130378 0.0195567 0.00130378 0.215124 0.00130378 0.00130378 0.0612777 
0.180328 0.00546448 0.114754 0.333333 0.0163934 0.00546448 0.00546448 0.191257 0.00546448 0.0382514 0.00546448 0.00546448 0.0163934 0.00546448 0.0710383 
0.020979 0.00699301 0.00699301 0.00699301 0.020979 0.118881 0.552448 0.00699301 0.00699301 0.00699301 0.00699301 0.00699301 0.020979 0.00699301 0.202797 
0.00719424 0.00143885 0.519424 0.0100719 0.00719424 0.00143885 0.364029 0.00431655 0.00143885 0.00719424 0.00719424 0.00143885 0.0100719 0.0561151 0.00143885 
0.136778 0.00303951 0.422492 0.0273556 0.0273556 0.0516717 0.227964 0.00911854 0.0151976 0.00303951 0.00303951 0.00303951 0.00303951 0.00303951 0.0638298 
0.223881 0.0149254 0.0149254 0.164179 0.0149254 0.0149254 0.0149254 0.104478 0.0149254 0.0149254 0.0149254 0.104478 0.0447761 0.0149254 0.223881 
0.271889 0.00460829 0.428571 0.00460829 0.0691244 0.0138249 0.0322581 0.00460829 0.00460829 0.00460829 0.00460829 0.00460829 0.0138249 0.00460829 0.133641 
0.0457516 0.0980392 0.00653595 0.0326797 0.0588235 0.00653595 0.0196078 0.00653595 0.00653595 0.00653595 0.0196078 0.00653595 0.00653595 0.411765 0.267974 
0.190682 0.00258844 0.42019 0.000862813 0.078516 0.000862813 0.290768 0.00258844 0.000862813 0.000862813 0.00258844 0.00431406 0.000862813 0.000862813 0.00258844 
0.138211 0.00813008 0.138211 0.0731707 0.138211 0.00813008 0.0243902 0.0406504 0.0243902 0.0406504 0.00813008 0.00813008 0.0406504 0.0731707 0.235772 
0.00557654 0.0293218 0.017809 0.0235654 0.0278827 0.00917431 0.59633 0.00449721 0.00125922 0.000539665 0.000179888 0.00377766 0.27469 0.0030581 0.00233855 
0.108731 0.00267809 0.00374933 0.0283878 0.00910552 0.457954 0.362614 0.000535619 0.000535619 0.00267809 0.000535619 0.000535619 0.00267809 0.0176754 0.00160686 
0.409038 0.00347625 0.469293 0.00347625 0.00347625 0.00115875 0.0475087 0.0150637 0.00811124 0.00115875 0.00115875 0.00347625 0.00347625 0.0150637 0.0150637 
0.0168224 0.011838 0.0130841 0.00809969 0.0417445 0.292212 0.416822 0.00186916 0.00311526 0.0218069 0.00186916 0.000623053 0.0255452 0.11028 0.0342679 
0.243523 0.000575705 0.348302 0.0247553 0.0201497 0.0143926 0.147956 0.000575705 0.0143926 0.00402994 0.00287853 0.00518135 0.00748417 0.165227 0.000575705 
0.0314537 0.0025503 0.0308869 0.0495891 0.0643242 0.248512 0.48994 0.000283366 0.000283366 0.000283366 0.0025503 0.0110513 0.0393879 0.02862 0.000283366 
0.00571429 0.0971429 0.0171429 0.00571429 0.0171429 0.0285714 0.0171429 0.00571429 0.00571429 0.00571429 0.0285714 0.00571429 0.04 0.44 0.28 
0.198028 0.000821693 0.00246508 0.48562 0.00246508 0.000821693 0.15037 0.0156122 0.00246508 0.00903862 0.00575185 0.00575185 0.000821693 0.119145 0.000821693 
0.00529101 0.000481 0.037037 0.427609 0.002405 0.000481 0.456469 0.011063 0.000481 0.001443 0.004329 0.002405 0.002405 0.047619 0.000481 
0.0520231 0.236994 0.0635838 0.283237 0.017341 0.00578035 0.0404624 0.00578035 0.00578035 0.00578035 0.017341 0.0635838 0.0520231 0.0289017 0.121387 
0.0757946 0.0171149 0.0513447 0.0757946 0.00244499 0.0366748 0.515892 0.0220049 0.0513447 0.0855746 0.0317848 0.00733496 0.00244499 0.0220049 0.00244499 
0.00468252 0.0200412 0.25679 0.0132984 0.000936505 0.000187301 0.614535 0.0331523 0.00206031 0.0331523 0.000187301 0.000187301 0.000187301 0.0189174 0.00168571 
0.337263 0.000654879 0.0111329 0.000654879 0.000654879 0.00196464 0.0347086 0.0203012 0.000654879 0.000654879 0.00196464 0.000654879 0.0111329 0.576948 0.000654879 
0.317937 0.00230947 0.0269438 0.0146266 0.0423403 0.0469592 0.267129 0.00230947 0.00384911 0.00230947 0.0100077 0.00692841 0.000769823 0.00230947 0.253272 
0.0910079 0.0116816 0.00244499 0.222494 0.0133116 0.000814996 0.524586 0.0176582 0.0236349 0.000271665 0.000271665 0.0426515 0.0192882 0.0198316 0.0100516 
0.175528 0.010925 0.00364166 0.000728332 0.469774 0.000728332 0.213401 0.000728332 0.000728332 0.000728332 0.002185 0.00364166 0.000728332 0.107065 0.00946832 
0.00529101 0.00529101 0.037037 0.386243 0.00529101 0.00529101 0.132275 0.026455 0.00529101 0.0793651 0.026455 0.00529101 0.037037 0.0687831 0.174603 
0.271967 0.0041841 0.230126 0.0627615 0.0209205 0.0209205 0.179916 0.0125523 0.0125523 0.0041841 0.0041841 0.0376569 0.0041841 0.0041841 0.129707 
0.150183 0.003663 0.018315 0.67033 0.003663 0.003663 0.018315 0.025641 0.003663 0.003663 0.003663 0.003663 0.003663 0.003663 0.0842491 
0.148248 0.0134771 0.0350404 0.304582 0.0134771 0.0458221 0.16442 0.0134771 0.0781671 0.00808625 0.110512 0.0404313 0.0134771 0.00269542 0.00808625 
0.160747 0.000602047 0.000602047 0.377483 0.0800722 0.000602047 0.263095 0.0102348 0.000602047 0.0102348 0.00301023 0.000602047 0.00301023 0.0535822 0.0355208 
0.000232937 0.00768693 0.000232937 0.0538085 0.258328 0.000698812 0.60028 0.00163056 0.00442581 0.0179362 0.0244584 0.00209644 0.0253902 0.00256231 0.000232937 
0.000116509 0.000116509 0.000349528 0.000349528 0.00198066 0.000349528 0.507165 0.000349528 0.000116509 0.000116509 0.000116509 0.488058 0.000582547 0.000116509 0.000116509 
0.021611 0.00196464 0.021611 0.559921 0.00196464 0.00196464 0.151277 0.127701 0.00589391 0.00196464 0.00196464 0.00196464 0.0451866 0.0451866 0.00982318 
0.0769231 0.010989 0.296703 0.0549451 0.010989 0.010989 0.010989 0.010989 0.010989 0.0989011 0.010989 0.010989 0.032967 0.0989011 0.252747 
0.012987 0.038961 0.0649351 0.142857 0.038961 0.012987 0.012987 0.0649351 0.012987 0.038961 0.038961 0.012987 0.012987 0.038961 0.454545 
0.0285714 0.12381 0.047619 0.0666667 0.00952381 0.00952381 0.0285714 0.0285714 0.00952381 0.00952381 0.0285714 0.0666667 0.00952381 0.333333 0.2 
0.0461062 0.000387447 0.0120108 0.00193723 0.0802015 0.000387447 0.486246 0.00116234 0.000387447 0.0058117 0.000387447 0.0213096 0.00503681 0.146067 0.192561 
0.00625399 0.000127632 0.0363752 0.0151883 0.0889598 0.0121251 0.570134 0.00114869 0.000382897 0.235737 0.000638162 0.0144225 0.00114869 0.0172304 0.000127632 
0.362057 0.0493398 0.00208478 0.000694927 0.437109 0.00208478 0.114663 0.000694927 0.00625434 0.000694927 0.00208478 0.00347464 0.000694927 0.0173732 0.000694927 
0.00105597 0.609293 0.0031679 0.00105597 0.00105597 0.00527983 0.368532 0.00105597 0.00105597 0.00105597 0.00105597 0.00105597 0.00105597 0.0031679 0.00105597 
0.000210926 0.00147648 0.0343809 0.244885 0.0318498 0.00442945 0.616115 0.000210926 0.0048513 0.00105463 0.00316389 0.000210926 0.00105463 0.0525206 0.00358574 
0.317919 0.017341 0.32948 0.017341 0.0404624 0.00578035 0.00578035 0.0404624 0.0289017 0.00578035 0.00578035 0.0520231 0.0289017 0.00578035 0.0982659 
0.208191 0.365188 0.000487567 0.0043881 0.00536324 0.000487567 0.318381 0.0160897 0.0043881 0.0131643 0.00926377 0.0014627 0.0014627 0.0482691 0.00341297 
0.0461538 0.0461538 0.138462 0.0153846 0.0153846 0.0461538 0.0769231 0.0153846 0.0153846 0.0153846 0.0153846 0.0153846 0.0153846 0.169231 0.353846 
0.302564 0.00512821 0.374359 0.0153846 0.0358974 0.0769231 0.00512821 0.025641 0.0153846 0.00512821 0.0153846 0.00512821 0.00512821 0.025641 0.0871795 
0.00540541 0.0378378 0.156757 0.308108 0.027027 0.0162162 0.0918919 0.00540541 0.00540541 0.0162162 0.027027 0.0378378 0.00540541 0.00540541 0.254054 
0.122807 0.00584795 0.204678 0.403509 0.00584795 0.0175439 0.00584795 0.0175439 0.00584795 0.00584795 0.00584795 0.00584795 0.00584795 0.00584795 0.181287 
0.10303 0.00606061 0.0424242 0.345455 0.0181818 0.00606061 0.0181818 0.030303 0.0424242 0.0545455 0.00606061 0.00606061 0.00606061 0.00606061 0.309091 
0.030303 0.010101 0.0505051 0.232323 0.0505051 0.0707071 0.010101 0.010101 0.0505051 0.010101 0.030303 0.010101 0.010101 0.0505051 0.373737 
0.027957 0.00215054 0.367742 0.0666667 0.00215054 0.0967742 0.16129 0.00645161 0.00645161 0.027957 0.00215054 0.00215054 0.00645161 0.174194 0.0494624 
0.0189202 0.00507614 0.0466082 0.0106138 0.0309183 0.148131 0.574527 0.0475311 0.00415321 0.0189202 0.00230734 0.00415321 0.000461467 0.0872174 0.000461467 
0.0742909 0.00135074 0.362449 0.0157587 0.000450248 0.00405223 0.463305 0.00135074 0.000450248 0.000450248 0.000450248 0.000450248 0.0139577 0.0607834 0.000450248 
0.293827 0.0139918 0.00411523 0.00740741 0.00576132 0.394239 0.20823 0.00411523 0.00246914 0.017284 0.000823045 0.000823045 0.000823045 0.037037 0.0090535 
0.113788 0.00133869 0.0281124 0.700134 0.0174029 0.00133869 0.0763052 0.0281124 0.0120482 0.00669344 0.00133869 0.00133869 0.00401606 0.00401606 0.00401606 
0.0136986 0.000805802 0.0846092 0.340854 0.000805802 0.000805802 0.542305 0.00564061 0.000805802 0.000805802 0.00241741 0.000805802 0.000805802 0.00241741 0.00241741 
0.171286 0.00499773 0.0149932 0.0658791 0.000454339 0.00499773 0.0595184 0.555657 0.00954112 0.00318037 0.0286234 0.00499773 0.00227169 0.0731486 0.000454339 
0.0782609 0.194203 0.0956522 0.298551 0.00869565 0.00289855 0.136232 0.0492754 0.00289855 0.0376812 0.00289855 0.00289855 0.00869565 0.00289855 0.0782609 
0.203501 0.0109409 0.31291 0.00218818 0.00218818 0.00218818 0.0415755 0.0109409 0.00218818 0.0284464 0.00218818 0.00218818 0.00218818 0.321663 0.0547046 
0.137845 0.00250627 0.0075188 0.448622 0.0125313 0.00250627 0.253133 0.00250627 0.0075188 0.0075188 0.00250627 0.0526316 0.00250627 0.0075188 0.0526316 
0.140699 0.0179415 0.000944287 0.00283286 0.00283286 0.197356 0.480642 0.0273843 0.00472144 0.0387158 0.00849858 0.00283286 0.00283286 0.0462701 0.0254958 
0.00169779 0.0152801 0.00169779 0.00169779 0.00169779 0.00848896 0.382003 0.00169779 0.47708 0.0186757 0.00509338 0.00509338 0.00169779 0.00169779 0.0764007 
0.0264944 0.00503613 0.00109481 0.0238669 0.37771 0.00372236 0.532735 0.00591198 0.0045982 0.000656886 0.0045982 0.00284651 0.00153273 0.00853952 0.000656886 
0.271318 0.178295 0.0232558 0.0852713 0.0232558 0.00775194 0.00775194 0.0232558 0.00775194 0.00775194 0.00775194 0.0232558 0.00775194 0.00775194 0.317829 
0.278377 0.022194 0.000634115 0.000634115 0.00190235 0.000634115 0.0285352 0.01078 0.000634115 0.0298034 0.00190235 0.000634115 0.000634115 0.622067 0.000634115 
0.0157099 0.0101307 0.000146821 0.00396418 0.28175 0.000146821 0.638526 0.000734107 0.000440464 0.00778153 0.000146821 0.0165908 0.000440464 0.0212891 0.00220232 
0.149606 0.222869 0.00650462 0.228346 0.00102705 0.00513523 0.110579 0.149606 0.00171174 0.000342349 0.000342349 0.00171174 0.0448477 0.0770284 0.000342349 
0.0891089 0.000761615 0.291698 0.0053313 0.0312262 0.128713 0.424219 0.000761615 0.000761615 0.000761615 0.000761615 0.000761615 0.000761615 0.0236101 0.000761615 
0.0477569 0.00144718 0.0130246 0.227207 0.0332851 0.00144718 0.560058 0.00144718 0.00144718 0.015919 0.00144718 0.0101302 0.00723589 0.065123 0.0130246 
0.219015 0.0186757 0.0118846 0.449915 0.00169779 0.00169779 0.195246 0.0118846 0.0254669 0.00169779 0.00169779 0.00169779 0.0186757 0.00509338 0.0356537 
0.132314 0.000527148 0.000527148 0.260938 0.000527148 0.000527148 0.385345 0.00263574 0.00158144 0.0680021 0.000527148 0.00369004 0.00158144 0.0806537 0.060622 
0.113772 0.0658683 0.305389 0.0419162 0.00598802 0.0419162 0.00598802 0.0299401 0.00598802 0.0299401 0.0179641 0.00598802 0.00598802 0.209581 0.113772 
0.0469799 0.00671141 0.275168 0.248322 0.0469799 0.00671141 0.00671141 0.033557 0.00671141 0.0201342 0.00671141 0.033557 0.00671141 0.100671 0.154362 
0.0874804 0.000523834 0.00366684 0.000523834 0.000523834 0.0015715 0.482452 0.0193819 0.091671 0.0015715 0.0015715 0.0015715 0.000523834 0.295966 0.0110005 
0.128358 0.000995025 0.000995025 0.0149254 0.000995025 0.000995025 0.18408 0.000995025 0.0268657 0.078607 0.000995025 0.000995025 0.0248756 0.532338 0.00298507 
0.0730051 0.00169779 0.00169779 0.578947 0.0186757 0.00169779 0.283531 0.00169779 0.00169779 0.00169779 0.00169779 0.00169779 0.00169779 0.00169779 0.0288625 
0.000949668 0.00246914 0.000189934 0.00322887 0.504274 0.000189934 0.475404 0.000569801 0.000189934 0.000569801 0.00132953 0.000189934 0.000569801 0.00930674 0.000569801 
0.0925756 0.00641613 0.48121 0.0174152 0.0100825 0.0119157 0.263061 0.00091659 0.00274977 0.00091659 0.00824931 0.00091659 0.00824931 0.0944088 0.00091659 
0.0605886 0.00403924 0.00288517 0.000577034 0.0259665 0.000577034 0.0767455 0.648009 0.134449 0.0017311 0.000577034 0.00865551 0.00519331 0.00403924 0.0259665 
0.836225 0.000693963 0.000693963 0.000693963 0.000693963 0.000693963 0.0867453 0.00208189 0.00346981 0.0131853 0.0381679 0.00624566 0.000693963 0.000693963 0.00902151 
0.0566038 0.0524109 0.0943396 0.00209644 0.0146751 0.0188679 0.417191 0.00628931 0.00628931 0.0146751 0.00209644 0.0188679 0.21174 0.00209644 0.081761 
0.0163934 0.0819672 0.0163934 0.0491803 0.0819672 0.0163934 0.0163934 0.0163934 0.114754 0.0163934 0.0491803 0.0163934 0.278689 0.0163934 0.213115 
0.107123 0.00841279 0.000560852 0.0241167 0.47392 0.000560852 0.302299 0.0465508 0.0106562 0.00168256 0.000560852 0.0106562 0.00616938 0.00168256 0.00504767 
0.157712 0.476603 0.0144425 0.000577701 0.000577701 0.000577701 0.268631 0.0167533 0.00404391 0.000577701 0.0028885 0.00751011 0.0294627 0.0167533 0.0028885 
0.0232558 0.116279 0.0232558 0.0232558 0.0232558 0.116279 0.0232558 0.0232558 0.162791 0.0232558 0.0697674 0.0232558 0.0232558 0.0232558 0.302326 
0.2 0.0153846 0.0153846 0.0153846 0.0153846 0.0153846 0.0153846 0.0153846 0.107692 0.0461538 0.0153846 0.0769231 0.0153846 0.0153846 0.415385 
0.037037 0.0123457 0.0123457 0.0123457 0.0123457 0.0123457 0.0123457 0.0123457 0.0123457 0.0123457 0.111111 0.0123457 0.0123457 0.0123457 0.703704 
0.00187617 0.711069 0.00187617 0.00187617 0.00187617 0.00562852 0.20075 0.00938086 0.00938086 0.00562852 0.00187617 0.0131332 0.00562852 0.00938086 0.0206379 
0.0350584 0.000556483 0.00946021 0.000556483 0.000556483 0.00500835 0.478019 0.000556483 0.316639 0.000556483 0.00612131 0.0417362 0.08069 0.015025 0.00946021 
0.0153846 0.0153846 0.0153846 0.0153846 0.415385 0.0153846 0.0461538 0.0153846 0.0153846 0.0153846 0.0461538 0.0153846 0.0153846 0.0153846 0.323077 
0.000427168 0.000427168 0.00811619 0.0106792 0.104656 0.000427168 0.306279 0.17642 0.000427168 0.00640752 0.314823 0.000427168 0.0414353 0.0277659 0.0012815 
0.0561798 0.011236 0.0786517 0.0337079 0.0337079 0.0786517 0.101124 0.011236 0.011236 0.0561798 0.101124 0.0561798 0.0337079 0.011236 0.325843 
0.00993677 0.00813008 0.000903342 0.0117435 0.114724 0.447154 0.320687 0.000903342 0.00271003 0.0063234 0.0569106 0.00451671 0.000903342 0.00451671 0.00993677 
0.163636 0.0545455 0.0181818 0.0181818 0.0181818 0.0181818 0.0181818 0.0181818 0.0909091 0.0545455 0.0181818 0.0181818 0.0909091 0.0181818 0.381818 
0.0804598 0.103448 0.0344828 0.0114943 0.0114943 0.0804598 0.0114943 0.0114943 0.0114943 0.0574713 0.0114943 0.0114943 0.0114943 0.0114943 0.54023 
0.228715 0.00500835 0.0116861 0.00834725 0.00166945 0.00834725 0.0918197 0.00166945 0.552588 0.00166945 0.048414 0.00166945 0.00166945 0.00166945 0.0350584 
0.194937 0.00253165 0.00253165 0.00253165 0.0177215 0.0177215 0.15443 0.0531646 0.473418 0.00253165 0.00253165 0.0126582 0.0126582 0.00759494 0.043038 
0.258427 0.0561798 0.011236 0.011236 0.011236 0.0337079 0.011236 0.011236 0.101124 0.0337079 0.011236 0.0337079 0.011236 0.011236 0.393258 
0.375356 0.00158378 0.000316756 0.000316756 0.000316756 0.000316756 0.000950269 0.00158378 0.615458 0.000316756 0.000316756 0.000316756 0.000316756 0.000316756 0.00221729 
0.213675 0.042735 0.00854701 0.00854701 0.00854701 0.00854701 0.00854701 0.00854701 0.316239 0.042735 0.00854701 0.00854701 0.025641 0.025641 0.264957 
0.278622 0.0759878 0.323202 0.0070922 0.00101317 0.00303951 0.0273556 0.0131712 0.14691 0.00101317 0.0962513 0.00101317 0.00303951 0.00506586 0.0172239 
0.0114943 0.0344828 0.103448 0.0114943 0.0344828 0.0344828 0.0114943 0.0344828 0.103448 0.0344828 0.195402 0.0114943 0.0114943 0.0114943 0.356322 
0.0943396 0.0144284 0.00332963 0.0210877 0.00110988 0.00110988 0.100999 0.00776915 0.713651 0.00110988 0.0144284 0.00110988 0.00332963 0.0210877 0.00110988 
0.238161 0.000686342 0.000686342 0.000686342 0.000686342 0.00205903 0.000686342 0.299931 0.0130405 0.00205903 0.4372 0.00205903 0.000686342 0.000686342 0.000686342 
0.140496 0.00826446 0.0413223 0.0247934 0.0743802 0.0578512 0.00826446 0.00826446 0.0247934 0.00826446 0.00826446 0.00826446 0.0578512 0.00826446 0.520661 
0.114754 0.147541 0.0163934 0.0163934 0.0163934 0.0163934 0.0163934 0.0819672 0.0163934 0.0163934 0.0163934 0.0163934 0.0163934 0.213115 0.278689 
0.0126582 0.0886076 0.0126582 0.113924 0.0126582 0.0379747 0.0379747 0.0379747 0.0632911 0.0126582 0.0379747 0.0126582 0.0632911 0.0126582 0.443038 
0.168539 0.011236 0.011236 0.213483 0.0337079 0.011236 0.011236 0.0337079 0.011236 0.011236 0.0786517 0.0337079 0.011236 0.011236 0.348315 
0.0526316 0.0526316 0.0175439 0.0175439 0.0175439 0.0175439 0.0175439 0.0526316 0.0877193 0.0877193 0.0877193 0.0175439 0.0175439 0.0175439 0.438596 
0.0398992 0.00545989 0.00125997 0.000419992 0.00209996 0.00209996 0.391012 0.000419992 0.00125997 0.00545989 0.544729 0.000419992 0.000419992 0.00293994 0.00209996 
0.0697674 0.0232558 0.0697674 0.0232558 0.0232558 0.0697674 0.0232558 0.0697674 0.0697674 0.0232558 0.209302 0.0232558 0.0232558 0.0697674 0.209302 
0.0140845 0.0140845 0.0140845 0.0140845 0.239437 0.267606 0.0140845 0.0140845 0.0422535 0.0140845 0.0422535 0.0140845 0.0422535 0.0140845 0.239437 
0.00598802 0.00598802 0.00598802 0.00598802 0.0179641 0.00598802 0.269461 0.00598802 0.0179641 0.00598802 0.0538922 0.00598802 0.0419162 0.0538922 0.497006 
0.0149254 0.134328 0.0746269 0.0149254 0.0149254 0.0149254 0.0149254 0.0149254 0.19403 0.0447761 0.0149254 0.0149254 0.0447761 0.0149254 0.373134 
0.0126582 0.0886076 0.0126582 0.0126582 0.0126582 0.0379747 0.139241 0.0126582 0.0886076 0.0126582 0.0379747 0.0632911 0.0126582 0.0126582 0.443038 
0.000908816 0.000302939 0.00151469 0.000302939 0.000302939 0.00151469 0.493487 0.000908816 0.000302939 0.00151469 0.000908816 0.000302939 0.496516 0.000302939 0.000908816 
0.0115404 0.00752634 0.00250878 0.059709 0.0306071 0.000501756 0.319619 0.0587055 0.0115404 0.00250878 0.00551932 0.00150527 0.427998 0.0566984 0.00351229 
0.0632911 0.0126582 0.0126582 0.265823 0.0126582 0.0126582 0.0126582 0.0126582 0.0126582 0.0379747 0.0126582 0.0126582 0.0379747 0.0126582 0.468354 
0.037037 0.0617284 0.0123457 0.0123457 0.0123457 0.0123457 0.0123457 0.0864198 0.0123457 0.0123457 0.037037 0.0864198 0.0123457 0.0123457 0.580247 
0.409897 0.000933707 0.0214753 0.00840336 0.000933707 0.00653595 0.135387 0.0289449 0.35014 0.000933707 0.00653595 0.000933707 0.0140056 0.00653595 0.00840336 
0.110993 0.000531067 0.0440786 0.0196495 0.0855019 0.00265534 0.471057 0.000531067 0.000531067 0.0015932 0.190653 0.0100903 0.0451407 0.0015932 0.015401 
0.143911 0.00369004 0.00369004 0.0110701 0.00369004 0.00369004 0.114391 0.0479705 0.00369004 0.00369004 0.00369004 0.00369004 0.0184502 0.00369004 0.630996 
0.165315 0.00561447 0.00187149 0.00187149 0.00062383 0.00187149 0.396132 0.033063 0.265128 0.00062383 0.0106051 0.00062383 0.112913 0.00187149 0.00187149 
0.012987 0.012987 0.012987 0.012987 0.012987 0.012987 0.0649351 0.012987 0.012987 0.142857 0.220779 0.012987 0.012987 0.012987 0.428571 
0.0163934 0.0491803 0.0163934 0.0163934 0.0163934 0.0163934 0.0491803 0.0163934 0.0819672 0.0491803 0.114754 0.0163934 0.114754 0.0163934 0.409836 
0.111111 0.0222222 0.0222222 0.0222222 0.0222222 0.0222222 0.111111 0.0222222 0.0222222 0.0666667 0.0222222 0.0222222 0.0666667 0.0222222 0.422222 
0.04 0.12 0.0133333 0.0133333 0.0133333 0.0666667 0.04 0.04 0.0133333 0.146667 0.0133333 0.04 0.04 0.0133333 0.386667 
0.193247 0.000444247 0.00133274 0.000444247 0.394936 0.000444247 0.38072 0.00844069 0.00133274 0.000444247 0.0155486 0.000444247 0.00133274 0.000444247 0.000444247 
0.000120265 0.000601323 0.000360794 0.000120265 0.000120265 0.000841852 0.565364 0.00156344 0.000360794 0.0020445 0.425857 0.000120265 0.00156344 0.000120265 0.000841852 
0.0111524 0.00371747 0.00371747 0.0260223 0.0260223 0.00371747 0.0111524 0.063197 0.0334572 0.144981 0.464684 0.0929368 0.0111524 0.070632 0.0334572 
0.2211 0.104377 0.169473 0.00112233 0.00112233 0.00112233 0.00112233 0.236813 0.0527497 0.0460157 0.00112233 0.00561167 0.135802 0.016835 0.00561167 
0.101317 0.00057241 0.00400687 0.00057241 0.00057241 0.0143102 0.419576 0.00057241 0.00057241 0.00171723 0.00629651 0.00515169 0.440183 0.00171723 0.00286205 
0.0814815 0.037037 0.0222222 0.0222222 0.00740741 0.0666667 0.0222222 0.00740741 0.037037 0.0222222 0.00740741 0.0222222 0.0222222 0.0222222 0.6 
0.020658 0.000765111 0.0635042 0.000765111 0.138485 0.00994644 0.195103 0.00535578 0.000765111 0.00382555 0.00535578 0.00229533 0.3772 0.149197 0.0267789 
0.000524384 0.00262192 0.00157315 0.00681699 0.000524384 0.000524384 0.411641 0.00157315 0.000524384 0.00157315 0.0424751 0.502884 0.0225485 0.00262192 0.00157315 
0.0677165 0.184252 0.00472441 0.0141732 0.0173228 0.0015748 0.285039 0.0110236 0.0173228 0.0614173 0.152756 0.111811 0.00472441 0.0173228 0.0488189 
0.0352941 0.2 0.0117647 0.0117647 0.0352941 0.0117647 0.0588235 0.0117647 0.0117647 0.0588235 0.0117647 0.0117647 0.0117647 0.0117647 0.505882 
0.0124138 0.00413793 0.00965517 0.00137931 0.00413793 0.00137931 0.266207 0.00965517 0.646897 0.00137931 0.00413793 0.00137931 0.00137931 0.00965517 0.0262069 
0.00043802 0.0065703 0.00043802 0.00043802 0.00306614 0.00919842 0.283399 0.00043802 0.682873 0.00043802 0.00131406 0.00131406 0.00306614 0.00394218 0.00306614 
0.027027 0.00900901 0.027027 0.00900901 0.0630631 0.027027 0.00900901 0.027027 0.477477 0.027027 0.00900901 0.0990991 0.045045 0.0630631 0.0810811 
0.0140845 0.0140845 0.0140845 0.0140845 0.0140845 0.239437 0.0140845 0.0140845 0.0704225 0.0140845 0.0704225 0.0140845 0.0140845 0.0422535 0.43662 
0.00144718 0.000482393 0.000482393 0.000482393 0.000482393 0.623734 0.362277 0.00337675 0.000482393 0.000482393 0.00241196 0.000482393 0.00241196 0.000482393 0.000482393 
0.270131 0.0593258 0.000441631 0.589578 0.000736052 0.000441631 0.041955 0.0331223 0.00191373 0.00014721 0.000736052 0.000736052 0.00014721 0.000441631 0.00014721 
0.0163934 0.0819672 0.0163934 0.0163934 0.0163934 0.147541 0.0819672 0.0163934 0.0819672 0.0163934 0.0163934 0.0163934 0.0819672 0.0491803 0.344262 
0.000487567 0.578742 0.0014627 0.00243784 0.000487567 0.00341297 0.401268 0.000487567 0.00243784 0.000487567 0.00536324 0.000487567 0.0014627 0.000487567 0.000487567 
