0.004065 0.004065 0.004065 0.004065 0.004065 0.004065 0.012195 0.939024 0.004065 0.020325 
0.002809 0.002809 0.002809 0.002809 0.002809 0.002809 0.002809 0.963483 0.014045 0.002809 
0.002242 0.002242 0.002242 0.002242 0.002242 0.002242 0.002242 0.966368 0.011211 0.006726 
0.004792 0.004792 0.001597 0.007987 0.001597 0.036741 0.001597 0.937700 0.001597 0.001597 
0.000430 0.000430 0.001291 0.001291 0.000430 0.621773 0.000430 0.368761 0.003012 0.002151 
0.000220 0.000659 0.000220 0.000220 0.000220 0.787566 0.000659 0.208919 0.000659 0.000659 
0.000184 0.000184 0.000184 0.000184 0.000184 0.810408 0.000184 0.187753 0.000552 0.000184 
0.000459 0.000153 0.000153 0.000153 0.000153 0.831651 0.000765 0.166208 0.000153 0.000153 
0.000454 0.000151 0.000151 0.000151 0.000454 0.825620 0.000151 0.172263 0.000454 0.000151 
0.000148 0.004299 0.000445 0.000148 0.000148 0.831159 0.000445 0.162318 0.000445 0.000445 
0.000108 0.187527 0.000108 0.000324 0.000108 0.692931 0.000108 0.117704 0.000540 0.000540 
0.000318 0.197050 0.000106 0.000106 0.000318 0.689622 0.000106 0.111948 0.000106 0.000318 
0.000103 0.211654 0.000103 0.000517 0.000103 0.680708 0.000103 0.106086 0.000310 0.000310 
0.002472 0.300348 0.000092 0.000092 0.000092 0.597858 0.000092 0.096576 0.002105 0.000275 
0.129309 0.317649 0.000067 0.000067 0.000200 0.478437 0.000067 0.073273 0.000865 0.000067 
0.235246 0.310534 0.000163 0.000054 0.000271 0.393957 0.000380 0.058852 0.000488 0.000054 
0.238911 0.318924 0.000054 0.000054 0.000161 0.386371 0.000054 0.054505 0.000913 0.000054 
0.236264 0.316067 0.000053 0.000053 0.000160 0.392991 0.000053 0.053505 0.000693 0.000160 
0.241385 0.323360 0.000052 0.000261 0.000052 0.382362 0.000157 0.051848 0.000261 0.000261 
0.191466 0.263533 0.000040 0.000282 0.000040 0.291040 0.158570 0.038486 0.056422 0.000121 
0.182962 0.258051 0.000039 0.000426 0.000039 0.281506 0.174369 0.038977 0.063516 0.000116 
0.183654 0.248674 0.000038 0.000038 0.000038 0.277849 0.175091 0.038307 0.076273 0.000038 
0.152518 0.218156 0.000098 0.000163 0.000033 0.226093 0.166244 0.030543 0.109778 0.096377 
0.154404 0.206187 0.000033 0.000033 0.000033 0.222840 0.168260 0.032299 0.120251 0.095661 
0.149093 0.200858 0.000093 0.000031 0.000031 0.211470 0.155078 0.029337 0.138481 0.115529 
0.142153 0.184801 0.000030 0.000089 0.018932 0.199687 0.155621 0.028797 0.155148 0.114744 
0.124960 0.172816 0.000026 0.000026 0.069111 0.181869 0.137189 0.024484 0.182398 0.107120 
0.119669 0.176637 0.000132 0.000026 0.069254 0.178222 0.133620 0.022909 0.189478 0.110051 
0.119714 0.174877 0.000025 0.000229 0.082769 0.172281 0.130604 0.024146 0.194316 0.101038 
0.117139 0.169241 0.000025 0.000127 0.088380 0.176025 0.130709 0.022709 0.196025 0.099620 
0.119160 0.171188 0.000025 0.000174 0.088359 0.165584 0.125260 0.022741 0.205312 0.102197 
0.107383 0.157650 0.000023 0.032475 0.083209 0.164056 0.116314 0.020457 0.221196 0.097237 
0.103857 0.157333 0.000023 0.053453 0.075900 0.153765 0.117813 0.023012 0.220835 0.094011 
0.104507 0.158644 0.000068 0.057318 0.081544 0.157606 0.110282 0.022670 0.216300 0.091063 
0.104349 0.157977 0.000023 0.057256 0.080735 0.146575 0.112866 0.020392 0.225304 0.094525 
0.106159 0.151811 0.000022 0.070780 0.079459 0.153228 0.114262 0.019372 0.212783 0.092123 
0.103346 0.148535 0.000022 0.073688 0.076137 0.152297 0.111439 0.020888 0.223819 0.089829 
0.101822 0.150537 0.000022 0.073860 0.079583 0.154994 0.106409 0.018241 0.225817 0.088715 
0.095327 0.147323 0.024077 0.074194 0.075656 0.137508 0.103888 0.020402 0.233023 0.088603 
0.088249 0.143154 0.064190 0.069337 0.068803 0.130610 0.096828 0.018016 0.237408 0.083406 
0.086451 0.140646 0.070351 0.069785 0.069558 0.128212 0.096051 0.018878 0.240457 0.079611 
0.088579 0.147755 0.076123 0.069396 0.067104 0.131196 0.095047 0.016910 0.233691 0.074201 
0.085812 0.145626 0.082816 0.070648 0.063596 0.124653 0.092572 0.017265 0.237558 0.079454 
0.079944 0.133956 0.116589 0.064153 0.062779 0.118835 0.089600 0.015171 0.247645 0.071328 
0.084173 0.132290 0.115493 0.063962 0.061486 0.121114 0.089393 0.013502 0.249607 0.068981 
0.077372 0.130481 0.133016 0.062876 0.057383 0.118130 0.087448 0.017893 0.243361 0.072041 
0.071522 0.128019 0.153858 0.060838 0.053086 0.110484 0.083019 0.014821 0.258695 0.065657 
0.073735 0.128403 0.165928 0.057036 0.054737 0.105943 0.080825 0.016630 0.253524 0.063239 
