0.0023166 0.0023166 0.0640927 0.000772201 0.000772201 0.402317 0.379151 0.0162162 0.0023166 0.0177606 0.000772201 0.0996139 0.0023166 0.003861 0.00540541 
0.0387597 0.0542636 0.178295 0.00775194 0.0232558 0.00775194 0.333333 0.178295 0.00775194 0.0542636 0.00775194 0.00775194 0.0232558 0.0387597 0.0387597 
0.21005 0.00301508 0.21206 0.300503 0.00100503 0.00100503 0.248241 0.00502513 0.00100503 0.00100503 0.00502513 0.00100503 0.00703518 0.00100503 0.00301508 
0.032967 0.296703 0.362637 0.032967 0.010989 0.0769231 0.010989 0.010989 0.032967 0.010989 0.010989 0.010989 0.010989 0.0769231 0.010989 
0.010101 0.0505051 0.0707071 0.111111 0.010101 0.010101 0.010101 0.010101 0.010101 0.131313 0.0909091 0.171717 0.010101 0.111111 0.191919 
0.0284858 0.00149925 0.00449775 0.00149925 0.00049975 0.495252 0.404298 0.0264868 0.00049975 0.00249875 0.00049975 0.00049975 0.00049975 0.0274863 0.00549725 
0.147883 0.00494777 0.0291369 0.0170423 0.00494777 0.260033 0.263332 0.0852117 0.000549753 0.00164926 0.000549753 0.00274876 0.000549753 0.179769 0.00164926 
0.0504316 0.00954112 0.0740572 0.000454339 0.0113585 0.00318037 0.334848 0.000454339 0.0149932 0.000454339 0.000454339 0.00227169 0.000454339 0.496592 0.000454339 
0.00621118 0.254658 0.068323 0.00621118 0.242236 0.00621118 0.291925 0.00621118 0.00621118 0.0186335 0.00621118 0.0310559 0.0310559 0.0186335 0.00621118 
0.044586 0.0828025 0.515924 0.00636943 0.044586 0.0573248 0.00636943 0.00636943 0.00636943 0.00636943 0.0573248 0.00636943 0.00636943 0.0318471 0.121019 
0.215434 0.0139335 0.380493 0.11254 0.0096463 0.0117899 0.127546 0.0096463 0.00107181 0.00535906 0.00535906 0.0246517 0.0139335 0.0525188 0.0160772 
0.0205279 0.00293255 0.41349 0.108504 0.00293255 0.0674487 0.302053 0.00879765 0.0205279 0.00293255 0.00293255 0.00879765 0.00293255 0.0322581 0.00293255 
0.0181818 0.0181818 0.0181818 0.0181818 0.272727 0.0181818 0.0545455 0.0181818 0.0181818 0.127273 0.0181818 0.0545455 0.0181818 0.0181818 0.309091 
0.230321 0.0254061 0.0628905 0.0062474 0.144523 0.170346 0.326947 0.000416493 0.00291545 0.0112453 0.00124948 0.000416493 0.00208247 0.0145773 0.000416493 
0.173653 0.0299401 0.0658683 0.305389 0.00598802 0.00598802 0.00598802 0.0299401 0.00598802 0.0179641 0.00598802 0.101796 0.00598802 0.0179641 0.221557 
0.164076 0.00172712 0.146805 0.568221 0.00518135 0.00172712 0.0708117 0.00518135 0.00172712 0.00518135 0.00172712 0.00518135 0.00172712 0.0189983 0.00172712 
0.0978044 0.0339321 0.241517 0.00199601 0.0179641 0.00199601 0.301397 0.0778443 0.0139721 0.0499002 0.00998004 0.0658683 0.00998004 0.0738523 0.00199601 
0.126606 0.0275229 0.324771 0.236697 0.00183486 0.00183486 0.225688 0.00183486 0.00917431 0.00183486 0.00183486 0.00550459 0.00183486 0.0275229 0.00550459 
0.0289017 0.815029 0.00578035 0.0289017 0.00578035 0.00578035 0.00578035 0.00578035 0.00578035 0.00578035 0.00578035 0.00578035 0.017341 0.0404624 0.017341 
0.010989 0.164835 0.230769 0.318681 0.010989 0.010989 0.032967 0.032967 0.032967 0.010989 0.010989 0.010989 0.010989 0.010989 0.0989011 
0.00578035 0.00578035 0.0867052 0.00578035 0.0867052 0.16763 0.0520231 0.00578035 0.121387 0.260116 0.0289017 0.0520231 0.0289017 0.0867052 0.00578035 
0.0391061 0.0167598 0.0391061 0.00558659 0.162011 0.106145 0.0726257 0.106145 0.0837989 0.217877 0.0167598 0.0837989 0.0167598 0.0167598 0.0167598 
0.138195 0.00152983 0.124936 0.0260071 0.0331464 0.0311066 0.229985 0.00152983 0.0045895 0.381948 0.00152983 0.00254972 0.000509944 0.0209077 0.00152983 
0.0246305 0.00492611 0.0246305 0.00492611 0.00492611 0.00492611 0.300493 0.0344828 0.00492611 0.00492611 0.00492611 0.00492611 0.0246305 0.546798 0.00492611 
0.623511 0.000794281 0.0150913 0.0182685 0.000794281 0.000794281 0.186656 0.00555997 0.000794281 0.0579825 0.00397141 0.000794281 0.000794281 0.0420969 0.0420969 
0.0376569 0.0041841 0.0543933 0.104603 0.0209205 0.0292887 0.112971 0.104603 0.0041841 0.230126 0.0376569 0.0041841 0.0125523 0.0125523 0.230126 
0.00127389 0.329936 0.00127389 0.00382166 0.00127389 0.00127389 0.477707 0.0089172 0.0140127 0.121019 0.00382166 0.0089172 0.0140127 0.011465 0.00127389 
0.0117647 0.0823529 0.0117647 0.411765 0.0117647 0.0588235 0.0352941 0.0352941 0.0117647 0.0117647 0.0117647 0.0117647 0.0352941 0.0352941 0.223529 
0.275959 0.00654818 0.0926099 0.000935454 0.00280636 0.000935454 0.143124 0.01029 0.000935454 0.000935454 0.00654818 0.000935454 0.405051 0.0439663 0.00841908 
0.004329 0.004329 0.004329 0.419913 0.004329 0.012987 0.004329 0.108225 0.004329 0.021645 0.004329 0.004329 0.004329 0.359307 0.038961 
0.263645 0.000925069 0.00647549 0.0120259 0.080481 0.0175763 0.0675301 0.013876 0.0231267 0.000925069 0.411656 0.000925069 0.0101758 0.0897317 0.000925069 
0.0109091 0.00121212 0.558788 0.0424242 0.00121212 0.00121212 0.369697 0.00121212 0.00363636 0.00363636 0.00121212 0.00121212 0.00121212 0.00121212 0.00121212 
0.0052356 0.026178 0.0157068 0.0157068 0.256545 0.078534 0.078534 0.0575916 0.0052356 0.0052356 0.0052356 0.0157068 0.0052356 0.361257 0.0680628 
0.00172712 0.00172712 0.112263 0.471503 0.00172712 0.00172712 0.0535406 0.00518135 0.00863558 0.19171 0.00172712 0.00863558 0.00518135 0.132988 0.00172712 
0.226277 0.240876 0.109489 0.00729927 0.00729927 0.124088 0.0218978 0.00729927 0.0364964 0.0656934 0.00729927 0.00729927 0.0364964 0.0364964 0.0656934 
0.0208418 0.000408664 0.051083 0.0674295 0.0216592 0.174499 0.433592 0.0371884 0.00776461 0.154884 0.000408664 0.000408664 0.00367797 0.0249285 0.00122599 
0.338282 0.0307529 0.00954401 0.00318134 0.00106045 0.227996 0.151644 0.00106045 0.00318134 0.00106045 0.00106045 0.028632 0.00318134 0.177094 0.0222694 
0.000213265 0.00106633 0.000213265 0.00234592 0.29068 0.00319898 0.607166 0.000639795 0.0049051 0.000213265 0.00234592 0.0117296 0.0172745 0.0552357 0.00277245 
0.0196078 0.0588235 0.411765 0.0196078 0.0196078 0.0588235 0.0196078 0.0196078 0.0196078 0.0196078 0.0196078 0.0196078 0.137255 0.0196078 0.137255 
0.205742 0.244019 0.177033 0.00478469 0.00478469 0.0143541 0.253589 0.0430622 0.00478469 0.0143541 0.00478469 0.00478469 0.0143541 0.00478469 0.00478469 
0.212528 0.00223714 0.315436 0.00223714 0.0111857 0.00223714 0.17226 0.00671141 0.114094 0.00671141 0.00223714 0.033557 0.00223714 0.100671 0.01566 
0.0491803 0.0491803 0.213115 0.0819672 0.0163934 0.0163934 0.0491803 0.0163934 0.0163934 0.0163934 0.0163934 0.0163934 0.0163934 0.311475 0.114754 
0.0126582 0.0126582 0.0126582 0.21519 0.0126582 0.0126582 0.0379747 0.0126582 0.0126582 0.0886076 0.0126582 0.0126582 0.0126582 0.139241 0.392405 
0.0428212 0.0327456 0.410579 0.00755668 0.00251889 0.0327456 0.365239 0.00251889 0.00251889 0.0327456 0.00251889 0.00251889 0.00755668 0.0125945 0.0428212 
0.175758 0.00606061 0.030303 0.551515 0.00606061 0.00606061 0.0424242 0.00606061 0.00606061 0.00606061 0.00606061 0.00606061 0.0181818 0.0181818 0.115152 
0.015143 0.000560852 0.00392597 0.656758 0.000560852 0.00168256 0.254066 0.0128996 0.000560852 0.00841279 0.000560852 0.000560852 0.000560852 0.0375771 0.00616938 
0.262867 0.00830105 0.505257 0.000553403 0.000553403 0.00166021 0.0924184 0.00498063 0.000553403 0.0138351 0.000553403 0.00498063 0.0105147 0.0924184 0.000553403 
0.0886076 0.164557 0.240506 0.0126582 0.0379747 0.139241 0.0379747 0.0379747 0.0126582 0.0126582 0.0126582 0.0126582 0.0126582 0.0886076 0.0886076 
0.123513 0.00274474 0.421775 0.00274474 0.0118939 0.0430009 0.302836 0.0118939 0.00274474 0.0722781 0.000914913 0.000914913 0.000914913 0.000914913 0.000914913 
0.0800979 0.00524659 0.0143407 0.441763 0.000349773 0.00454704 0.404687 0.00314795 0.00104932 0.012242 0.010843 0.00314795 0.00104932 0.00314795 0.0143407 
0.0575342 0.000210748 0.0465753 0.0158061 0.0179136 0.0141201 0.457534 0.0145416 0.000632244 0.145205 0.00189673 0.207587 0.000210748 0.0200211 0.000210748 
0.127928 0.0762763 0.47988 0.0042042 0.000600601 0.000600601 0.267267 0.0042042 0.000600601 0.000600601 0.000600601 0.000600601 0.000600601 0.0318318 0.0042042 
0.164179 0.253731 0.0149254 0.19403 0.0149254 0.0149254 0.0447761 0.0149254 0.0447761 0.0149254 0.0149254 0.0149254 0.0447761 0.0149254 0.134328 
0.211155 0.139442 0.10757 0.0119522 0.00398406 0.370518 0.0438247 0.0278884 0.00398406 0.0278884 0.00398406 0.00398406 0.00398406 0.0278884 0.0119522 
0.280576 0.00719424 0.0421377 0.00102775 0.00308325 0.519013 0.0955807 0.00102775 0.00102775 0.00308325 0.00102775 0.00102775 0.00308325 0.0400822 0.00102775 
0.406593 0.107692 0.173626 0.010989 0.0021978 0.0241758 0.0153846 0.0021978 0.0021978 0.00659341 0.0637363 0.0153846 0.0769231 0.0769231 0.0153846 
0.000212721 0.00404169 0.0521166 0.0010636 0.42693 0.000212721 0.509892 0.000212721 0.000638162 0.00191449 0.000212721 0.000212721 0.000638162 0.000212721 0.00148904 
0.0126582 0.0126582 0.64557 0.164557 0.0379747 0.0126582 0.0126582 0.0126582 0.0126582 0.0126582 0.0126582 0.0126582 0.0126582 0.0126582 0.0126582 
0.0958904 0.150685 0.0136986 0.0136986 0.0136986 0.123288 0.0136986 0.0136986 0.0136986 0.0410959 0.0136986 0.0410959 0.205479 0.150685 0.0958904 
0.0169492 0.152542 0.322034 0.220339 0.0169492 0.0169492 0.0169492 0.0169492 0.0508475 0.0169492 0.0169492 0.0169492 0.0169492 0.0169492 0.0847458 
0.205161 0.00129032 0.0141935 0.543226 0.00645161 0.00129032 0.114839 0.00129032 0.00129032 0.0116129 0.00129032 0.00129032 0.00645161 0.0219355 0.0683871 
0.015103 0.000152555 0.067582 0.00259344 0.00900076 0.188406 0.68177 0.001373 0.000152555 0.000457666 0.000457666 0.0071701 0.0147979 0.0108314 0.000152555 
0.0117647 0.0352941 0.0823529 0.0588235 0.0352941 0.0823529 0.0117647 0.0823529 0.0117647 0.0117647 0.0117647 0.0352941 0.0117647 0.247059 0.270588 
0.0466165 0.0285714 0.2 0.181955 0.0195489 0.00150376 0.440602 0.00150376 0.00150376 0.00451128 0.00451128 0.0285714 0.0135338 0.00150376 0.0255639 
0.111111 0.353535 0.0707071 0.0909091 0.010101 0.030303 0.010101 0.010101 0.030303 0.030303 0.010101 0.0505051 0.0505051 0.010101 0.131313 
0.00395257 0.00395257 0.0197628 0.588933 0.00395257 0.0118577 0.0592885 0.00395257 0.00395257 0.00395257 0.00395257 0.00395257 0.00395257 0.233202 0.0513834 
0.0114943 0.0114943 0.0344828 0.517241 0.0114943 0.0114943 0.0344828 0.0114943 0.0114943 0.0344828 0.0344828 0.0344828 0.0574713 0.0114943 0.172414 
0.00161031 0.00805153 0.0144928 0.507246 0.00161031 0.00805153 0.36876 0.00161031 0.00161031 0.0434783 0.00161031 0.00161031 0.0144928 0.0144928 0.0112721 
0.251799 0.0215827 0.510791 0.0935252 0.00719424 0.0215827 0.00719424 0.00719424 0.0215827 0.00719424 0.00719424 0.0215827 0.00719424 0.00719424 0.00719424 
0.0552147 0.00204499 0.165644 0.00204499 0.00613497 0.0511247 0.337423 0.0224949 0.00204499 0.0306748 0.0347648 0.0470348 0.00204499 0.0797546 0.161554 
0.015873 0.0793651 0.333333 0.015873 0.015873 0.047619 0.0793651 0.047619 0.015873 0.015873 0.015873 0.015873 0.015873 0.047619 0.238095 
0.0322581 0.419355 0.204301 0.0107527 0.0107527 0.11828 0.0107527 0.0107527 0.0107527 0.0537634 0.0107527 0.0322581 0.0107527 0.0537634 0.0107527 
0.192523 0.00311526 0.499065 0.000623053 0.00311526 0.0205607 0.257321 0.00311526 0.000623053 0.000623053 0.000623053 0.000623053 0.000623053 0.0168224 0.000623053 
0.0175439 0.0175439 0.122807 0.0175439 0.0175439 0.0175439 0.0175439 0.0526316 0.0175439 0.0175439 0.157895 0.0877193 0.0175439 0.0526316 0.368421 
0.244014 0.00254712 0.0127356 0.0259806 0.357106 0.050433 0.280693 0.00152827 0.000509424 0.000509424 0.00560367 0.000509424 0.00254712 0.0147733 0.000509424 
0.00907229 0.000292654 0.000292654 0.0178519 0.0453614 0.00146327 0.596722 0.000877963 0.00204858 0.000292654 0.00146327 0.30758 0.000877963 0.0143401 0.00146327 
0.0153846 0.353846 0.0769231 0.138462 0.0769231 0.0153846 0.0153846 0.0461538 0.0153846 0.0153846 0.0153846 0.0153846 0.0461538 0.0769231 0.0769231 
0.0241546 0.111111 0.0917874 0.0338164 0.00483092 0.0241546 0.130435 0.0338164 0.0821256 0.00483092 0.400966 0.0241546 0.0144928 0.00483092 0.0144928 
0.0867052 0.260116 0.0751445 0.0404624 0.00578035 0.0404624 0.271676 0.00578035 0.0404624 0.00578035 0.00578035 0.00578035 0.017341 0.132948 0.00578035 
0.0265487 0.504425 0.079646 0.0442478 0.00884956 0.00884956 0.00884956 0.00884956 0.00884956 0.0442478 0.0973451 0.00884956 0.00884956 0.0619469 0.079646 
0.242105 0.284211 0.0315789 0.0105263 0.0315789 0.0526316 0.0315789 0.0105263 0.2 0.0105263 0.0526316 0.0105263 0.0105263 0.0105263 0.0105263 
0.00571429 0.428571 0.00571429 0.0171429 0.0171429 0.00571429 0.0742857 0.0285714 0.0285714 0.00571429 0.0171429 0.0171429 0.00571429 0.337143 0.00571429 
0.0520646 0.00897666 0.00179533 0.113106 0.00179533 0.00179533 0.24237 0.005386 0.0305206 0.00179533 0.005386 0.00897666 0.00179533 0.307002 0.217235 
0.04 0.0285714 0.0171429 0.245714 0.0971429 0.00571429 0.0857143 0.0171429 0.00571429 0.211429 0.0171429 0.00571429 0.0171429 0.0742857 0.131429 
0.351351 0.0614251 0.312039 0.002457 0.00737101 0.022113 0.031941 0.002457 0.002457 0.017199 0.002457 0.0712531 0.017199 0.00737101 0.0909091 
0.112727 0.0181818 0.6 0.00363636 0.00363636 0.00363636 0.0327273 0.0181818 0.00363636 0.0909091 0.00363636 0.0181818 0.0327273 0.0109091 0.0472727 
0.0707071 0.030303 0.0707071 0.191919 0.010101 0.030303 0.010101 0.010101 0.010101 0.0707071 0.010101 0.010101 0.111111 0.232323 0.131313 
0.165165 0.039039 0.021021 0.357357 0.003003 0.003003 0.129129 0.027027 0.00900901 0.033033 0.105105 0.003003 0.003003 0.0990991 0.003003 
0.0133333 0.0133333 0.146667 0.146667 0.2 0.0666667 0.0133333 0.0133333 0.04 0.04 0.0133333 0.0133333 0.0133333 0.146667 0.12 
0.0959071 0.00794136 0.00305437 0.330483 0.000610874 0.00305437 0.161881 0.0702505 0.00183262 0.0140501 0.000610874 0.00427611 0.000610874 0.304826 0.000610874 
0.0671173 0.100917 0.00241429 0.421535 0.00627716 0.000482859 0.376147 0.000482859 0.00820859 0.000482859 0.00434573 0.00627716 0.000482859 0.00338001 0.00144858 
0.012987 0.454545 0.0909091 0.038961 0.038961 0.038961 0.012987 0.0909091 0.012987 0.012987 0.0909091 0.012987 0.012987 0.012987 0.0649351 
0.0617284 0.0123457 0.185185 0.037037 0.037037 0.234568 0.0123457 0.0617284 0.160494 0.0123457 0.037037 0.0123457 0.0123457 0.111111 0.0123457 
0.0350195 0.0972763 0.182879 0.0116732 0.00389105 0.0116732 0.0428016 0.0116732 0.00389105 0.190661 0.00389105 0.159533 0.0583658 0.175097 0.0116732 
0.0508475 0.0169492 0.152542 0.423729 0.0508475 0.0169492 0.0169492 0.0508475 0.0169492 0.0508475 0.0169492 0.0169492 0.0169492 0.0508475 0.0508475 
0.221833 0.00069979 0.476557 0.00069979 0.00069979 0.00069979 0.182645 0.0412876 0.00069979 0.00069979 0.00209937 0.00069979 0.00209937 0.0636809 0.00489853 
0.0126582 0.0126582 0.0379747 0.291139 0.0632911 0.0126582 0.0126582 0.0632911 0.0632911 0.0126582 0.0886076 0.0126582 0.164557 0.0126582 0.139241 
0.262136 0.378641 0.106796 0.00970874 0.0485437 0.0291262 0.00970874 0.0291262 0.00970874 0.0291262 0.00970874 0.00970874 0.0291262 0.00970874 0.0291262 
0.0169492 0.0101695 0.00338983 0.627119 0.00338983 0.0169492 0.105085 0.0508475 0.0372881 0.0508475 0.00338983 0.00338983 0.00338983 0.0305085 0.0372881 
0.0527437 0.00266383 0.027171 0.503463 0.000532765 0.0015983 0.403303 0.0015983 0.000532765 0.000532765 0.000532765 0.000532765 0.000532765 0.0015983 0.00266383 
0.00140647 0.0126582 0.00140647 0.319269 0.00140647 0.00140647 0.400844 0.0407876 0.00421941 0.0154712 0.00140647 0.0182841 0.00703235 0.158931 0.0154712 
0.561212 0.0157576 0.04 0.00121212 0.00363636 0.00121212 0.124848 0.0424242 0.00121212 0.00606061 0.00121212 0.0157576 0.00121212 0.178182 0.00606061 
0.237911 0.00967118 0.0754352 0.589942 0.00193424 0.00580271 0.0290135 0.00967118 0.0174081 0.00193424 0.00580271 0.00193424 0.00193424 0.00967118 0.00193424 
0.015873 0.015873 0.492063 0.015873 0.015873 0.047619 0.015873 0.015873 0.0793651 0.015873 0.015873 0.015873 0.015873 0.015873 0.206349 
0.00248139 0.00248139 0.00744417 0.51861 0.0124069 0.00744417 0.25062 0.0124069 0.00248139 0.0471464 0.0272953 0.00248139 0.0223325 0.00248139 0.0818859 
0.00253776 0.00181269 0.000120846 0.001571 0.282659 0.001571 0.633112 0.00060423 0.000120846 0.000845921 0.0201813 0.00664653 0.0122054 0.0341994 0.00181269 
0.047619 0.0666667 0.485714 0.0285714 0.00952381 0.0285714 0.0666667 0.00952381 0.00952381 0.00952381 0.0285714 0.00952381 0.00952381 0.00952381 0.180952 
0.0285714 0.0021978 0.243956 0.186813 0.010989 0.032967 0.230769 0.0021978 0.00659341 0.010989 0.0021978 0.169231 0.0021978 0.0241758 0.0461538 
0.011236 0.00802568 0.316212 0.00160514 0.00802568 0.00160514 0.483146 0.0208668 0.00160514 0.0337079 0.00160514 0.00802568 0.00481541 0.094703 0.00481541 
0.221053 0.221053 0.0947368 0.0526316 0.2 0.0105263 0.0315789 0.0315789 0.0105263 0.0105263 0.0105263 0.0105263 0.0736842 0.0105263 0.0105263 
0.0060024 0.00520208 0.0492197 0.00120048 0.181273 0.00120048 0.502201 0.00040016 0.0020008 0.0060024 0.00040016 0.00360144 0.010004 0.228491 0.00280112 
0.0508475 0.0508475 0.0169492 0.152542 0.0169492 0.0169492 0.0169492 0.0169492 0.0169492 0.0169492 0.0169492 0.0169492 0.0169492 0.152542 0.423729 
0.0349479 0.08645 0.00183936 0.390558 0.00551809 0.015328 0.055794 0.26916 0.00429185 0.0030656 0.000613121 0.00183936 0.00183936 0.124464 0.00429185 
0.260274 0.0684932 0.0684932 0.0410959 0.0136986 0.0136986 0.0136986 0.0958904 0.0136986 0.0136986 0.0958904 0.0136986 0.0136986 0.0410959 0.232877 
0.0268041 0.125773 0.00206186 0.00618557 0.0762887 0.0474227 0.468041 0.00206186 0.00206186 0.00206186 0.00206186 0.0268041 0.00206186 0.2 0.0103093 
0.306389 0.00130378 0.0482399 0.0456323 0.00130378 0.00130378 0.15515 0.0065189 0.0143416 0.0143416 0.00130378 0.285528 0.00130378 0.0873533 0.029987 
0.0382514 0.136612 0.15847 0.300546 0.0710383 0.114754 0.00546448 0.0163934 0.00546448 0.00546448 0.0601093 0.00546448 0.0163934 0.00546448 0.0601093 
0.00699301 0.00699301 0.00699301 0.00699301 0.0629371 0.0769231 0.496503 0.00699301 0.00699301 0.00699301 0.00699301 0.020979 0.020979 0.020979 0.244755 
0.00143885 0.00143885 0.579856 0.018705 0.00143885 0.00143885 0.323741 0.0215827 0.00431655 0.00143885 0.00143885 0.00431655 0.00143885 0.0359712 0.00143885 
0.0151976 0.161094 0.404255 0.0151976 0.0151976 0.0395137 0.25228 0.0577508 0.00303951 0.00303951 0.00911854 0.00911854 0.00911854 0.00303951 0.00303951 
0.164179 0.0447761 0.313433 0.0447761 0.0746269 0.0149254 0.0149254 0.0149254 0.0149254 0.104478 0.104478 0.0149254 0.0149254 0.0149254 0.0447761 
0.24424 0.0322581 0.511521 0.00460829 0.0875576 0.00460829 0.00460829 0.0230415 0.00460829 0.00460829 0.00460829 0.0230415 0.00460829 0.0322581 0.0138249 
0.0588235 0.254902 0.0718954 0.00653595 0.0196078 0.0326797 0.0588235 0.00653595 0.0457516 0.00653595 0.00653595 0.00653595 0.00653595 0.398693 0.0196078 
0.135462 0.000862813 0.549612 0.000862813 0.00258844 0.000862813 0.287317 0.00949094 0.000862813 0.00258844 0.000862813 0.000862813 0.000862813 0.000862813 0.00603969 
0.105691 0.365854 0.0894309 0.0243902 0.235772 0.00813008 0.0243902 0.00813008 0.00813008 0.00813008 0.00813008 0.00813008 0.0731707 0.00813008 0.0243902 
0.00953409 0.0131319 0.00197877 0.0411945 0.0217665 0.0214067 0.585897 0.0062961 0.000539665 0.00197877 0.000539665 0.000899442 0.284404 0.00665587 0.00377766 
0.0851634 0.000535619 0.00160686 0.00374933 0.0133905 0.467595 0.357258 0.00160686 0.000535619 0.000535619 0.000535619 0.00267809 0.00160686 0.0615961 0.00160686 
0.487833 0.00811124 0.179606 0.242178 0.00579374 0.00347625 0.0196987 0.00347625 0.00579374 0.00347625 0.00115875 0.00579374 0.00115875 0.0312862 0.00115875 
0.00311526 0.00560748 0.0330218 0.00311526 0.0342679 0.322118 0.461682 0.000623053 0.000623053 0.0629283 0.00685358 0.00186916 0.0180685 0.0342679 0.011838 
0.268854 0.00287853 0.398964 0.00172712 0.0132412 0.00402994 0.121474 0.00402994 0.00518135 0.000575705 0.00172712 0.000575705 0.00402994 0.172136 0.000575705 
0.0354208 0.000283366 0.268915 0.0189855 0.0314537 0.0524228 0.546614 0.000850099 0.000283366 0.00198356 0.00595069 0.00991782 0.000283366 0.0246529 0.00198356 
0.00571429 0.382857 0.00571429 0.0285714 0.0285714 0.00571429 0.00571429 0.00571429 0.00571429 0.04 0.00571429 0.0285714 0.00571429 0.371429 0.0742857 
0.194741 0.00410846 0.00246508 0.515201 0.000821693 0.000821693 0.148726 0.000821693 0.00410846 0.000821693 0.00246508 0.000821693 0.000821693 0.119145 0.00410846 
0.017797 0.001443 0.0620491 0.428571 0.010101 0.000481 0.449735 0.000481 0.003367 0.002405 0.00625301 0.000481 0.000481 0.013949 0.002405 
0.00578035 0.271676 0.0404624 0.491329 0.00578035 0.00578035 0.00578035 0.00578035 0.00578035 0.00578035 0.0635838 0.0520231 0.017341 0.017341 0.00578035 
0.0757946 0.0122249 0.0366748 0.0953545 0.0122249 0.0317848 0.427873 0.0122249 0.0317848 0.212714 0.00244499 0.0122249 0.00733496 0.0220049 0.00733496 
0.0114254 0.00468252 0.150028 0.0114254 0.00318412 0.000187301 0.646376 0.0282824 0.00168571 0.0279078 0.000187301 0.00355872 0.00393332 0.105076 0.00206031 
0.290111 0.0137525 0.00196464 0.000654879 0.000654879 0.000654879 0.0491159 0.000654879 0.00327439 0.00327439 0.000654879 0.00196464 0.000654879 0.629339 0.00327439 
0.236336 0.327175 0.0315627 0.0146266 0.0331024 0.000769823 0.316397 0.000769823 0.000769823 0.000769823 0.00230947 0.0161663 0.00230947 0.00230947 0.0146266 
0.106764 0.00516164 0.00407498 0.217604 0.0165716 0.000271665 0.531649 0.0285249 0.0203749 0.00733496 0.000271665 0.0350448 0.00842162 0.0176582 0.000271665 
0.174071 0.000728332 0.00801165 0.00364166 0.442098 0.000728332 0.252731 0.000728332 0.00655499 0.00655499 0.000728332 0.000728332 0.015295 0.0721049 0.015295 
0.0793651 0.00529101 0.015873 0.365079 0.00529101 0.00529101 0.185185 0.037037 0.026455 0.0899471 0.00529101 0.00529101 0.00529101 0.0687831 0.100529 
0.0962343 0.0041841 0.34728 0.0041841 0.0041841 0.0376569 0.25523 0.0041841 0.0041841 0.0209205 0.0041841 0.0376569 0.0125523 0.104603 0.0627615 
0.120879 0.0769231 0.010989 0.67033 0.003663 0.010989 0.010989 0.003663 0.010989 0.025641 0.003663 0.003663 0.003663 0.003663 0.040293 
0.0458221 0.115903 0.0350404 0.261456 0.0188679 0.0889488 0.207547 0.00269542 0.0889488 0.0134771 0.0350404 0.0458221 0.00808625 0.0242588 0.00808625 
0.122216 0.00541842 0.35581 0.111379 0.0331126 0.000602047 0.236604 0.0270921 0.0114389 0.0090307 0.00301023 0.00180614 0.00782661 0.0620108 0.012643 
0.000698812 0.00582343 0.000232937 0.0528768 0.254601 0.00349406 0.597018 0.00302819 0.000232937 0.0216632 0.0137433 0.00116469 0.0412299 0.00163056 0.00256231 
0.000582547 0.000116509 0.000349528 0.000116509 0.000116509 0.000349528 0.486427 0.000582547 0.000116509 0.000116509 0.000116509 0.510428 0.000116509 0.000116509 0.000349528 
0.0137525 0.00982318 0.021611 0.669941 0.00589391 0.00196464 0.123772 0.0530452 0.00196464 0.0294695 0.00589391 0.00196464 0.00196464 0.0255403 0.0333988 
0.010989 0.032967 0.318681 0.032967 0.010989 0.010989 0.142857 0.010989 0.010989 0.0769231 0.010989 0.010989 0.032967 0.010989 0.274725 
0.012987 0.246753 0.038961 0.0909091 0.038961 0.038961 0.038961 0.012987 0.012987 0.012987 0.012987 0.012987 0.012987 0.0649351 0.350649 
0.00952381 0.0857143 0.0285714 0.0666667 0.00952381 0.047619 0.00952381 0.0857143 0.00952381 0.12381 0.12381 0.0666667 0.00952381 0.180952 0.142857 
0.0453313 0.000387447 0.0701279 0.00271213 0.00271213 0.000387447 0.538938 0.00193723 0.00426191 0.000387447 0.000387447 0.00891127 0.00116234 0.101898 0.220457 
0.000638162 0.000382897 0.0491385 0.0200383 0.0672623 0.000893427 0.550223 0.00574346 0.000127632 0.251053 0.000893427 0.0141672 0.00599872 0.0325463 0.000893427 
0.442669 0.00486449 0.028492 0.00347464 0.394024 0.000694927 0.102154 0.0118138 0.000694927 0.00208478 0.000694927 0.00347464 0.00208478 0.000694927 0.00208478 
0.0496304 0.539599 0.00527983 0.0031679 0.00105597 0.0116156 0.347413 0.00105597 0.00105597 0.00105597 0.00105597 0.00105597 0.0200634 0.0137276 0.0031679 
0.0175069 0.00400759 0.0537861 0.0554735 0.0335372 0.00358574 0.606834 0.000632778 0.000210926 0.000632778 0.0048513 0.005695 0.000632778 0.0921746 0.120439 
0.445087 0.0289017 0.190751 0.0404624 0.0635838 0.00578035 0.00578035 0.109827 0.017341 0.017341 0.00578035 0.017341 0.00578035 0.0289017 0.017341 
0.205266 0.284252 0.000487567 0.000487567 0.00243784 0.000487567 0.304729 0.00731351 0.0014627 0.0014627 0.00731351 0.000487567 0.0043881 0.178937 0.000487567 
0.0153846 0.0461538 0.169231 0.0153846 0.0461538 0.0461538 0.0153846 0.0153846 0.0153846 0.0153846 0.0153846 0.0153846 0.0153846 0.292308 0.261538 
0.302564 0.00512821 0.425641 0.00512821 0.0153846 0.0153846 0.00512821 0.00512821 0.0461538 0.00512821 0.0358974 0.00512821 0.0358974 0.0871795 0.00512821 
0.0594595 0.135135 0.210811 0.318919 0.00540541 0.00540541 0.0378378 0.0594595 0.0378378 0.0486486 0.00540541 0.0378378 0.00540541 0.0162162 0.0162162 
0.0877193 0.111111 0.356725 0.111111 0.00584795 0.0643275 0.00584795 0.0292398 0.00584795 0.0292398 0.00584795 0.00584795 0.00584795 0.00584795 0.169591 
0.0909091 0.127273 0.00606061 0.321212 0.0181818 0.00606061 0.0424242 0.0787879 0.0787879 0.0181818 0.00606061 0.00606061 0.00606061 0.0545455 0.139394 
0.0505051 0.0505051 0.313131 0.0505051 0.0707071 0.010101 0.010101 0.010101 0.0707071 0.010101 0.010101 0.0909091 0.010101 0.212121 0.030303 
0.00645161 0.00215054 0.419355 0.0236559 0.0193548 0.0408602 0.122581 0.00215054 0.00215054 0.0494624 0.00215054 0.00215054 0.00645161 0.28172 0.0193548 
0.00692201 0.000461467 0.142593 0.0299954 0.000461467 0.11952 0.595754 0.0521458 0.0013844 0.00507614 0.0013844 0.0013844 0.000461467 0.0373789 0.00507614 
0.0535795 0.000450248 0.43629 0.0229626 0.000450248 0.00495272 0.43629 0.000450248 0.00315173 0.00135074 0.000450248 0.000450248 0.00225124 0.0364701 0.000450248 
0.295473 0.0090535 0.0205761 0.000823045 0.000823045 0.409053 0.204938 0.000823045 0.00246914 0.000823045 0.000823045 0.000823045 0.000823045 0.0518519 0.000823045 
0.124498 0.00133869 0.00669344 0.686747 0.00133869 0.00133869 0.0896921 0.0548862 0.00133869 0.00133869 0.0147256 0.00133869 0.00133869 0.0120482 0.00133869 
0.020145 0.00241741 0.0781628 0.347301 0.00241741 0.000805802 0.522965 0.00402901 0.000805802 0.00241741 0.000805802 0.000805802 0.000805802 0.00886382 0.00725222 
0.115856 0.00499773 0.0458882 0.0840527 0.00136302 0.000454339 0.0722399 0.552022 0.000454339 0.00136302 0.0304407 0.00408905 0.00499773 0.0813267 0.000454339 
0.0550725 0.327536 0.026087 0.292754 0.00289855 0.00869565 0.182609 0.00289855 0.00289855 0.0550725 0.00869565 0.00289855 0.00289855 0.026087 0.00289855 
0.225383 0.00656455 0.461707 0.00218818 0.00656455 0.00218818 0.00218818 0.00218818 0.0153173 0.00218818 0.00218818 0.00218818 0.00218818 0.26477 0.00218818 
0.0576441 0.00250627 0.177945 0.373434 0.0275689 0.0125313 0.258145 0.00250627 0.00250627 0.0125313 0.00250627 0.037594 0.0075188 0.0225564 0.00250627 
0.189802 0.0406043 0.0103872 0.000944287 0.00849858 0.182247 0.454202 0.000944287 0.0141643 0.0236072 0.00283286 0.00849858 0.0103872 0.0500472 0.00283286 
0.00169779 0.089983 0.00169779 0.00169779 0.00509338 0.0152801 0.39219 0.00848896 0.449915 0.0152801 0.00509338 0.00509338 0.00169779 0.00509338 0.00169779 
0.0216772 0.00153273 0.00328443 0.0243048 0.390847 0.000218962 0.51478 0.000656886 0.0137946 0.000218962 0.0102912 0.0159842 0.00109481 0.00109481 0.000218962 
0.00775194 0.410853 0.255814 0.0697674 0.00775194 0.0697674 0.00775194 0.0542636 0.00775194 0.0387597 0.0232558 0.0232558 0.00775194 0.00775194 0.00775194 
0.244134 0.0209258 0.00951173 0.00317058 0.000634115 0.000634115 0.0259987 0.0247305 0.000634115 0.0450222 0.00190235 0.00190235 0.000634115 0.619531 0.000634115 
0.0174717 0.00954339 0.010718 0.00543239 0.235355 0.00308325 0.675525 0.0168845 0.000146821 0.000146821 0.00367053 0.00660696 0.00249596 0.0118925 0.00102775 
0.184526 0.00308114 0.000342349 0.40226 0.00376583 0.00239644 0.0674427 0.140705 0.00308114 0.000342349 0.000342349 0.00581992 0.0564875 0.129065 0.000342349 
0.0891089 0.00380807 0.407464 0.000761615 0.00228484 0.0952018 0.378522 0.00990099 0.00228484 0.00228484 0.000761615 0.000761615 0.000761615 0.0053313 0.000761615 
0.015919 0.00144718 0.273517 0.0361795 0.0564399 0.0101302 0.487699 0.00144718 0.00144718 0.00723589 0.00434153 0.00144718 0.0130246 0.0709117 0.0188133 
0.147708 0.0220713 0.0186757 0.466893 0.00169779 0.00848896 0.178268 0.00848896 0.0560272 0.00169779 0.0118846 0.00509338 0.00509338 0.0662139 0.00169779 
0.211386 0.000527148 0.000527148 0.208224 0.000527148 0.00158144 0.373748 0.00369004 0.000527148 0.0627306 0.00896152 0.0395361 0.00158144 0.0701107 0.0163416 
0.00598802 0.257485 0.353293 0.101796 0.00598802 0.00598802 0.00598802 0.0299401 0.0179641 0.0179641 0.00598802 0.00598802 0.00598802 0.161677 0.0179641 
0.00671141 0.00671141 0.208054 0.315436 0.0469799 0.00671141 0.0201342 0.00671141 0.00671141 0.0604027 0.00671141 0.0201342 0.00671141 0.167785 0.114094 
0.0371922 0.0015715 0.0015715 0.000523834 0.0015715 0.00785752 0.433211 0.0403353 0.151388 0.000523834 0.000523834 0.00366684 0.00471451 0.309586 0.00576218 
0.122388 0.00298507 0.000995025 0.00497512 0.000995025 0.00696517 0.136318 0.000995025 0.0208955 0.122388 0.000995025 0.0149254 0.000995025 0.562189 0.000995025 
0.0424448 0.00169779 0.00169779 0.59253 0.00169779 0.00509338 0.327674 0.00169779 0.00169779 0.00169779 0.00509338 0.00509338 0.00169779 0.00848896 0.00169779 
0.00778727 0.000189934 0.000189934 0.00322887 0.489079 0.000949668 0.487179 0.000569801 0.000189934 0.000569801 0.000189934 0.00132953 0.000569801 0.00778727 0.000189934 
0.0999083 0.00458295 0.528873 0.00091659 0.015582 0.00274977 0.213566 0.00824931 0.00091659 0.00458295 0.00458295 0.00091659 0.0247479 0.0889093 0.00091659 
0.0732833 0.000577034 0.00865551 0.0017311 0.00519331 0.0017311 0.0929025 0.62262 0.133295 0.000577034 0.00980958 0.00403924 0.00519331 0.034045 0.00634737 
0.800139 0.000693963 0.0173491 0.000693963 0.000693963 0.0104094 0.0340042 0.00208189 0.000693963 0.0659264 0.0520472 0.00346981 0.00208189 0.00624566 0.00346981 
0.102725 0.048218 0.00209644 0.00209644 0.0230608 0.0356394 0.404612 0.048218 0.0314465 0.0356394 0.00628931 0.0230608 0.115304 0.0691824 0.0524109 
0.0491803 0.0163934 0.0163934 0.0163934 0.0819672 0.0163934 0.0163934 0.0163934 0.0819672 0.0163934 0.114754 0.0163934 0.114754 0.0163934 0.409836 
0.0745934 0.00392597 0.00953449 0.0140213 0.413348 0.00168256 0.305665 0.107123 0.000560852 0.00841279 0.00504767 0.000560852 0.00504767 0.0487942 0.00168256 
0.220104 0.418833 0.00866551 0.0017331 0.000577701 0.000577701 0.250144 0.00635471 0.0109763 0.0028885 0.0017331 0.00982091 0.0421722 0.0236857 0.0017331 
0.0232558 0.0232558 0.0232558 0.0232558 0.0232558 0.116279 0.0232558 0.0697674 0.0232558 0.0232558 0.0697674 0.0232558 0.0232558 0.0232558 0.488372 
0.0769231 0.0153846 0.0153846 0.0153846 0.0153846 0.0153846 0.0153846 0.0461538 0.0153846 0.0153846 0.107692 0.107692 0.0769231 0.0153846 0.446154 
0.037037 0.037037 0.0123457 0.0123457 0.0123457 0.0123457 0.0123457 0.0123457 0.0123457 0.0123457 0.0864198 0.0123457 0.0123457 0.0123457 0.703704 
0.00187617 0.722326 0.00187617 0.00187617 0.0131332 0.00562852 0.193246 0.00187617 0.0131332 0.00187617 0.00187617 0.00187617 0.0131332 0.0206379 0.00562852 
0.0651085 0.00166945 0.00166945 0.000556483 0.00389538 0.00612131 0.461324 0.00723428 0.260991 0.00500835 0.000556483 0.0528659 0.12187 0.00500835 0.00612131 
0.0153846 0.261538 0.0153846 0.0153846 0.415385 0.0153846 0.0153846 0.0153846 0.0769231 0.0153846 0.0153846 0.0153846 0.0153846 0.0153846 0.0769231 
0.00213584 0.000427168 0.00555318 0.00469885 0.155062 0.00726185 0.278941 0.195216 0.000427168 0.0012815 0.295173 0.00469885 0.0132422 0.0337463 0.00213584 
0.011236 0.0337079 0.011236 0.011236 0.011236 0.123596 0.0337079 0.011236 0.191011 0.0337079 0.011236 0.101124 0.123596 0.011236 0.280899 
0.000903342 0.0243902 0.0135501 0.0063234 0.132791 0.447154 0.306233 0.000903342 0.000903342 0.00271003 0.0406504 0.00271003 0.000903342 0.0063234 0.0135501 
0.0545455 0.0181818 0.0181818 0.0545455 0.0181818 0.0909091 0.0181818 0.0181818 0.0545455 0.127273 0.0545455 0.0545455 0.0181818 0.0181818 0.381818 
0.103448 0.287356 0.0114943 0.0114943 0.0114943 0.172414 0.0114943 0.0344828 0.0574713 0.0114943 0.0344828 0.0114943 0.0114943 0.0344828 0.195402 
0.18197 0.00166945 0.0116861 0.00166945 0.0183639 0.00500835 0.135225 0.0183639 0.562604 0.0250417 0.00500835 0.00166945 0.00166945 0.00166945 0.0283806 
0.23038 0.00253165 0.00253165 0.00253165 0.00759494 0.00253165 0.164557 0.00253165 0.483544 0.0481013 0.00759494 0.00253165 0.00253165 0.0126582 0.0278481 
0.191011 0.011236 0.011236 0.011236 0.011236 0.0337079 0.011236 0.0337079 0.191011 0.0561798 0.011236 0.101124 0.011236 0.0561798 0.258427 
0.355717 0.000316756 0.000316756 0.000316756 0.000316756 0.000316756 0.000316756 0.000316756 0.640165 0.000316756 0.000316756 0.000316756 0.000316756 0.000316756 0.000316756 
0.299145 0.00854701 0.00854701 0.00854701 0.00854701 0.00854701 0.00854701 0.00854701 0.333333 0.00854701 0.111111 0.025641 0.025641 0.00854701 0.128205 
0.278622 0.0800405 0.309017 0.0172239 0.00303951 0.00101317 0.00101317 0.00101317 0.108409 0.00303951 0.12462 0.0273556 0.00303951 0.00101317 0.04154 
0.0114943 0.0114943 0.149425 0.0114943 0.0114943 0.0344828 0.0344828 0.0114943 0.149425 0.0114943 0.172414 0.0114943 0.0804598 0.0114943 0.287356 
0.100999 0.0122087 0.00110988 0.0210877 0.00110988 0.00332963 0.105438 0.00332963 0.698113 0.00554939 0.00110988 0.00332963 0.0277469 0.0144284 0.00110988 
0.234043 0.00205903 0.000686342 0.000686342 0.000686342 0.00205903 0.00205903 0.297186 0.00205903 0.000686342 0.455045 0.000686342 0.000686342 0.000686342 0.000686342 
0.107438 0.0743802 0.0578512 0.00826446 0.239669 0.00826446 0.0413223 0.0413223 0.00826446 0.00826446 0.00826446 0.00826446 0.0578512 0.0247934 0.305785 
0.0491803 0.278689 0.0163934 0.180328 0.0163934 0.0163934 0.0163934 0.0491803 0.0163934 0.0163934 0.0491803 0.0163934 0.0163934 0.0491803 0.213115 
0.0126582 0.113924 0.0126582 0.0126582 0.0126582 0.0126582 0.0126582 0.0126582 0.139241 0.0126582 0.0126582 0.0379747 0.0886076 0.0126582 0.493671 
0.0337079 0.258427 0.011236 0.258427 0.011236 0.011236 0.011236 0.0337079 0.011236 0.0337079 0.0786517 0.011236 0.0337079 0.0337079 0.168539 
0.0175439 0.368421 0.0526316 0.0175439 0.0175439 0.0526316 0.0175439 0.0175439 0.0175439 0.0526316 0.0526316 0.0175439 0.0175439 0.0175439 0.263158 
0.0130197 0.00377992 0.00125997 0.00125997 0.000419992 0.00125997 0.433011 0.00125997 0.000419992 0.0104998 0.531289 0.00125997 0.000419992 0.000419992 0.000419992 
0.0232558 0.0232558 0.0232558 0.0697674 0.0232558 0.0697674 0.0232558 0.0232558 0.0232558 0.0232558 0.116279 0.162791 0.0232558 0.0232558 0.348837 
0.126761 0.0422535 0.0140845 0.0140845 0.0140845 0.15493 0.0422535 0.0140845 0.0985915 0.0140845 0.0140845 0.0422535 0.0985915 0.0422535 0.267606 
0.00598802 0.00598802 0.00598802 0.0179641 0.00598802 0.00598802 0.269461 0.00598802 0.0299401 0.00598802 0.0778443 0.00598802 0.0179641 0.0299401 0.508982 
0.134328 0.134328 0.0447761 0.0746269 0.0149254 0.0149254 0.0149254 0.0149254 0.0447761 0.0447761 0.0447761 0.0447761 0.0149254 0.104478 0.253731 
0.0126582 0.113924 0.0126582 0.0126582 0.0126582 0.0126582 0.139241 0.0126582 0.0379747 0.0379747 0.0379747 0.0126582 0.0379747 0.0126582 0.493671 
0.000302939 0.000302939 0.000302939 0.000302939 0.000302939 0.000908816 0.520751 0.000302939 0.000908816 0.000302939 0.000302939 0.000302939 0.473493 0.000302939 0.000908816 
0.0105369 0.00150527 0.000501756 0.0406422 0.00852985 0.00250878 0.349724 0.0657301 0.00551932 0.00351229 0.000501756 0.00250878 0.432012 0.0747617 0.00150527 
0.0126582 0.367089 0.0379747 0.367089 0.0379747 0.0126582 0.0379747 0.0126582 0.0126582 0.0379747 0.0126582 0.0126582 0.0126582 0.0126582 0.0126582 
0.135802 0.0123457 0.0123457 0.0123457 0.0123457 0.0123457 0.0123457 0.0123457 0.0123457 0.160494 0.0123457 0.037037 0.037037 0.037037 0.481481 
0.600373 0.0196078 0.0196078 0.015873 0.000933707 0.047619 0.180205 0.0662932 0.0308123 0.000933707 0.00280112 0.000933707 0.00840336 0.000933707 0.00466853 
0.106745 0.00265534 0.0377058 0.0100903 0.0759426 0.000531067 0.429634 0.0015932 0.00477961 0.000531067 0.0642592 0.241636 0.000531067 0.0015932 0.0217738 
0.0332103 0.645756 0.00369004 0.00369004 0.00369004 0.00369004 0.143911 0.00369004 0.0479705 0.00369004 0.0184502 0.00369004 0.00369004 0.00369004 0.0774908 
0.177792 0.00810979 0.00436681 0.00311915 0.00062383 0.00062383 0.377417 0.033063 0.276357 0.00062383 0.0355583 0.00062383 0.0704928 0.00810979 0.00311915 
0.012987 0.012987 0.012987 0.012987 0.0909091 0.012987 0.012987 0.0649351 0.0649351 0.012987 0.116883 0.012987 0.116883 0.012987 0.428571 
0.0163934 0.0163934 0.0163934 0.0163934 0.0491803 0.0163934 0.0163934 0.0163934 0.0163934 0.0491803 0.311475 0.0163934 0.0491803 0.0491803 0.344262 
0.0222222 0.155556 0.0666667 0.0222222 0.0222222 0.0222222 0.0222222 0.0666667 0.0666667 0.0666667 0.0222222 0.0222222 0.0222222 0.0222222 0.377778 
0.0133333 0.173333 0.0133333 0.0133333 0.0133333 0.0133333 0.0133333 0.04 0.0133333 0.0933333 0.0133333 0.146667 0.0133333 0.0133333 0.413333 
0.163927 0.000444247 0.000444247 0.00222124 0.435806 0.00310973 0.370058 0.00222124 0.000444247 0.000444247 0.0119947 0.000444247 0.000444247 0.00666371 0.00133274 
0.000120265 0.00108238 0.000120265 0.000601323 0.000841852 0.000120265 0.568731 0.00132291 0.0020445 0.000360794 0.421046 0.000120265 0.000360794 0.000841852 0.00228503 
0.0408922 0.00371747 0.00371747 0.0111524 0.00371747 0.063197 0.0855019 0.0557621 0.00371747 0.070632 0.434944 0.070632 0.063197 0.0557621 0.0334572 
0.135802 0.301908 0.0886644 0.003367 0.0213244 0.00112233 0.00785634 0.218855 0.0347924 0.0415264 0.00112233 0.010101 0.0684624 0.0617284 0.003367 
0.0829994 0.00057241 0.00057241 0.00057241 0.00629651 0.0394963 0.431025 0.00057241 0.00515169 0.00057241 0.00171723 0.00057241 0.42759 0.00057241 0.00171723 
0.244444 0.585185 0.00740741 0.0518519 0.00740741 0.00740741 0.00740741 0.00740741 0.00740741 0.0222222 0.00740741 0.0222222 0.00740741 0.00740741 0.00740741 
0.0130069 0.0114767 0.0711553 0.00382555 0.196634 0.000765111 0.190513 0.006886 0.000765111 0.00994644 0.00229533 0.00535578 0.296098 0.187452 0.00382555 
0.0183534 0.000524384 0.000524384 0.00996329 0.000524384 0.00157315 0.409544 0.000524384 0.000524384 0.000524384 0.0214997 0.50603 0.0277923 0.00157315 0.000524384 
0.0519685 0.275591 0.0173228 0.0866142 0.00787402 0.00787402 0.234646 0.00472441 0.0330709 0.0456693 0.105512 0.096063 0.0267717 0.0015748 0.00472441 
0.0352941 0.317647 0.0117647 0.0352941 0.0352941 0.0117647 0.0823529 0.0117647 0.0117647 0.0117647 0.0352941 0.0352941 0.0117647 0.0117647 0.341176 
0.00137931 0.0151724 0.00413793 0.00137931 0.00137931 0.00137931 0.244138 0.00689655 0.682759 0.00137931 0.00137931 0.00137931 0.00689655 0.00137931 0.0289655 
0.0021901 0.00394218 0.00043802 0.0021901 0.00043802 0.00481822 0.279895 0.00043802 0.699518 0.00043802 0.00131406 0.00043802 0.00131406 0.0021901 0.00043802 
0.00900901 0.027027 0.027027 0.00900901 0.0630631 0.00900901 0.00900901 0.027027 0.567568 0.00900901 0.00900901 0.00900901 0.0630631 0.0810811 0.0810811 
0.0140845 0.0704225 0.0140845 0.0140845 0.0140845 0.15493 0.0140845 0.0140845 0.211268 0.0140845 0.0140845 0.126761 0.0140845 0.0422535 0.267606 
0.00144718 0.000482393 0.000482393 0.000482393 0.000482393 0.61891 0.371925 0.000482393 0.000482393 0.000482393 0.00144718 0.000482393 0.000482393 0.000482393 0.00144718 
0.251583 0.0116296 0.00132489 0.647873 0.000736052 0.000736052 0.0384219 0.0254674 0.0166348 0.000441631 0.00368026 0.000441631 0.000736052 0.00014721 0.00014721 
0.0491803 0.0163934 0.0491803 0.0163934 0.0163934 0.0491803 0.0163934 0.0163934 0.0819672 0.0163934 0.0819672 0.0163934 0.245902 0.0163934 0.311475 
0.0014627 0.537786 0.000487567 0.00243784 0.0014627 0.000487567 0.447099 0.000487567 0.000487567 0.000487567 0.0014627 0.0043881 0.000487567 0.000487567 0.000487567 
