0.0586735 0.0705782 0.00085034 0.00255102 0.0127551 0.00085034 0.0348639 0.0144558 0.00085034 0.0042517 0.322279 0.00085034 0.412415 0.00595238 0.0501701 0.00765306 
0.00714286 0.00714286 0.0357143 0.207143 0.00714286 0.00714286 0.0357143 0.00714286 0.235714 0.00714286 0.0214286 0.05 0.00714286 0.135714 0.192857 0.0357143 
0.0238095 0.0047619 0.0047619 0.0047619 0.185714 0.0809524 0.0809524 0.0714286 0.252381 0.0047619 0.0142857 0.0047619 0.0047619 0.0047619 0.0333333 0.22381 
0.0131579 0.0394737 0.0131579 0.0131579 0.0131579 0.0131579 0.171053 0.0657895 0.0394737 0.0394737 0.0394737 0.0131579 0.0131579 0.25 0.25 0.0131579 
0.0528846 0.0144231 0.00480769 0.00480769 0.0240385 0.00480769 0.197115 0.0144231 0.0432692 0.0817308 0.0240385 0.0528846 0.0336538 0.0528846 0.350962 0.0432692 
0.144444 0.188889 0.0333333 0.211111 0.1 0.0111111 0.122222 0.0111111 0.0111111 0.0111111 0.0111111 0.0111111 0.0111111 0.0111111 0.0111111 0.1 
0.00248756 0.0920398 0.375622 0.00248756 0.000829187 0.135158 0.0522388 0.0157546 0.000829187 0.00580431 0.0572139 0.00248756 0.21476 0.0290216 0.00414594 0.00912106 
0.0187747 0.0543478 0.275692 0.000988142 0.006917 0.000988142 0.117589 0.0128458 0.0306324 0.00889328 0.00296443 0.000988142 0.325099 0.131423 0.00889328 0.00296443 
0.000688705 0.000688705 0.00619835 0.00206612 0.000688705 0.0323691 0.608127 0.00206612 0.00619835 0.00206612 0.00757576 0.00482094 0.21832 0.042011 0.0612948 0.00482094 
0.00632911 0.00632911 0.00632911 0.0189873 0.0443038 0.0189873 0.0822785 0.0316456 0.272152 0.00632911 0.00632911 0.00632911 0.00632911 0.474684 0.00632911 0.00632911 
0.00657895 0.00657895 0.0197368 0.00657895 0.0460526 0.0197368 0.0328947 0.00657895 0.0460526 0.0460526 0.0197368 0.00657895 0.00657895 0.125 0.572368 0.0328947 
0.00588235 0.0152941 0.00352941 0.00117647 0.00352941 0.00117647 0.0694118 0.0176471 0.00588235 0.309412 0.0364706 0.00588235 0.267059 0.0152941 0.227059 0.0152941 
0.0140187 0.0046729 0.0046729 0.0046729 0.0046729 0.0046729 0.0233645 0.0046729 0.0046729 0.0140187 0.172897 0.0420561 0.088785 0.0514019 0.556075 0.0046729 
0.0217391 0.0217391 0.0217391 0.0652174 0.23913 0.0217391 0.0217391 0.0217391 0.0652174 0.0652174 0.108696 0.152174 0.0217391 0.108696 0.0217391 0.0217391 
0.0102319 0.000682128 0.000682128 0.000682128 0.0047749 0.00750341 0.000682128 0.0143247 0.00341064 0.0197817 0.00613915 0.0429741 0.393588 0.37176 0.111187 0.0115962 
0.263441 0.145161 0.0376344 0.00537634 0.00537634 0.0376344 0.0806452 0.00537634 0.00537634 0.016129 0.0806452 0.102151 0.0591398 0.00537634 0.0483871 0.102151 
0.0046729 0.0233645 0.00155763 0.00155763 0.0109034 0.00155763 0.00778816 0.00778816 0.0233645 0.00155763 0.00155763 0.00155763 0.238318 0.00155763 0.0825545 0.590343 
0.0505952 0.3125 0.00297619 0.00297619 0.0565476 0.00297619 0.0744048 0.00892857 0.0208333 0.0446429 0.0982143 0.00297619 0.110119 0.00297619 0.157738 0.0505952 
0.0166667 0.00185185 0.00185185 0.00555556 0.012963 0.0537037 0.0277778 0.00185185 0.087037 0.0203704 0.00185185 0.012963 0.17963 0.00185185 0.472222 0.101852 
0.00561798 0.00561798 0.00561798 0.00561798 0.00561798 0.747191 0.0168539 0.00561798 0.00561798 0.0168539 0.00561798 0.00561798 0.117978 0.0168539 0.0280899 0.00561798 
0.0113636 0.0113636 0.0113636 0.0113636 0.0340909 0.0113636 0.0340909 0.0113636 0.0113636 0.0113636 0.0795455 0.0568182 0.102273 0.0113636 0.147727 0.443182 
0.00588235 0.158824 0.00588235 0.00588235 0.00588235 0.00588235 0.0529412 0.00588235 0.0176471 0.00588235 0.00588235 0.0176471 0.0882353 0.0411765 0.194118 0.382353 
0.00625 0.04375 0.04375 0.01875 0.01875 0.01875 0.00625 0.00625 0.16875 0.14375 0.00625 0.00625 0.10625 0.06875 0.25625 0.08125 
0.0180723 0.0060241 0.0783133 0.0060241 0.0060241 0.0060241 0.0060241 0.0180723 0.162651 0.126506 0.0180723 0.0542169 0.0662651 0.0903614 0.198795 0.138554 
0.0116071 0.0580357 0.00267857 0.000892857 0.00803571 0.01875 0.0116071 0.0241071 0.0669643 0.0133929 0.00446429 0.00267857 0.274107 0.00625 0.475893 0.0205357 
0.0431034 0.00862069 0.00862069 0.0948276 0.00862069 0.00862069 0.612069 0.0603448 0.00862069 0.00862069 0.0258621 0.0258621 0.0603448 0.00862069 0.00862069 0.00862069 
0.0650224 0.0530643 0.000747384 0.000747384 0.0381166 0.000747384 0.0127055 0.000747384 0.11136 0.00523169 0.00523169 0.000747384 0.627055 0.0246637 0.0500747 0.00373692 
0.00413223 0.0702479 0.0785124 0.0454545 0.293388 0.0123967 0.0289256 0.0289256 0.119835 0.0123967 0.152893 0.00413223 0.0454545 0.0123967 0.0371901 0.053719 
0.0257353 0.231618 0.00367647 0.0330882 0.00367647 0.481618 0.0992647 0.00367647 0.0257353 0.00367647 0.00367647 0.0404412 0.00367647 0.0257353 0.0110294 0.00367647 
0.152778 0.0138889 0.0138889 0.0138889 0.291667 0.0138889 0.0138889 0.0138889 0.0138889 0.0138889 0.0138889 0.0138889 0.0416667 0.125 0.0972222 0.152778 
0.02 0.06 0.02 0.00666667 0.00666667 0.06 0.0866667 0.00666667 0.06 0.00666667 0.166667 0.02 0.00666667 0.02 0.193333 0.26 
0.00551876 0.00331126 0.00110375 0.00331126 0.00110375 0.453642 0.0143488 0.00772627 0.00331126 0.00110375 0.00110375 0.00331126 0.356512 0.00551876 0.135762 0.00331126 
0.00416667 0.00416667 0.00416667 0.0125 0.0291667 0.00416667 0.229167 0.0208333 0.0458333 0.00416667 0.0125 0.00416667 0.0208333 0.0291667 0.0541667 0.520833 
0.00268336 0.000894454 0.00447227 0.049195 0.00626118 0.00268336 0.000894454 0.000894454 0.101073 0.0187835 0.00268336 0.00268336 0.135063 0.0581395 0.000894454 0.612701 
0.0144033 0.0596708 0.00205761 0.00205761 0.00205761 0.00205761 0.00617284 0.0102881 0.109053 0.00617284 0.00205761 0.00205761 0.0802469 0.00205761 0.306584 0.393004 
0.00666667 0.0733333 0.0333333 0.0333333 0.00666667 0.26 0.0866667 0.00666667 0.00666667 0.00666667 0.00666667 0.00666667 0.00666667 0.00666667 0.02 0.433333 
0.125 0.00735294 0.00735294 0.0220588 0.00735294 0.0661765 0.0367647 0.0220588 0.00735294 0.00735294 0.213235 0.00735294 0.330882 0.00735294 0.00735294 0.125 
0.00379747 0.0417722 0.0113924 0.00379747 0.0620253 0.00126582 0.0139241 0.00379747 0.1 0.00126582 0.0291139 0.00126582 0.0164557 0.00632911 0.482278 0.221519 
0.000806452 0.000806452 0.0475806 0.0169355 0.0169355 0.00887097 0.215323 0.000806452 0.181452 0.13629 0.300806 0.00241935 0.00241935 0.0637097 0.00403226 0.000806452 
0.0277778 0.0277778 0.0277778 0.0277778 0.0277778 0.0277778 0.0277778 0.0277778 0.0277778 0.0277778 0.0277778 0.0833333 0.0277778 0.0277778 0.416667 0.138889 
0.115385 0.0714286 0.0164835 0.00549451 0.0164835 0.0164835 0.00549451 0.17033 0.0494505 0.00549451 0.0274725 0.00549451 0.192308 0.0494505 0.203297 0.0494505 
0.0448276 0.0310345 0.00344828 0.00344828 0.00344828 0.134483 0.037931 0.0103448 0.0241379 0.00344828 0.00344828 0.00344828 0.162069 0.0103448 0.47931 0.0448276 
0.166667 0.0185185 0.0185185 0.0555556 0.0555556 0.0555556 0.0555556 0.0185185 0.0185185 0.0555556 0.203704 0.0185185 0.0185185 0.12963 0.0925926 0.0185185 
0.185714 0.128571 0.0428571 0.0142857 0.185714 0.0142857 0.0142857 0.0142857 0.0428571 0.0142857 0.0142857 0.0142857 0.0142857 0.0142857 0.0142857 0.271429 
0.00738916 0.0517241 0.0123153 0.00738916 0.00246305 0.0172414 0.0221675 0.00738916 0.273399 0.046798 0.0172414 0.0123153 0.00246305 0.0123153 0.504926 0.00246305 
0.127119 0.228814 0.00847458 0.0423729 0.0423729 0.00847458 0.00847458 0.0423729 0.00847458 0.00847458 0.0254237 0.0254237 0.161017 0.00847458 0.00847458 0.245763 
0.000611995 0.0446756 0.00917993 0.0104039 0.00673195 0.000611995 0.0116279 0.000611995 0.0361077 0.0104039 0.00550796 0.0238678 0.0422277 0.000611995 0.00305998 0.793758 
0.0046875 0.00989583 0.0473958 0.000520833 0.00364583 0.000520833 0.0817708 0.0015625 0.00989583 0.000520833 0.000520833 0.0171875 0.306771 0.0046875 0.509896 0.000520833 
0.0119048 0.0119048 0.0119048 0.0119048 0.154762 0.0119048 0.0119048 0.0119048 0.0357143 0.0119048 0.0119048 0.0119048 0.0119048 0.0595238 0.583333 0.0357143 
0.0240793 0.114731 0.0184136 0.0212465 0.00424929 0.0127479 0.00141643 0.00141643 0.00991501 0.00424929 0.00991501 0.00141643 0.24221 0.0240793 0.491501 0.0184136 
0.00250836 0.00250836 0.00083612 0.00083612 0.00083612 0.0242475 0.00083612 0.00083612 0.0125418 0.00250836 0.00083612 0.0041806 0.101171 0.00083612 0.00752508 0.836957 
0.00066313 0.0736074 0.00596817 0.00066313 0.00066313 0.00729443 0.00066313 0.00464191 0.173077 0.00066313 0.00331565 0.00066313 0.114721 0.612069 0.00066313 0.00066313 
0.00237718 0.0277338 0.0103011 0.00396197 0.000792393 0.395404 0.00554675 0.000792393 0.000792393 0.000792393 0.00237718 0.00237718 0.276545 0.000792393 0.268621 0.000792393 
0.166667 0.0185185 0.0185185 0.0185185 0.0185185 0.0185185 0.0185185 0.0185185 0.0185185 0.0555556 0.0185185 0.0185185 0.0185185 0.0185185 0.240741 0.314815 
0.0178571 0.0892857 0.0178571 0.0535714 0.0178571 0.125 0.0178571 0.0178571 0.0178571 0.0535714 0.0178571 0.0178571 0.0178571 0.0178571 0.0535714 0.446429 
0.019685 0.011811 0.0669291 0.011811 0.0511811 0.019685 0.00393701 0.00393701 0.00393701 0.00393701 0.53937 0.011811 0.177165 0.00393701 0.0669291 0.00393701 
0.0125 0.0375 0.000961538 0.000961538 0.000961538 0.000961538 0.0163462 0.000961538 0.000961538 0.00673077 0.639423 0.000961538 0.256731 0.0144231 0.00673077 0.00288462 
0.0193133 0.0321888 0.00643777 0.00643777 0.0107296 0.0150215 0.0150215 0.00643777 0.0107296 0.00643777 0.0107296 0.00214592 0.401288 0.00214592 0.45279 0.00214592 
0.00413223 0.0107438 0.022314 0.000826446 0.00578512 0.0272727 0.022314 0.00247934 0.114876 0.000826446 0.000826446 0.00247934 0.157851 0.187603 0.427273 0.0123967 
0.0416667 0.0694444 0.0138889 0.0138889 0.0138889 0.0416667 0.0138889 0.0138889 0.0138889 0.0138889 0.0138889 0.0416667 0.0138889 0.0138889 0.597222 0.0694444 
0.0757576 0.0151515 0.0151515 0.0757576 0.0151515 0.106061 0.136364 0.0151515 0.0151515 0.0151515 0.0151515 0.0454545 0.0454545 0.0151515 0.378788 0.0151515 
0.06 0.02 0.02 0.02 0.02 0.02 0.02 0.02 0.02 0.02 0.02 0.02 0.1 0.02 0.14 0.46 
0.0264946 0.0197011 0.000679348 0.029212 0.00475543 0.0373641 0.0305707 0.000679348 0.0930707 0.241168 0.175951 0.00203804 0.151495 0.00203804 0.184103 0.000679348 
0.0142857 0.0714286 0.0142857 0.0142857 0.0142857 0.128571 0.385714 0.0428571 0.0142857 0.0142857 0.0428571 0.0142857 0.0142857 0.128571 0.0714286 0.0142857 
0.0315315 0.0135135 0.0135135 0.0135135 0.0225225 0.103604 0.0135135 0.0225225 0.0315315 0.0315315 0.0045045 0.0045045 0.175676 0.0495495 0.454955 0.0135135 
0.00980392 0.166667 0.0686275 0.107843 0.00980392 0.00980392 0.0490196 0.0882353 0.0294118 0.00980392 0.205882 0.00980392 0.00980392 0.00980392 0.00980392 0.205882 
0.0125 0.0125 0.0375 0.0625 0.0125 0.0375 0.0125 0.0375 0.0875 0.0125 0.0875 0.0375 0.0625 0.0875 0.0125 0.3875 
0.00731707 0.00731707 0.0219512 0.00243902 0.0121951 0.00243902 0.00731707 0.00243902 0.109756 0.00731707 0.00243902 0.00731707 0.1 0.0170732 0.0658537 0.626829 
0.00757576 0.0530303 0.0378788 0.0378788 0.0227273 0.00757576 0.00757576 0.00757576 0.00757576 0.0227273 0.0378788 0.00757576 0.265152 0.00757576 0.310606 0.159091 
0.143243 0.0135135 0.0243243 0.00810811 0.0837838 0.0297297 0.0621622 0.0027027 0.110811 0.0027027 0.218919 0.0135135 0.202703 0.0405405 0.0405405 0.0027027 
0.0862069 0.0517241 0.0172414 0.0172414 0.0517241 0.12069 0.0172414 0.0172414 0.0172414 0.0172414 0.0517241 0.0172414 0.0172414 0.155172 0.0517241 0.293103 
0.141026 0.0641026 0.0641026 0.0128205 0.0128205 0.0128205 0.0128205 0.0128205 0.0641026 0.0128205 0.0384615 0.0384615 0.0384615 0.166667 0.294872 0.0128205 
0.000715308 0.009299 0.00357654 0.000715308 0.00214592 0.00357654 0.00643777 0.000715308 0.0293276 0.000715308 0.00357654 0.000715308 0.394134 0.00500715 0.537196 0.00214592 
0.0192308 0.0576923 0.0192308 0.0192308 0.0961538 0.134615 0.25 0.0192308 0.0576923 0.0961538 0.0192308 0.0192308 0.0192308 0.0192308 0.134615 0.0192308 
0.00260417 0.0112847 0.00434028 0.00434028 0.000868056 0.0112847 0.0182292 0.00260417 0.0130208 0.000868056 0.486979 0.000868056 0.259549 0.0460069 0.000868056 0.136285 
0.0127334 0.024618 0.00933786 0.016129 0.000848896 0.00254669 0.000848896 0.0195246 0.0687606 0.000848896 0.000848896 0.0398981 0.148557 0.501698 0.00933786 0.143463 
0.016129 0.016129 0.0483871 0.016129 0.016129 0.016129 0.0806452 0.016129 0.016129 0.016129 0.016129 0.403226 0.177419 0.016129 0.112903 0.016129 
0.00526316 0.00526316 0.0157895 0.436842 0.00526316 0.194737 0.0157895 0.0263158 0.0157895 0.0368421 0.00526316 0.0473684 0.00526316 0.00526316 0.0473684 0.131579 
0.0102041 0.0102041 0.0102041 0.0102041 0.0102041 0.418367 0.0510204 0.0102041 0.0102041 0.0102041 0.0102041 0.0102041 0.0102041 0.0102041 0.295918 0.112245 
0.0131579 0.118421 0.118421 0.0394737 0.0131579 0.0131579 0.0131579 0.0131579 0.0657895 0.0394737 0.0131579 0.355263 0.0657895 0.0131579 0.0657895 0.0394737 
0.0531915 0.0531915 0.0319149 0.0106383 0.0106383 0.0106383 0.0106383 0.0106383 0.0319149 0.0744681 0.0319149 0.0106383 0.0531915 0.478723 0.0957447 0.0319149 
0.0925 0.2475 0.1475 0.0625 0.0125 0.1625 0.0925 0.0075 0.0675 0.0025 0.0025 0.0025 0.0075 0.0175 0.0225 0.0525 
0.0192308 0.0192308 0.0192308 0.0192308 0.0192308 0.0576923 0.0192308 0.0192308 0.0192308 0.0192308 0.326923 0.0192308 0.0192308 0.173077 0.0576923 0.173077 
0.0135135 0.121622 0.0135135 0.0135135 0.0405405 0.0135135 0.0135135 0.148649 0.0405405 0.0135135 0.0675676 0.0135135 0.0135135 0.0675676 0.364865 0.0405405 
0.0106383 0.138298 0.0106383 0.159574 0.244681 0.0106383 0.180851 0.0106383 0.0319149 0.0106383 0.0531915 0.0106383 0.0531915 0.0531915 0.0106383 0.0106383 
0.00277778 0.0305556 0.00833333 0.0472222 0.00277778 0.00833333 0.00277778 0.00277778 0.0305556 0.00277778 0.00277778 0.00277778 0.0527778 0.00277778 0.0194444 0.780556 
0.01 0.03 0.01 0.05 0.23 0.01 0.03 0.01 0.01 0.03 0.11 0.03 0.11 0.01 0.15 0.17 
0.0441176 0.0147059 0.0147059 0.0441176 0.0147059 0.0441176 0.132353 0.0147059 0.0147059 0.0441176 0.0147059 0.0147059 0.0147059 0.308824 0.25 0.0147059 
0.00500715 0.000715308 0.000715308 0.000715308 0.000715308 0.00643777 0.000715308 0.000715308 0.000715308 0.000715308 0.00214592 0.584406 0.296853 0.0979971 0.000715308 0.000715308 
0.00316456 0.00316456 0.00316456 0.00316456 0.00316456 0.00316456 0.00316456 0.00316456 0.0474684 0.00316456 0.0158228 0.00316456 0.0158228 0.00949367 0.00316456 0.876582 
0.0833333 0.0166667 0.0166667 0.0166667 0.0166667 0.05 0.283333 0.0166667 0.05 0.0166667 0.183333 0.05 0.0166667 0.0166667 0.15 0.0166667 
0.0528455 0.0609756 0.00406504 0.0365854 0.00406504 0.00406504 0.215447 0.0365854 0.0691057 0.0365854 0.150407 0.0121951 0.00406504 0.142276 0.158537 0.0121951 
0.0178571 0.0535714 0.0535714 0.0178571 0.0178571 0.0178571 0.0178571 0.0178571 0.0178571 0.0535714 0.0535714 0.0178571 0.0892857 0.0178571 0.0892857 0.446429 
0.0146805 0.0215889 0.00259067 0.0181347 0.000863558 0.000863558 0.0129534 0.00259067 0.0112263 0.000863558 0.0595855 0.00259067 0.259931 0.000863558 0.588083 0.00259067 
0.121622 0.0675676 0.0135135 0.0135135 0.0135135 0.0405405 0.0675676 0.0135135 0.0135135 0.0135135 0.0135135 0.0135135 0.0135135 0.0135135 0.0405405 0.527027 
0.0102041 0.0306122 0.0102041 0.0306122 0.0102041 0.0102041 0.0714286 0.0714286 0.0306122 0.0102041 0.0102041 0.0102041 0.479592 0.0714286 0.0306122 0.112245 
0.0164474 0.101974 0.0296053 0.00328947 0.00328947 0.00328947 0.00986842 0.00328947 0.108553 0.00328947 0.00328947 0.00986842 0.00986842 0.00986842 0.0230263 0.661184 
0.00143403 0.0559273 0.0043021 0.000478011 0.000478011 0.000478011 0.00717017 0.000478011 0.266252 0.00143403 0.000478011 0.00143403 0.0702677 0.000478011 0.186902 0.402008 
0.000880282 0.0924296 0.000880282 0.000880282 0.000880282 0.497359 0.000880282 0.00264085 0.150528 0.000880282 0.000880282 0.000880282 0.245599 0.000880282 0.00264085 0.000880282 
0.0529197 0.0127737 0.00547445 0.00182482 0.0273723 0.0127737 0.337591 0.00182482 0.140511 0.00182482 0.0127737 0.00182482 0.0748175 0.00182482 0.0675182 0.24635 
0.00568182 0.176136 0.0397727 0.00568182 0.00568182 0.00568182 0.267045 0.0511364 0.00568182 0.00568182 0.0397727 0.0511364 0.00568182 0.0965909 0.210227 0.0284091 
0.016129 0.016129 0.016129 0.016129 0.016129 0.016129 0.016129 0.016129 0.016129 0.0483871 0.016129 0.016129 0.016129 0.016129 0.693548 0.0483871 
0.0394737 0.0394737 0.0131579 0.0394737 0.0131579 0.0131579 0.0394737 0.0131579 0.118421 0.0131579 0.0394737 0.0131579 0.0131579 0.0131579 0.0131579 0.565789 
0.000763359 0.00534351 0.000763359 0.00839695 0.00229008 0.000763359 0.0435115 0.000763359 0.0877863 0.019084 0.535115 0.000763359 0.0603053 0.217557 0.000763359 0.0160305 
0.0306122 0.0918367 0.0102041 0.0510204 0.0918367 0.0510204 0.0918367 0.0102041 0.0102041 0.0510204 0.234694 0.0510204 0.0102041 0.153061 0.0102041 0.0510204 
0.0846995 0.166667 0.068306 0.00273224 0.0628415 0.139344 0.00273224 0.00819672 0.0355191 0.0519126 0.00819672 0.00819672 0.0191257 0.0300546 0.237705 0.0737705 
0.00285714 0.00285714 0.00285714 0.0257143 0.0142857 0.00285714 0.58 0.00857143 0.145714 0.00857143 0.00857143 0.00857143 0.00285714 0.0485714 0.111429 0.0257143 
0.0375 0.0125 0.1625 0.0125 0.0125 0.0125 0.0125 0.0125 0.0125 0.0375 0.0375 0.0125 0.0375 0.3875 0.1375 0.0625 
0.0008726 0.0095986 0.0008726 0.0008726 0.0008726 0.306283 0.0794066 0.0008726 0.0026178 0.0061082 0.166667 0.0008726 0.0410122 0.269634 0.112565 0.0008726 
0.166667 0.0897436 0.0128205 0.0128205 0.0384615 0.0128205 0.0128205 0.0384615 0.0128205 0.0128205 0.0641026 0.0128205 0.0641026 0.0128205 0.371795 0.0641026 
0.00561798 0.00561798 0.00561798 0.00561798 0.00561798 0.331461 0.00561798 0.00561798 0.00561798 0.0168539 0.0280899 0.00561798 0.0168539 0.00561798 0.264045 0.286517 
0.000869565 0.00782609 0.000869565 0.000869565 0.000869565 0.246087 0.138261 0.00956522 0.000869565 0.000869565 0.000869565 0.216522 0.256522 0.0130435 0.0652174 0.0408696 
0.208333 0.0416667 0.0138889 0.0138889 0.0138889 0.0416667 0.0416667 0.0138889 0.0138889 0.0138889 0.0138889 0.0138889 0.208333 0.0416667 0.0972222 0.208333 
0.00381679 0.00381679 0.00381679 0.00381679 0.00381679 0.00381679 0.171756 0.00381679 0.133588 0.0419847 0.019084 0.0496183 0.0419847 0.461832 0.0343511 0.019084 
0.385856 0.00124069 0.00868486 0.00124069 0.028536 0.0186104 0.00124069 0.028536 0.00620347 0.0483871 0.00124069 0.0136476 0.378412 0.016129 0.0409429 0.0210918 
0.00543478 0.0163043 0.0380435 0.00543478 0.00543478 0.00543478 0.00543478 0.00543478 0.00543478 0.00543478 0.0271739 0.00543478 0.353261 0.00543478 0.00543478 0.505435 
0.102941 0.0441176 0.0147059 0.0441176 0.102941 0.0441176 0.0147059 0.0147059 0.25 0.0147059 0.0735294 0.0147059 0.102941 0.0147059 0.132353 0.0147059 
0.00714286 0.0261905 0.00238095 0.00238095 0.00238095 0.00714286 0.716667 0.00238095 0.188095 0.00238095 0.0119048 0.00238095 0.00714286 0.00238095 0.0119048 0.00714286 
0.0209581 0.00299401 0.00299401 0.00898204 0.0149701 0.182635 0.0209581 0.00299401 0.218563 0.00299401 0.00299401 0.00299401 0.0748503 0.0389222 0.398204 0.00299401 
0.0892857 0.160714 0.0178571 0.0535714 0.0892857 0.0178571 0.0535714 0.0178571 0.0178571 0.0178571 0.0178571 0.0178571 0.267857 0.0178571 0.0178571 0.125 
0.0357143 0.0119048 0.00396825 0.00396825 0.00396825 0.00396825 0.00396825 0.0198413 0.0119048 0.00396825 0.00396825 0.00396825 0.234127 0.154762 0.496032 0.00396825 
0.00684932 0.0342466 0.00684932 0.00684932 0.0205479 0.00684932 0.705479 0.00684932 0.00684932 0.0205479 0.00684932 0.116438 0.00684932 0.0205479 0.00684932 0.0205479 
0.00106157 0.0138004 0.0138004 0.00318471 0.00106157 0.00106157 0.00530786 0.00106157 0.0774947 0.00318471 0.00106157 0.007431 0.183652 0.132696 0.553079 0.00106157 
0.0932203 0.00847458 0.0254237 0.00847458 0.00847458 0.00847458 0.00847458 0.00847458 0.059322 0.00847458 0.127119 0.00847458 0.0423729 0.059322 0.0254237 0.5 
0.00242326 0.0088853 0.00242326 0.488691 0.000807754 0.0735057 0.00726979 0.00565428 0.0993538 0.000807754 0.0201939 0.0266559 0.133279 0.0250404 0.0088853 0.0961228 
0.00126582 0.00886076 0.00126582 0.00126582 0.00126582 0.337975 0.00379747 0.00126582 0.0139241 0.00886076 0.00126582 0.00886076 0.411392 0.00886076 0.188608 0.00126582 
0.0687773 0.0010917 0.00327511 0.00545852 0.0010917 0.0010917 0.490175 0.0120087 0.00545852 0.00982533 0.0338428 0.0010917 0.164847 0.118996 0.0818777 0.0010917 
0.000593824 0.0195962 0.00178147 0.0255344 0.0350356 0.000593824 0.0445368 0.00296912 0.329572 0.00178147 0.407957 0.00296912 0.0528504 0.0635392 0.000593824 0.010095 
0.000544662 0.00272331 0.000544662 0.000544662 0.000544662 0.000544662 0.171569 0.304466 0.00490196 0.00272331 0.000544662 0.00381264 0.350218 0.15305 0.000544662 0.00272331 
0.002149 0.000716332 0.000716332 0.010745 0.002149 0.0336676 0.0608883 0.330229 0.036533 0.0121777 0.00501433 0.00501433 0.222779 0.247135 0.000716332 0.0293696 
0.00561798 0.00561798 0.0842697 0.00561798 0.117978 0.0168539 0.623596 0.00561798 0.0168539 0.0730337 0.00561798 0.0168539 0.00561798 0.00561798 0.00561798 0.00561798 
0.00409836 0.0254098 0.000819672 0.000819672 0.0106557 0.00409836 0.0434426 0.00245902 0.0139344 0.000819672 0.000819672 0.000819672 0.210656 0.000819672 0.00737705 0.672951 
0.000848896 0.00424448 0.000848896 0.00424448 0.00254669 0.00254669 0.0500849 0.00254669 0.109508 0.000848896 0.00764007 0.000848896 0.101019 0.00424448 0.671477 0.0365025 
0.00625 0.00625 0.00625 0.00625 0.00625 0.01875 0.00625 0.00625 0.00625 0.04375 0.00625 0.14375 0.01875 0.01875 0.09375 0.60625 
0.00431034 0.0991379 0.0991379 0.00431034 0.0560345 0.00431034 0.0560345 0.0732759 0.00431034 0.00431034 0.0991379 0.012931 0.0560345 0.00431034 0.262931 0.159483 
0.000683995 0.00478796 0.00205198 0.000683995 0.00341997 0.0458276 0.119699 0.000683995 0.252394 0.00478796 0.0170999 0.00341997 0.107387 0.0677155 0.368673 0.000683995 
0.00180723 0.0343373 0.00662651 0.00060241 0.0150602 0.00060241 0.572892 0.00060241 0.0391566 0.00421687 0.00060241 0.00180723 0.31747 0.00060241 0.00180723 0.00180723 
0.440341 0.00094697 0.00284091 0.0142045 0.00094697 0.0104167 0.00284091 0.0369318 0.00094697 0.00852273 0.0501894 0.00284091 0.317235 0.0520833 0.0577652 0.00094697 
0.0145631 0.0359223 0.00291262 0.127184 0.0417476 0.0203883 0.0553398 0.0145631 0.0223301 0.321359 0.00679612 0.0242718 0.173786 0.0398058 0.0708738 0.0281553 
0.00285171 0.00095057 0.00285171 0.00095057 0.00285171 0.00095057 0.0408745 0.00285171 0.0237643 0.00855513 0.00095057 0.00665399 0.257605 0.546578 0.0161597 0.0846008 
0.0656566 0.126263 0.00505051 0.0151515 0.0353535 0.00505051 0.00505051 0.00505051 0.0454545 0.0151515 0.0252525 0.00505051 0.0555556 0.0454545 0.0252525 0.520202 
0.144295 0.0234899 0.0100671 0.0100671 0.0167785 0.0033557 0.0033557 0.0167785 0.0033557 0.0100671 0.0033557 0.0033557 0.0973154 0.0234899 0.0100671 0.620805 
0.00337838 0.0101351 0.00337838 0.0168919 0.00337838 0.0844595 0.00337838 0.00337838 0.00337838 0.0168919 0.0101351 0.00337838 0.00337838 0.0101351 0.0101351 0.814189 
0.00106383 0.00744681 0.0287234 0.524468 0.00106383 0.0329787 0.00106383 0.00106383 0.256383 0.00957447 0.00531915 0.0734043 0.0223404 0.00744681 0.0223404 0.00531915 
0.000682128 0.00204638 0.00204638 0.00613915 0.000682128 0.00341064 0.0129604 0.00613915 0.0989086 0.57367 0.00613915 0.00204638 0.178035 0.0948158 0.00613915 0.00613915 
0.00157729 0.0615142 0.00788644 0.011041 0.00157729 0.00157729 0.0173502 0.00157729 0.0268139 0.011041 0.00157729 0.00473186 0.011041 0.00157729 0.0173502 0.821767 
0.0119048 0.0357143 0.0119048 0.0357143 0.0119048 0.0119048 0.0119048 0.0595238 0.0119048 0.0833333 0.0119048 0.0119048 0.22619 0.0119048 0.440476 0.0119048 
0.0151515 0.0151515 0.0151515 0.0151515 0.0454545 0.0454545 0.0151515 0.0151515 0.0151515 0.0454545 0.0757576 0.0151515 0.106061 0.166667 0.0151515 0.378788 
0.103774 0.00943396 0.254717 0.0283019 0.00943396 0.00943396 0.00943396 0.00943396 0.0283019 0.0283019 0.103774 0.0283019 0.00943396 0.0660377 0.273585 0.0283019 
0.0270492 0.000819672 0.000819672 0.000819672 0.00409836 0.00409836 0.0631148 0.00245902 0.127049 0.000819672 0.0155738 0.00409836 0.131967 0.228689 0.387705 0.000819672 
0.000705219 0.000705219 0.000705219 0.00211566 0.00211566 0.000705219 0.000705219 0.00211566 0.000705219 0.000705219 0.460508 0.000705219 0.523977 0.00211566 0.000705219 0.000705219 
0.00322997 0.0342377 0.000645995 0.00581395 0.000645995 0.000645995 0.000645995 0.00322997 0.111757 0.0652455 0.00452196 0.000645995 0.0626615 0.181525 0.44509 0.0794574 
0.000793651 0.000793651 0.000793651 0.000793651 0.000793651 0.000793651 0.0119048 0.00396825 0.00396825 0.000793651 0.000793651 0.000793651 0.42619 0.543651 0.00238095 0.000793651 
0.00294118 0.000980392 0.00294118 0.000980392 0.00686275 0.00294118 0.000980392 0.000980392 0.169608 0.000980392 0.00490196 0.636275 0.163725 0.000980392 0.00294118 0.000980392 
0.0041876 0.00251256 0.00586265 0.000837521 0.00251256 0.00921273 0.11809 0.000837521 0.0762144 0.00251256 0.0041876 0.0309883 0.0929648 0.0628141 0.565327 0.020938 
0.00561798 0.0168539 0.00561798 0.533708 0.0168539 0.00561798 0.0280899 0.0505618 0.0505618 0.0505618 0.0168539 0.0955056 0.00561798 0.0393258 0.0393258 0.0393258 
0.00574713 0.189655 0.00574713 0.0977011 0.0862069 0.0632184 0.0287356 0.00574713 0.00574713 0.00574713 0.00574713 0.0172414 0.201149 0.00574713 0.258621 0.0172414 
0.00331126 0.00596026 0.000662252 0.000662252 0.00198675 0.00463576 0.0483444 0.00596026 0.0271523 0.00198675 0.00331126 0.335762 0.519868 0.0324503 0.00728477 0.000662252 
0.0172414 0.0172414 0.0172414 0.0172414 0.0862069 0.0172414 0.0517241 0.0172414 0.0172414 0.0172414 0.0172414 0.0517241 0.0172414 0.603448 0.0172414 0.0172414 
0.0138889 0.00462963 0.0324074 0.0416667 0.00462963 0.00462963 0.00462963 0.0138889 0.0138889 0.0231481 0.0231481 0.0231481 0.486111 0.0138889 0.291667 0.00462963 
0.00555556 0.0166667 0.0722222 0.0166667 0.00555556 0.0388889 0.0833333 0.0277778 0.0611111 0.0166667 0.0166667 0.0166667 0.183333 0.0166667 0.0833333 0.338889 
0.00581395 0.156977 0.00581395 0.0406977 0.0523256 0.00581395 0.00581395 0.00581395 0.00581395 0.00581395 0.00581395 0.00581395 0.00581395 0.00581395 0.459302 0.226744 
0.0260417 0.119792 0.109375 0.0260417 0.130208 0.0885417 0.00520833 0.00520833 0.015625 0.0364583 0.00520833 0.00520833 0.078125 0.00520833 0.0989583 0.244792 
0.0116279 0.0348837 0.0348837 0.0116279 0.0581395 0.0813953 0.0348837 0.0581395 0.0116279 0.0348837 0.0813953 0.0348837 0.0116279 0.0581395 0.174419 0.267442 
0.111446 0.0150602 0.00301205 0.0271084 0.0331325 0.0150602 0.358434 0.00301205 0.0271084 0.00301205 0.00301205 0.0210843 0.165663 0.00301205 0.183735 0.0271084 
0.0150215 0.00643777 0.0321888 0.0450644 0.0193133 0.00214592 0.208155 0.027897 0.156652 0.00214592 0.0236052 0.0150215 0.00214592 0.113734 0.315451 0.0150215 
0.000720461 0.0324207 0.000720461 0.0165706 0.00792507 0.000720461 0.0914986 0.00360231 0.04683 0.000720461 0.000720461 0.000720461 0.322046 0.00360231 0.467579 0.00360231 
0.00320513 0.00961538 0.00106838 0.0202991 0.00320513 0.00534188 0.0544872 0.00320513 0.00106838 0.00320513 0.430556 0.00106838 0.456197 0.00320513 0.00106838 0.00320513 
0.00130208 0.0247396 0.0117188 0.00390625 0.00130208 0.00390625 0.00390625 0.00130208 0.0429688 0.0117188 0.0195312 0.0221354 0.0690104 0.00390625 0.00130208 0.777344 
0.00434783 0.00144928 0.00144928 0.0130435 0.00144928 0.74058 0.0130435 0.0217391 0.00724638 0.0130435 0.00434783 0.00144928 0.126087 0.00434783 0.0449275 0.00144928 
0.00412541 0.114686 0.00247525 0.528878 0.00247525 0.0387789 0.0354785 0.000825083 0.0107261 0.0123762 0.00247525 0.000825083 0.106436 0.00577558 0.0371287 0.0965347 
0.00833333 0.191667 0.025 0.00833333 0.00833333 0.075 0.00833333 0.025 0.025 0.0416667 0.075 0.191667 0.108333 0.00833333 0.075 0.125 
0.00203252 0.144309 0.00203252 0.0101626 0.00203252 0.00609756 0.29065 0.00609756 0.00203252 0.0182927 0.0955285 0.00203252 0.111789 0.0142276 0.29065 0.00203252 
0.003125 0.078125 0.015625 0.003125 0.003125 0.003125 0.003125 0.003125 0.078125 0.003125 0.028125 0.009375 0.065625 0.159375 0.346875 0.196875 
0.0019084 0.612595 0.00572519 0.0019084 0.0171756 0.0515267 0.0248092 0.0019084 0.0171756 0.0667939 0.0019084 0.00572519 0.135496 0.0019084 0.00572519 0.0477099 
0.00273224 0.188525 0.494536 0.00819672 0.00819672 0.00819672 0.00273224 0.00273224 0.122951 0.0300546 0.0409836 0.0464481 0.0355191 0.00273224 0.00273224 0.00273224 
0.00987433 0.0439856 0.00987433 0.0421903 0.002693 0.000897666 0.002693 0.00987433 0.0583483 0.000897666 0.376122 0.002693 0.0655296 0.142729 0.0152603 0.216338 
0.0648148 0.00925926 0.0462963 0.157407 0.0648148 0.0648148 0.00925926 0.00925926 0.00925926 0.00925926 0.101852 0.0833333 0.0833333 0.00925926 0.212963 0.0648148 
0.012931 0.00143678 0.00143678 0.00431034 0.00143678 0.53592 0.00143678 0.00143678 0.00431034 0.00143678 0.00143678 0.00143678 0.127874 0.104885 0.193966 0.00431034 
0.00199734 0.00865513 0.000665779 0.0139814 0.00599201 0.000665779 0.0286285 0.00998668 0.199068 0.00199734 0.0206391 0.00199734 0.0805593 0.611851 0.00998668 0.00332889 
0.000904159 0.0045208 0.0135624 0.0726341 0.00572634 0.0201929 0.120856 0.000301386 0.0840868 0.000301386 0.00331525 0.424051 0.225136 0.0021097 0.0213984 0.000904159 
0.0010989 0.0186813 0.00549451 0.0032967 0.0010989 0.456044 0.0604396 0.00549451 0.00769231 0.0120879 0.00549451 0.0032967 0.141758 0.273626 0.0032967 0.0010989 
0.0141243 0.00282486 0.00282486 0.00282486 0.00282486 0.00282486 0.10452 0.0254237 0.0310734 0.00282486 0.0423729 0.00282486 0.0367232 0.251412 0.353107 0.121469 
0.0135135 0.0405405 0.0135135 0.0675676 0.0135135 0.121622 0.0405405 0.0135135 0.0135135 0.0675676 0.0405405 0.0405405 0.0135135 0.0405405 0.0135135 0.445946 
0.0135542 0.0286145 0.0165663 0.0195783 0.00150602 0.00150602 0.103916 0.00753012 0.0105422 0.00150602 0.0105422 0.00753012 0.24247 0.00451807 0.00150602 0.528614 
0.122609 0.122609 0.000869565 0.000869565 0.0356522 0.000869565 0.0443478 0.0165217 0.00434783 0.00782609 0.266957 0.00782609 0.308696 0.0026087 0.000869565 0.0565217 
0.00632911 0.0189873 0.00632911 0.00632911 0.00632911 0.0316456 0.259494 0.00632911 0.0316456 0.0189873 0.00632911 0.00632911 0.0696203 0.00632911 0.386076 0.132911 
0.00695825 0.225646 0.0248509 0.0506958 0.000994036 0.00298211 0.374751 0.00497018 0.0924453 0.150099 0.000994036 0.00695825 0.0506958 0.00298211 0.000994036 0.00298211 
0.00806452 0.0295699 0.0134409 0.00268817 0.00268817 0.0188172 0.0134409 0.00806452 0.0134409 0.00268817 0.0241935 0.0833333 0.126344 0.00806452 0.00268817 0.642473 
0.00462963 0.11045 0.000661376 0.0416667 0.00330688 0.0271164 0.0866402 0.0853175 0.14881 0.00330688 0.0390212 0.00595238 0.0231481 0.390873 0.0284392 0.000661376 
0.000844595 0.0143581 0.000844595 0.304899 0.00422297 0.0160473 0.0988176 0.000844595 0.139358 0.00591216 0.00591216 0.000844595 0.161318 0.0532095 0.169764 0.0228041 
0.00161117 0.0596133 0.0424275 0.116541 0.000537057 0.0123523 0.00483351 0.000537057 0.624597 0.00483351 0.0155747 0.00268528 0.106874 0.00268528 0.0037594 0.000537057 
0.00071736 0.00932568 0.00215208 0.277618 0.00071736 0.00071736 0.00071736 0.00071736 0.00071736 0.00071736 0.00071736 0.00071736 0.403874 0.274749 0.0251076 0.00071736 
0.00340136 0.0102041 0.0238095 0.248299 0.0102041 0.00340136 0.0102041 0.00340136 0.207483 0.0170068 0.00340136 0.0646259 0.214286 0.0442177 0.12585 0.0102041 
0.0192308 0.0192308 0.288462 0.134615 0.0192308 0.0192308 0.0192308 0.0192308 0.0192308 0.134615 0.0192308 0.0192308 0.211538 0.0192308 0.0192308 0.0192308 
0.0176471 0.0647059 0.000840336 0.00756303 0.000840336 0.000840336 0.000840336 0.000840336 0.0344538 0.000840336 0.00420168 0.00420168 0.168908 0.589076 0.0310924 0.0731092 
0.000613497 0.165031 0.000613497 0.0276074 0.00306748 0.00429448 0.0214724 0.00552147 0.0141104 0.00184049 0.00184049 0.513497 0.223926 0.00306748 0.0116564 0.00184049 
0.0294118 0.0294118 0.0294118 0.0882353 0.323529 0.0294118 0.0294118 0.0294118 0.0294118 0.0882353 0.147059 0.0294118 0.0294118 0.0294118 0.0294118 0.0294118 
0.0892857 0.0178571 0.0178571 0.303571 0.339286 0.0178571 0.0535714 0.0178571 0.0178571 0.0178571 0.0178571 0.0178571 0.0178571 0.0178571 0.0178571 0.0178571 
0.175676 0.0135135 0.0405405 0.0675676 0.337838 0.0135135 0.0405405 0.0135135 0.0405405 0.148649 0.0405405 0.0135135 0.0135135 0.0135135 0.0135135 0.0135135 
0.0214844 0.0449219 0.150391 0.00585938 0.00195312 0.568359 0.0214844 0.0214844 0.0683594 0.00195312 0.0175781 0.0136719 0.0488281 0.00976562 0.00195312 0.00195312 
0.000821018 0.0730706 0.000821018 0.519704 0.00246305 0.000821018 0.0500821 0.0090312 0.0336617 0.00738916 0.000821018 0.000821018 0.155172 0.0270936 0.00410509 0.114122 
0.0535714 0.0178571 0.0178571 0.0178571 0.0535714 0.0178571 0.0178571 0.0178571 0.0178571 0.0178571 0.0535714 0.125 0.0178571 0.410714 0.0178571 0.125 
0.0116279 0.0212038 0.00341997 0.0253078 0.000683995 0.000683995 0.000683995 0.00889193 0.0266758 0.0253078 0.00205198 0.000683995 0.293434 0.560192 0.000683995 0.0184679 
0.0921053 0.0131579 0.0921053 0.0657895 0.0131579 0.0131579 0.0394737 0.118421 0.0921053 0.144737 0.0394737 0.0921053 0.0131579 0.144737 0.0131579 0.0131579 
0.0405405 0.0135135 0.175676 0.0135135 0.175676 0.0135135 0.0135135 0.0135135 0.0405405 0.0945946 0.0675676 0.0135135 0.0135135 0.202703 0.0945946 0.0135135 
0.02 0.3 0.02 0.34 0.02 0.06 0.02 0.02 0.02 0.06 0.02 0.02 0.02 0.02 0.02 0.02 
0.0394737 0.0131579 0.0394737 0.381579 0.0394737 0.0657895 0.0131579 0.144737 0.0394737 0.0131579 0.0131579 0.0131579 0.0657895 0.0394737 0.0131579 0.0657895 
0.0240385 0.00480769 0.00480769 0.213141 0.00801282 0.00160256 0.00160256 0.00480769 0.0240385 0.575321 0.00160256 0.00160256 0.126603 0.00160256 0.00160256 0.00480769 
0.0221675 0.0517241 0.00246305 0.0566502 0.0172414 0.0369458 0.00246305 0.0270936 0.100985 0.504926 0.00246305 0.00246305 0.165025 0.00246305 0.00246305 0.00246305 
0.158537 0.0121951 0.0609756 0.280488 0.0121951 0.0609756 0.0121951 0.0121951 0.0121951 0.0609756 0.0365854 0.0121951 0.207317 0.0121951 0.0365854 0.0121951 
0.634036 0.00451807 0.000903614 0.00331325 0.000301205 0.000903614 0.000301205 0.000903614 0.000903614 0.00150602 0.000301205 0.000903614 0.34488 0.000301205 0.000301205 0.00572289 
0.103774 0.292453 0.00943396 0.0471698 0.0283019 0.0471698 0.00943396 0.00943396 0.00943396 0.235849 0.00943396 0.00943396 0.0660377 0.00943396 0.00943396 0.103774 
0.0628743 0.000998004 0.000998004 0.00299401 0.00499002 0.000998004 0.000998004 0.498004 0.00299401 0.0489022 0.000998004 0.0329341 0.242515 0.000998004 0.000998004 0.0968064 
0.0972222 0.0138889 0.0138889 0.0416667 0.0694444 0.0138889 0.0138889 0.319444 0.0416667 0.152778 0.0138889 0.0138889 0.0138889 0.0138889 0.0138889 0.152778 
0.00111111 0.0166667 0.00111111 0.0877778 0.00111111 0.00111111 0.00111111 0.00111111 0.03 0.634444 0.00333333 0.00333333 0.143333 0.00111111 0.00333333 0.07 
0.075 0.025 0.025 0.075 0.075 0.025 0.025 0.025 0.025 0.275 0.075 0.075 0.025 0.025 0.025 0.125 
0.00188679 0.0534591 0.000628931 0.738994 0.00188679 0.000628931 0.000628931 0.0144654 0.107547 0.000628931 0.000628931 0.000628931 0.0735849 0.000628931 0.000628931 0.00314465 
0.0373134 0.00746269 0.00746269 0.0522388 0.30597 0.0373134 0.0373134 0.0223881 0.11194 0.0671642 0.00746269 0.0373134 0.216418 0.0373134 0.00746269 0.00746269 
0.0925926 0.0185185 0.0185185 0.0185185 0.0185185 0.277778 0.0555556 0.0185185 0.0185185 0.0555556 0.0185185 0.0555556 0.0555556 0.203704 0.0185185 0.0555556 
0.1875 0.0625 0.0125 0.1125 0.1125 0.0375 0.0125 0.0375 0.0125 0.1375 0.0625 0.0125 0.0125 0.0375 0.0375 0.1125 
0.0972222 0.0694444 0.0416667 0.180556 0.0416667 0.0138889 0.0138889 0.0138889 0.0138889 0.0694444 0.0138889 0.0972222 0.0694444 0.0138889 0.0416667 0.208333 
0.06 0.1 0.02 0.38 0.02 0.02 0.02 0.02 0.02 0.14 0.02 0.02 0.02 0.1 0.02 0.02 
0.00452899 0.000905797 0.475543 0.0606884 0.000905797 0.000905797 0.000905797 0.000905797 0.0860507 0.000905797 0.00452899 0.000905797 0.151268 0.000905797 0.00271739 0.207428 
0.0416667 0.0416667 0.0138889 0.208333 0.0138889 0.0138889 0.0138889 0.0138889 0.0694444 0.0972222 0.208333 0.0694444 0.0138889 0.0416667 0.0138889 0.125 
0.0277778 0.0277778 0.0833333 0.194444 0.0277778 0.0277778 0.0277778 0.0277778 0.0833333 0.305556 0.0277778 0.0277778 0.0277778 0.0277778 0.0277778 0.0277778 
0.0227273 0.0227273 0.204545 0.0227273 0.0227273 0.113636 0.0227273 0.0227273 0.0227273 0.0227273 0.0227273 0.0227273 0.25 0.0227273 0.0227273 0.159091 
0.357143 0.0428571 0.0428571 0.185714 0.0714286 0.0714286 0.0142857 0.0142857 0.0428571 0.0142857 0.0428571 0.0428571 0.0142857 0.0142857 0.0142857 0.0142857 
0.0172414 0.396552 0.155172 0.0172414 0.0172414 0.0172414 0.0172414 0.0172414 0.0172414 0.0172414 0.0517241 0.0517241 0.0172414 0.0172414 0.0172414 0.155172 
0.214286 0.0142857 0.0142857 0.0142857 0.185714 0.0142857 0.0142857 0.0142857 0.0142857 0.0714286 0.0714286 0.185714 0.0714286 0.0142857 0.0142857 0.0714286 
0.00071736 0.00215208 0.00215208 0.0724534 0.00071736 0.00071736 0.00502152 0.00071736 0.00071736 0.00071736 0.718077 0.00071736 0.175753 0.0150646 0.00215208 0.00215208 
0.00413223 0.00413223 0.0206612 0.409091 0.0206612 0.0206612 0.128099 0.0702479 0.00413223 0.0371901 0.0702479 0.0454545 0.0123967 0.0289256 0.053719 0.0702479 
0.0365854 0.0365854 0.0121951 0.0365854 0.0853659 0.0609756 0.0365854 0.0365854 0.0121951 0.0121951 0.0121951 0.0609756 0.0365854 0.134146 0.0121951 0.378049 
0.283784 0.283784 0.0405405 0.0675676 0.0135135 0.0405405 0.0135135 0.0135135 0.0405405 0.0135135 0.0135135 0.0675676 0.0135135 0.0405405 0.0405405 0.0135135 
0.00740132 0.00904605 0.0238487 0.0304276 0.00904605 0.00246711 0.00246711 0.0337171 0.129112 0.00575658 0.000822368 0.328125 0.398849 0.00246711 0.015625 0.000822368 
0.0283993 0.00946644 0.0111876 0.489673 0.0180723 0.0697074 0.00258176 0.000860585 0.0869191 0.0215146 0.035284 0.000860585 0.141997 0.0765921 0.0060241 0.000860585 
0.0454545 0.0034965 0.0034965 0.0384615 0.388112 0.0104895 0.0034965 0.0174825 0.0104895 0.0104895 0.0034965 0.0034965 0.43007 0.0244755 0.0034965 0.0034965 
0.0572727 0.211818 0.000909091 0.400909 0.00272727 0.00272727 0.000909091 0.000909091 0.000909091 0.000909091 0.0136364 0.0118182 0.286364 0.000909091 0.000909091 0.00636364 
0.15 0.05 0.05 0.183333 0.05 0.0166667 0.0166667 0.0166667 0.316667 0.0166667 0.0166667 0.0166667 0.0166667 0.0166667 0.0166667 0.05 
0.0172414 0.0172414 0.0172414 0.396552 0.0172414 0.0517241 0.0517241 0.0172414 0.189655 0.0517241 0.0172414 0.0172414 0.0862069 0.0172414 0.0172414 0.0172414 
0.0789474 0.0789474 0.289474 0.0263158 0.0789474 0.0263158 0.0263158 0.0263158 0.0263158 0.0263158 0.0263158 0.0263158 0.131579 0.0789474 0.0263158 0.0263158 
0.0192308 0.0192308 0.0961538 0.173077 0.173077 0.0961538 0.0192308 0.134615 0.0192308 0.0192308 0.0192308 0.0192308 0.0192308 0.0576923 0.0192308 0.0961538 
0.000896057 0.00448029 0.0134409 0.000896057 0.00985663 0.000896057 0.000896057 0.000896057 0.0439068 0.0116487 0.00448029 0.570789 0.332437 0.000896057 0.000896057 0.00268817 
0.0013587 0.0149457 0.0013587 0.716033 0.0013587 0.0013587 0.0013587 0.0013587 0.131793 0.0013587 0.0013587 0.00407609 0.10462 0.00679348 0.00679348 0.00407609 
0.0112613 0.00675676 0.0247748 0.358108 0.150901 0.00225225 0.0157658 0.00225225 0.358108 0.00675676 0.00225225 0.0427928 0.00225225 0.0112613 0.00225225 0.00225225 
0.00462963 0.0787037 0.0416667 0.476852 0.208333 0.00462963 0.0324074 0.0324074 0.0138889 0.0138889 0.0138889 0.00462963 0.00462963 0.0416667 0.0231481 0.00462963 
0.000980392 0.165686 0.00294118 0.0245098 0.000980392 0.0852941 0.0186275 0.00294118 0.0127451 0.397059 0.0421569 0.0147059 0.169608 0.00490196 0.0205882 0.0362745 
0.0538752 0.0179584 0.00094518 0.465974 0.0179584 0.00850662 0.00283554 0.00283554 0.0387524 0.0236295 0.00094518 0.0160681 0.258034 0.0671078 0.0236295 0.00094518 
