0.0756803 0.00595238 0.00085034 0.00085034 0.0195578 0.00765306 0.0314626 0.0518707 0.0212585 0.0110544 0.00765306 0.0042517 0.65051 0.00255102 0.0892857 0.0195578 
0.0214286 0.00714286 0.00714286 0.221429 0.0214286 0.00714286 0.264286 0.0214286 0.192857 0.0357143 0.00714286 0.0214286 0.00714286 0.107143 0.05 0.00714286 
0.0428571 0.0238095 0.052381 0.0047619 0.0904762 0.0047619 0.0047619 0.0047619 0.395238 0.0142857 0.0047619 0.0142857 0.0142857 0.0047619 0.0142857 0.309524 
0.0131579 0.0394737 0.0131579 0.0394737 0.0394737 0.0394737 0.25 0.0131579 0.0394737 0.0394737 0.0131579 0.0131579 0.0921053 0.144737 0.197368 0.0131579 
0.0240385 0.0144231 0.0240385 0.0240385 0.00480769 0.00480769 0.197115 0.0336538 0.0913462 0.110577 0.0721154 0.00480769 0.100962 0.0144231 0.274038 0.00480769 
0.166667 0.0333333 0.0111111 0.0111111 0.233333 0.0111111 0.211111 0.122222 0.0333333 0.0111111 0.0111111 0.0111111 0.0111111 0.0111111 0.0555556 0.0555556 
0.00580431 0.0572139 0.383914 0.000829187 0.000829187 0.121891 0.11194 0.0655058 0.000829187 0.000829187 0.0456053 0.000829187 0.123549 0.0356551 0.00580431 0.0389718 
0.000988142 0.034585 0.236166 0.000988142 0.000988142 0.000988142 0.129447 0.00296443 0.000988142 0.00296443 0.0108696 0.145257 0.370553 0.0108696 0.0405138 0.0108696 
0.00482094 0.00206612 0.00206612 0.00619835 0.000688705 0.0378788 0.507576 0.0144628 0.0213499 0.00895317 0.00206612 0.00206612 0.0874656 0.0530303 0.24449 0.00482094 
0.0189873 0.0316456 0.00632911 0.00632911 0.0189873 0.00632911 0.120253 0.0316456 0.246835 0.00632911 0.00632911 0.0316456 0.00632911 0.436709 0.0189873 0.00632911 
0.0328947 0.00657895 0.00657895 0.00657895 0.0592105 0.0328947 0.00657895 0.00657895 0.00657895 0.00657895 0.0197368 0.00657895 0.111842 0.0592105 0.585526 0.0460526 
0.0176471 0.0294118 0.0129412 0.00117647 0.0223529 0.00352941 0.0694118 0.0152941 0.00117647 0.311765 0.00588235 0.0152941 0.217647 0.0294118 0.231765 0.0152941 
0.0140187 0.0046729 0.0046729 0.0140187 0.0046729 0.0140187 0.0046729 0.0046729 0.0233645 0.0046729 0.135514 0.14486 0.0140187 0.0046729 0.574766 0.0327103 
0.0217391 0.0217391 0.0652174 0.0652174 0.0217391 0.0217391 0.0217391 0.108696 0.0217391 0.0652174 0.0652174 0.0217391 0.0217391 0.369565 0.0652174 0.0217391 
0.00750341 0.000682128 0.00750341 0.00341064 0.000682128 0.000682128 0.00613915 0.00204638 0.0143247 0.00750341 0.00886767 0.00613915 0.334925 0.493179 0.085266 0.021146 
0.112903 0.22043 0.00537634 0.00537634 0.0268817 0.00537634 0.145161 0.00537634 0.016129 0.00537634 0.016129 0.00537634 0.102151 0.0591398 0.016129 0.252688 
0.00155763 0.0794393 0.00155763 0.0109034 0.0046729 0.0109034 0.00155763 0.00155763 0.00778816 0.00155763 0.00155763 0.00155763 0.0950156 0.00778816 0.107477 0.665109 
0.0803571 0.0625 0.0386905 0.00297619 0.00297619 0.00297619 0.0505952 0.00892857 0.00297619 0.0863095 0.104167 0.0327381 0.116071 0.00297619 0.377976 0.0267857 
0.00185185 0.00185185 0.00185185 0.00185185 0.00925926 0.0944444 0.00185185 0.00185185 0.0759259 0.00185185 0.00185185 0.00185185 0.172222 0.0166667 0.424074 0.190741 
0.00561798 0.0280899 0.00561798 0.00561798 0.00561798 0.837079 0.0168539 0.00561798 0.00561798 0.0168539 0.0280899 0.00561798 0.00561798 0.0168539 0.00561798 0.00561798 
0.0113636 0.0340909 0.0113636 0.0340909 0.0340909 0.0568182 0.0113636 0.0340909 0.0340909 0.0113636 0.0340909 0.0113636 0.0113636 0.0340909 0.0113636 0.625 
0.0647059 0.0294118 0.00588235 0.0176471 0.0176471 0.00588235 0.00588235 0.00588235 0.0294118 0.00588235 0.00588235 0.0176471 0.0411765 0.00588235 0.205882 0.535294 
0.03125 0.00625 0.14375 0.03125 0.03125 0.03125 0.04375 0.06875 0.18125 0.05625 0.00625 0.00625 0.00625 0.01875 0.14375 0.19375 
0.0903614 0.0060241 0.0783133 0.23494 0.0060241 0.0060241 0.0060241 0.0662651 0.150602 0.0662651 0.0421687 0.0060241 0.0421687 0.0060241 0.0542169 0.138554 
0.000892857 0.0633929 0.283036 0.000892857 0.00267857 0.01875 0.04375 0.0383929 0.0348214 0.000892857 0.0205357 0.000892857 0.197321 0.01875 0.24375 0.03125 
0.0603448 0.00862069 0.0431034 0.00862069 0.00862069 0.0948276 0.577586 0.00862069 0.00862069 0.00862069 0.00862069 0.00862069 0.0775862 0.00862069 0.0603448 0.00862069 
0.0426009 0.0186846 0.0411061 0.000747384 0.04858 0.000747384 0.00822123 0.000747384 0.144245 0.000747384 0.00224215 0.0156951 0.624066 0.00523169 0.0381166 0.00822123 
0.00413223 0.0289256 0.0785124 0.0371901 0.260331 0.00413223 0.0950413 0.0454545 0.0206612 0.00413223 0.235537 0.00413223 0.0702479 0.0206612 0.0454545 0.0454545 
0.0110294 0.180147 0.0110294 0.00367647 0.0698529 0.481618 0.0330882 0.00367647 0.0110294 0.0110294 0.0110294 0.158088 0.00367647 0.00367647 0.00367647 0.00367647 
0.125 0.0138889 0.0416667 0.0138889 0.291667 0.0138889 0.0138889 0.152778 0.0694444 0.0138889 0.0138889 0.0138889 0.0416667 0.0138889 0.0694444 0.0972222 
0.00666667 0.00666667 0.02 0.02 0.02 0.0866667 0.00666667 0.00666667 0.0333333 0.00666667 0.246667 0.00666667 0.0333333 0.1 0.113333 0.286667 
0.00110375 0.0430464 0.00331126 0.00110375 0.00331126 0.5883 0.0187638 0.00110375 0.00993377 0.00110375 0.00110375 0.00551876 0.195364 0.0187638 0.104857 0.00331126 
0.0208333 0.00416667 0.0125 0.00416667 0.0375 0.0208333 0.0958333 0.00416667 0.00416667 0.0125 0.0291667 0.00416667 0.0125 0.0125 0.0125 0.7125 
0.0205725 0.00268336 0.009839 0.0241503 0.000894454 0.000894454 0.00268336 0.00626118 0.133274 0.0277281 0.00626118 0.00626118 0.113596 0.000894454 0.000894454 0.643113 
0.00205761 0.0473251 0.00205761 0.0308642 0.00205761 0.0185185 0.0185185 0.00617284 0.0720165 0.0102881 0.0144033 0.00205761 0.0144033 0.00205761 0.306584 0.450617 
0.0466667 0.0733333 0.0333333 0.00666667 0.0333333 0.02 0.233333 0.00666667 0.02 0.00666667 0.0333333 0.0333333 0.02 0.00666667 0.02 0.406667 
0.110294 0.0514706 0.0220588 0.0661765 0.00735294 0.110294 0.0367647 0.0367647 0.00735294 0.00735294 0.198529 0.00735294 0.154412 0.0220588 0.139706 0.0220588 
0.0265823 0.0341772 0.00379747 0.0113924 0.0316456 0.00126582 0.0341772 0.00126582 0.110127 0.00126582 0.00379747 0.00126582 0.0265823 0.00126582 0.424051 0.287342 
0.000806452 0.000806452 0.0120968 0.0330645 0.0104839 0.0153226 0.239516 0.00564516 0.207258 0.110484 0.241129 0.000806452 0.000806452 0.0830645 0.0137097 0.025 
0.0277778 0.0277778 0.0277778 0.0277778 0.0277778 0.0277778 0.0833333 0.0833333 0.0277778 0.0277778 0.0277778 0.0277778 0.0277778 0.0277778 0.416667 0.0833333 
0.0604396 0.0164835 0.0164835 0.0164835 0.00549451 0.00549451 0.0274725 0.236264 0.0714286 0.00549451 0.0274725 0.0274725 0.126374 0.0934066 0.247253 0.0164835 
0.00344828 0.0724138 0.0241379 0.00344828 0.00344828 0.0586207 0.00344828 0.00344828 0.0103448 0.00344828 0.037931 0.0103448 0.1 0.0172414 0.644828 0.00344828 
0.0925926 0.0185185 0.12963 0.0185185 0.0185185 0.0185185 0.166667 0.0185185 0.0555556 0.0185185 0.0185185 0.0555556 0.203704 0.0555556 0.0555556 0.0555556 
0.1 0.0714286 0.1 0.0142857 0.1 0.0142857 0.1 0.0428571 0.0142857 0.0142857 0.0428571 0.0142857 0.0142857 0.1 0.0142857 0.242857 
0.00738916 0.100985 0.00246305 0.00246305 0.184729 0.0320197 0.0172414 0.00246305 0.268473 0.00246305 0.0172414 0.00738916 0.00246305 0.00738916 0.342365 0.00246305 
0.110169 0.161017 0.00847458 0.00847458 0.0762712 0.0254237 0.00847458 0.0762712 0.00847458 0.00847458 0.00847458 0.0423729 0.0254237 0.0254237 0.0762712 0.330508 
0.00183599 0.0422277 0.000611995 0.0116279 0.00305998 0.00305998 0.0520196 0.00183599 0.0581395 0.000611995 0.00917993 0.000611995 0.00673195 0.000611995 0.000611995 0.807222 
0.0109375 0.00989583 0.0359375 0.000520833 0.00260417 0.000520833 0.0776042 0.000520833 0.00364583 0.0015625 0.00260417 0.0015625 0.256771 0.0380208 0.555729 0.0015625 
0.178571 0.107143 0.0119048 0.0595238 0.107143 0.0119048 0.0119048 0.0119048 0.0357143 0.0595238 0.0357143 0.0119048 0.0119048 0.0119048 0.297619 0.0357143 
0.00424929 0.0694051 0.00141643 0.0127479 0.00141643 0.00991501 0.0184136 0.00991501 0.029745 0.111898 0.0495751 0.00141643 0.109065 0.00141643 0.550992 0.0184136 
0.0041806 0.00250836 0.00083612 0.00083612 0.00250836 0.0359532 0.00250836 0.00250836 0.0192308 0.00250836 0.00585284 0.00083612 0.0543478 0.00083612 0.00083612 0.863712 
0.00066313 0.0576923 0.00066313 0.00198939 0.00066313 0.00066313 0.00198939 0.00066313 0.206233 0.00066313 0.00331565 0.572281 0.116048 0.0351459 0.00066313 0.00066313 
0.000792393 0.000792393 0.000792393 0.000792393 0.0103011 0.438193 0.0150555 0.00396197 0.026149 0.000792393 0.000792393 0.000792393 0.12916 0.00237718 0.366878 0.00237718 
0.166667 0.0185185 0.0185185 0.0185185 0.0925926 0.0185185 0.0925926 0.0185185 0.0185185 0.0185185 0.0555556 0.0185185 0.0925926 0.0185185 0.0925926 0.240741 
0.0178571 0.0178571 0.0535714 0.0892857 0.0178571 0.0535714 0.0535714 0.0178571 0.0178571 0.0178571 0.0178571 0.0178571 0.125 0.0535714 0.160714 0.267857 
0.137795 0.011811 0.0748031 0.00393701 0.0511811 0.0354331 0.00393701 0.00393701 0.00393701 0.00393701 0.358268 0.011811 0.271654 0.011811 0.011811 0.00393701 
0.000961538 0.0817308 0.000961538 0.000961538 0.000961538 0.00673077 0.0259615 0.000961538 0.0201923 0.000961538 0.600962 0.000961538 0.152885 0.0740385 0.0201923 0.0105769 
0.152361 0.00214592 0.00643777 0.00643777 0.00643777 0.0536481 0.00214592 0.0150215 0.00214592 0.00643777 0.00214592 0.00214592 0.2897 0.00214592 0.448498 0.00214592 
0.00413223 0.000826446 0.000826446 0.0107438 0.00247934 0.0107438 0.0289256 0.000826446 0.176033 0.00578512 0.000826446 0.000826446 0.0768595 0.172727 0.471901 0.0355372 
0.0138889 0.0138889 0.0138889 0.0138889 0.0138889 0.0138889 0.0416667 0.0138889 0.0138889 0.0138889 0.0416667 0.0138889 0.0138889 0.0138889 0.597222 0.152778 
0.0757576 0.0151515 0.0151515 0.0757576 0.0454545 0.106061 0.0757576 0.0151515 0.0151515 0.0151515 0.0757576 0.0151515 0.106061 0.0757576 0.257576 0.0151515 
0.02 0.02 0.02 0.02 0.02 0.02 0.02 0.02 0.06 0.02 0.02 0.02 0.06 0.02 0.06 0.58 
0.0346467 0.00203804 0.0101902 0.00747283 0.00611413 0.13519 0.0101902 0.0142663 0.0998641 0.262908 0.0930707 0.00203804 0.0210598 0.0224185 0.277853 0.000679348 
0.0142857 0.0714286 0.0142857 0.0142857 0.0142857 0.128571 0.328571 0.0142857 0.0142857 0.0428571 0.0142857 0.0428571 0.1 0.0142857 0.0428571 0.128571 
0.0135135 0.0135135 0.0045045 0.0135135 0.0855856 0.0045045 0.0135135 0.0045045 0.0045045 0.0315315 0.0135135 0.0045045 0.13964 0.0495495 0.481982 0.121622 
0.00980392 0.0294118 0.0686275 0.00980392 0.0294118 0.00980392 0.00980392 0.00980392 0.0882353 0.147059 0.186275 0.00980392 0.0490196 0.00980392 0.0686275 0.264706 
0.0125 0.0375 0.0125 0.1125 0.0125 0.0125 0.0125 0.0125 0.0625 0.0125 0.0375 0.0125 0.0125 0.0875 0.0625 0.4875 
0.00731707 0.0219512 0.00243902 0.0219512 0.0219512 0.00731707 0.0414634 0.00243902 0.119512 0.00731707 0.0121951 0.00731707 0.0170732 0.00731707 0.0463415 0.656098 
0.00757576 0.159091 0.00757576 0.0530303 0.0227273 0.00757576 0.174242 0.0227273 0.00757576 0.00757576 0.0681818 0.00757576 0.0227273 0.0227273 0.325758 0.0833333 
0.137838 0.0135135 0.0945946 0.0027027 0.0189189 0.0405405 0.110811 0.0027027 0.154054 0.0027027 0.245946 0.0027027 0.137838 0.0243243 0.0027027 0.00810811 
0.0172414 0.0517241 0.0517241 0.0172414 0.0517241 0.0517241 0.189655 0.12069 0.0862069 0.0172414 0.0172414 0.0172414 0.0172414 0.12069 0.0517241 0.12069 
0.24359 0.0128205 0.0641026 0.0128205 0.0897436 0.0128205 0.0128205 0.0128205 0.0128205 0.0384615 0.115385 0.0128205 0.0384615 0.141026 0.166667 0.0128205 
0.0107296 0.000715308 0.000715308 0.00643777 0.009299 0.00357654 0.0193133 0.0107296 0.0321888 0.000715308 0.0121602 0.000715308 0.26681 0.0150215 0.610157 0.000715308 
0.0192308 0.0192308 0.0961538 0.0192308 0.25 0.0192308 0.0576923 0.0576923 0.0192308 0.0576923 0.0576923 0.0192308 0.0192308 0.0192308 0.25 0.0192308 
0.000868056 0.00260417 0.0078125 0.000868056 0.000868056 0.0078125 0.0130208 0.0755208 0.000868056 0.00260417 0.408854 0.000868056 0.235243 0.00434028 0.0581597 0.179688 
0.00254669 0.0212224 0.00254669 0.000848896 0.000848896 0.00933786 0.0144312 0.287776 0.116299 0.00594228 0.0178268 0.00764007 0.0687606 0.314941 0.000848896 0.128183 
0.016129 0.016129 0.016129 0.016129 0.016129 0.016129 0.016129 0.016129 0.016129 0.0483871 0.016129 0.532258 0.0806452 0.0483871 0.016129 0.112903 
0.00526316 0.0157895 0.0157895 0.531579 0.00526316 0.0684211 0.00526316 0.0368421 0.0789474 0.00526316 0.00526316 0.0157895 0.00526316 0.00526316 0.00526316 0.194737 
0.0306122 0.0306122 0.0102041 0.0102041 0.0102041 0.234694 0.0306122 0.0102041 0.0102041 0.0102041 0.0714286 0.0306122 0.0510204 0.0102041 0.397959 0.0510204 
0.171053 0.0394737 0.0131579 0.0131579 0.0131579 0.0131579 0.0131579 0.0131579 0.0394737 0.197368 0.0131579 0.302632 0.0131579 0.0394737 0.0657895 0.0394737 
0.0106383 0.0957447 0.0106383 0.0106383 0.0106383 0.0106383 0.0106383 0.0106383 0.0106383 0.0106383 0.0319149 0.244681 0.0106383 0.5 0.0106383 0.0106383 
0.0025 0.2425 0.2025 0.0225 0.0075 0.0575 0.1625 0.0325 0.0575 0.0025 0.0325 0.0025 0.0775 0.0025 0.0375 0.0575 
0.0192308 0.0961538 0.0192308 0.0192308 0.0192308 0.0192308 0.0192308 0.0192308 0.0192308 0.0576923 0.288462 0.0192308 0.0192308 0.0192308 0.0192308 0.326923 
0.0135135 0.0135135 0.0405405 0.0405405 0.0135135 0.0405405 0.0135135 0.0135135 0.0405405 0.0675676 0.0675676 0.0135135 0.0135135 0.121622 0.472973 0.0135135 
0.0106383 0.159574 0.0319149 0.0106383 0.0319149 0.0106383 0.351064 0.0106383 0.117021 0.0106383 0.0744681 0.0106383 0.0531915 0.0106383 0.0106383 0.0957447 
0.00277778 0.00833333 0.00277778 0.00277778 0.00277778 0.0138889 0.0638889 0.00277778 0.0527778 0.00277778 0.00277778 0.00277778 0.0361111 0.00833333 0.0194444 0.775 
0.01 0.25 0.01 0.05 0.09 0.01 0.05 0.05 0.05 0.01 0.21 0.01 0.05 0.01 0.09 0.05 
0.0147059 0.0147059 0.0441176 0.0441176 0.0441176 0.102941 0.132353 0.0147059 0.0147059 0.0147059 0.132353 0.0147059 0.0441176 0.0735294 0.279412 0.0147059 
0.000715308 0.0178827 0.00643777 0.000715308 0.000715308 0.0608011 0.000715308 0.000715308 0.000715308 0.00214592 0.00214592 0.45279 0.0922747 0.352647 0.000715308 0.00786838 
0.00949367 0.0221519 0.00316456 0.028481 0.00316456 0.00316456 0.00316456 0.00316456 0.0158228 0.00316456 0.00316456 0.00316456 0.00316456 0.00316456 0.00316456 0.889241 
0.15 0.0166667 0.0166667 0.0166667 0.0166667 0.05 0.0833333 0.0166667 0.0166667 0.05 0.05 0.05 0.05 0.0166667 0.183333 0.216667 
0.00406504 0.0284553 0.0203252 0.0121951 0.0121951 0.0447154 0.150407 0.101626 0.0528455 0.0853659 0.0447154 0.00406504 0.00406504 0.150407 0.207317 0.0772358 
0.0178571 0.125 0.0892857 0.125 0.0535714 0.0178571 0.0178571 0.0178571 0.0178571 0.0178571 0.0178571 0.0535714 0.0178571 0.0178571 0.160714 0.232143 
0.00259067 0.0906736 0.000863558 0.0146805 0.00259067 0.0319516 0.00949914 0.00777202 0.00259067 0.00431779 0.000863558 0.00259067 0.215026 0.000863558 0.581174 0.0319516 
0.0135135 0.0135135 0.0405405 0.0135135 0.0135135 0.0135135 0.0405405 0.0135135 0.0135135 0.0135135 0.0135135 0.0135135 0.0135135 0.0135135 0.0135135 0.743243 
0.0102041 0.27551 0.0102041 0.0510204 0.0510204 0.0102041 0.0102041 0.0714286 0.0102041 0.0306122 0.0102041 0.0306122 0.193878 0.0306122 0.0918367 0.112245 
0.00328947 0.121711 0.00328947 0.00328947 0.0296053 0.00986842 0.0690789 0.00328947 0.00986842 0.00328947 0.00328947 0.00986842 0.00328947 0.00986842 0.0427632 0.674342 
0.0043021 0.0578394 0.000478011 0.00334608 0.00239006 0.000478011 0.00621415 0.000478011 0.251912 0.000478011 0.000478011 0.00239006 0.0043021 0.0043021 0.23566 0.424952 
0.00264085 0.242077 0.00440141 0.0202465 0.00440141 0.590669 0.00792254 0.0096831 0.034331 0.000880282 0.000880282 0.000880282 0.0730634 0.00440141 0.00264085 0.000880282 
0.0492701 0.0237226 0.00182482 0.0346715 0.020073 0.00912409 0.290146 0.00182482 0.166058 0.00182482 0.00182482 0.00182482 0.00547445 0.00547445 0.0857664 0.301095 
0.0284091 0.00568182 0.198864 0.00568182 0.0170455 0.0284091 0.267045 0.0170455 0.00568182 0.0284091 0.0284091 0.0625 0.0170455 0.0852273 0.164773 0.0397727 
0.016129 0.016129 0.016129 0.016129 0.016129 0.016129 0.0483871 0.016129 0.016129 0.016129 0.016129 0.016129 0.016129 0.016129 0.693548 0.0483871 
0.118421 0.171053 0.0131579 0.0394737 0.0131579 0.0131579 0.0131579 0.0131579 0.0657895 0.0131579 0.0131579 0.0131579 0.0394737 0.0131579 0.0394737 0.407895 
0.000763359 0.000763359 0.000763359 0.00687023 0.000763359 0.0129771 0.0358779 0.00229008 0.159542 0.000763359 0.443511 0.000763359 0.0160305 0.235878 0.0816794 0.000763359 
0.0102041 0.0102041 0.0102041 0.0102041 0.0102041 0.0102041 0.0918367 0.0102041 0.0714286 0.0102041 0.0102041 0.0306122 0.0102041 0.193878 0.459184 0.0510204 
0.00819672 0.248634 0.0519126 0.0245902 0.079235 0.0846995 0.0409836 0.00273224 0.0300546 0.0136612 0.00273224 0.00273224 0.00273224 0.00273224 0.303279 0.101093 
0.00857143 0.0142857 0.00285714 0.00857143 0.00285714 0.0142857 0.34 0.00285714 0.151429 0.00285714 0.0371429 0.00285714 0.00285714 0.168571 0.237143 0.00285714 
0.0125 0.0625 0.0875 0.0125 0.0375 0.0125 0.0375 0.0375 0.0625 0.0125 0.1625 0.0125 0.0125 0.3625 0.0625 0.0125 
0.0026178 0.0148342 0.004363 0.0008726 0.0008726 0.342932 0.0375218 0.0008726 0.0008726 0.0008726 0.004363 0.0008726 0.0514834 0.337696 0.196335 0.0026178 
0.0128205 0.0897436 0.0128205 0.0641026 0.0128205 0.0128205 0.0384615 0.0128205 0.0128205 0.0128205 0.0897436 0.0128205 0.141026 0.0128205 0.448718 0.0128205 
0.00561798 0.0168539 0.00561798 0.00561798 0.00561798 0.0505618 0.0393258 0.00561798 0.00561798 0.0168539 0.00561798 0.0168539 0.0730337 0.00561798 0.342697 0.398876 
0.00608696 0.0286957 0.000869565 0.000869565 0.00434783 0.146957 0.110435 0.000869565 0.00956522 0.000869565 0.000869565 0.317391 0.108696 0.12087 0.141739 0.000869565 
0.180556 0.0138889 0.0138889 0.0416667 0.0138889 0.0138889 0.0972222 0.0694444 0.0138889 0.0416667 0.0416667 0.0416667 0.236111 0.0138889 0.0138889 0.152778 
0.00381679 0.00381679 0.00381679 0.00381679 0.0343511 0.0267176 0.179389 0.00381679 0.141221 0.00381679 0.00381679 0.0572519 0.0343511 0.469466 0.0267176 0.00381679 
0.400744 0.00124069 0.00372208 0.00124069 0.0955335 0.00868486 0.0260546 0.0533499 0.0136476 0.00124069 0.00372208 0.00372208 0.311414 0.00620347 0.0558313 0.0136476 
0.0271739 0.00543478 0.0271739 0.00543478 0.00543478 0.00543478 0.00543478 0.0163043 0.00543478 0.0380435 0.00543478 0.0271739 0.288043 0.048913 0.0163043 0.472826 
0.0147059 0.0147059 0.0147059 0.0147059 0.220588 0.220588 0.0147059 0.0441176 0.25 0.0147059 0.0735294 0.0441176 0.0147059 0.0147059 0.0147059 0.0147059 
0.0309524 0.00714286 0.00238095 0.0166667 0.00238095 0.00714286 0.759524 0.0119048 0.0880952 0.0166667 0.0119048 0.00238095 0.00238095 0.0119048 0.00714286 0.0214286 
0.0508982 0.00299401 0.00299401 0.0449102 0.00299401 0.158683 0.0209581 0.00299401 0.146707 0.00299401 0.0149701 0.0149701 0.00299401 0.0209581 0.505988 0.00299401 
0.0178571 0.232143 0.0178571 0.0178571 0.0178571 0.0535714 0.0535714 0.0892857 0.0178571 0.0178571 0.0892857 0.0178571 0.160714 0.0178571 0.160714 0.0178571 
0.0515873 0.00396825 0.0198413 0.00396825 0.00396825 0.0119048 0.0515873 0.0119048 0.0436508 0.00396825 0.00396825 0.22619 0.25 0.0992063 0.210317 0.00396825 
0.00684932 0.0479452 0.00684932 0.00684932 0.00684932 0.00684932 0.719178 0.00684932 0.00684932 0.00684932 0.00684932 0.0616438 0.00684932 0.0342466 0.0479452 0.0205479 
0.00106157 0.0329087 0.00318471 0.00106157 0.007431 0.00106157 0.00530786 0.00106157 0.156051 0.00318471 0.00106157 0.00318471 0.529724 0.0711253 0.181529 0.00106157 
0.0423729 0.00847458 0.0423729 0.0254237 0.00847458 0.0423729 0.194915 0.00847458 0.110169 0.0423729 0.00847458 0.00847458 0.059322 0.00847458 0.00847458 0.381356 
0.00565428 0.000807754 0.000807754 0.451535 0.0088853 0.100969 0.0250404 0.0088853 0.131664 0.0589661 0.00403877 0.0331179 0.0751212 0.0234249 0.00403877 0.0670436 
0.00126582 0.00126582 0.00126582 0.00632911 0.00126582 0.403797 0.0139241 0.00126582 0.00379747 0.00126582 0.00379747 0.00126582 0.327848 0.00379747 0.226582 0.00126582 
0.134279 0.0010917 0.0010917 0.0316594 0.00545852 0.00545852 0.420306 0.00545852 0.0338428 0.00764192 0.0010917 0.0010917 0.0644105 0.149563 0.0906114 0.0469432 
0.00890736 0.0457245 0.00178147 0.013658 0.0611639 0.00178147 0.0409739 0.00178147 0.316508 0.0243468 0.385392 0.000593824 0.00415677 0.0766033 0.00534442 0.0112827 
0.000544662 0.00272331 0.000544662 0.00599129 0.00381264 0.000544662 0.20207 0.284858 0.0103486 0.00599129 0.00925926 0.0103486 0.232571 0.170479 0.0190632 0.0408497 
0.000716332 0.000716332 0.000716332 0.0408309 0.00358166 0.0551576 0.0308023 0.305874 0.0422636 0.00501433 0.0752149 0.00501433 0.16404 0.20702 0.00358166 0.0594556 
0.00561798 0.00561798 0.0730337 0.00561798 0.0393258 0.0168539 0.275281 0.0280899 0.00561798 0.00561798 0.00561798 0.00561798 0.00561798 0.0168539 0.488764 0.0168539 
0.00245902 0.0942623 0.000819672 0.0057377 0.000819672 0.000819672 0.10082 0.000819672 0.000819672 0.000819672 0.000819672 0.00245902 0.054918 0.0057377 0.00245902 0.72541 
0.00254669 0.0263158 0.00764007 0.00424448 0.000848896 0.000848896 0.0432937 0.00254669 0.0636672 0.000848896 0.00424448 0.00594228 0.0263158 0.000848896 0.76146 0.0483871 
0.00625 0.03125 0.01875 0.03125 0.00625 0.00625 0.00625 0.00625 0.00625 0.00625 0.00625 0.00625 0.01875 0.01875 0.08125 0.74375 
0.0301724 0.00431034 0.0301724 0.00431034 0.0301724 0.00431034 0.0387931 0.0560345 0.00431034 0.0474138 0.0732759 0.0215517 0.0301724 0.012931 0.392241 0.219828 
0.00205198 0.0362517 0.0266758 0.000683995 0.000683995 0.0430917 0.115595 0.000683995 0.242818 0.0212038 0.00615595 0.00478796 0.0239398 0.0622435 0.394665 0.0184679 
0.00421687 0.0957831 0.00060241 0.00060241 0.00301205 0.00542169 0.577711 0.00180723 0.0427711 0.00662651 0.00180723 0.00662651 0.196988 0.00060241 0.0536145 0.00180723 
0.472538 0.0464015 0.00094697 0.0104167 0.0104167 0.0501894 0.00094697 0.00094697 0.0160985 0.00852273 0.0217803 0.00094697 0.211174 0.0785985 0.061553 0.00852273 
0.0106796 0.0242718 0.00679612 0.1 0.0300971 0.0475728 0.0708738 0.000970874 0.0495146 0.31165 0.000970874 0.000970874 0.216505 0.092233 0.0300971 0.00679612 
0.286122 0.00095057 0.00475285 0.00285171 0.00095057 0.00095057 0.11692 0.00095057 0.0522814 0.00475285 0.0218631 0.00285171 0.0807985 0.289924 0.0579848 0.0750951 
0.106061 0.0151515 0.0151515 0.00505051 0.0858586 0.00505051 0.0858586 0.00505051 0.106061 0.0151515 0.00505051 0.00505051 0.00505051 0.00505051 0.0454545 0.489899 
0.090604 0.0033557 0.0033557 0.0100671 0.0033557 0.0033557 0.0100671 0.0033557 0.0033557 0.0167785 0.0033557 0.0033557 0.0771812 0.0033557 0.0637584 0.701342 
0.185811 0.00337838 0.0101351 0.0236486 0.00337838 0.00337838 0.0101351 0.00337838 0.00337838 0.0236486 0.0236486 0.0101351 0.0101351 0.00337838 0.00337838 0.679054 
0.00106383 0.00319149 0.0648936 0.496809 0.00106383 0.0287234 0.00957447 0.00531915 0.211702 0.0478723 0.00744681 0.0138298 0.0244681 0.0585106 0.0223404 0.00319149 
0.000682128 0.00613915 0.00613915 0.00341064 0.0047749 0.0047749 0.00204638 0.000682128 0.168486 0.576398 0.00341064 0.000682128 0.15075 0.0702592 0.000682128 0.000682128 
0.00157729 0.0362776 0.00157729 0.00157729 0.00157729 0.00157729 0.00157729 0.00157729 0.0205047 0.0205047 0.0173502 0.00157729 0.0268139 0.00473186 0.011041 0.850158 
0.0119048 0.0119048 0.0119048 0.0357143 0.0119048 0.0357143 0.130952 0.178571 0.0119048 0.0119048 0.0119048 0.0119048 0.0119048 0.0357143 0.392857 0.0833333 
0.0151515 0.0151515 0.0151515 0.0151515 0.106061 0.0151515 0.0151515 0.0151515 0.0151515 0.0151515 0.0454545 0.0151515 0.0151515 0.0757576 0.0757576 0.530303 
0.103774 0.0660377 0.198113 0.103774 0.0471698 0.00943396 0.0283019 0.0849057 0.0849057 0.0283019 0.0660377 0.00943396 0.0471698 0.00943396 0.0660377 0.0471698 
0.000819672 0.00245902 0.00737705 0.0139344 0.0057377 0.0057377 0.0778689 0.000819672 0.194262 0.00409836 0.0237705 0.045082 0.092623 0.0467213 0.469672 0.00901639 
0.000705219 0.000705219 0.000705219 0.000705219 0.000705219 0.000705219 0.00211566 0.000705219 0.00211566 0.000705219 0.485896 0.000705219 0.49859 0.00352609 0.000705219 0.000705219 
0.000645995 0.000645995 0.215116 0.000645995 0.00452196 0.00710594 0.0471576 0.00452196 0.144057 0.0161499 0.0135659 0.00452196 0.0213178 0.168605 0.240956 0.110465 
0.00396825 0.00555556 0.000793651 0.000793651 0.000793651 0.00238095 0.00396825 0.00396825 0.000793651 0.000793651 0.000793651 0.000793651 0.259524 0.707143 0.000793651 0.00714286 
0.000980392 0.00490196 0.00294118 0.000980392 0.000980392 0.118627 0.000980392 0.000980392 0.208824 0.000980392 0.000980392 0.555882 0.0970588 0.00294118 0.000980392 0.000980392 
0.000837521 0.0159129 0.019263 0.000837521 0.00251256 0.019263 0.116415 0.00586265 0.0745394 0.0108878 0.0326633 0.019263 0.000837521 0.0728643 0.582077 0.0259631 
0.0168539 0.00561798 0.00561798 0.533708 0.00561798 0.0280899 0.0730337 0.00561798 0.00561798 0.0842697 0.0393258 0.0617978 0.00561798 0.00561798 0.0617978 0.0617978 
0.0172414 0.201149 0.0172414 0.109195 0.0862069 0.132184 0.00574713 0.00574713 0.0287356 0.00574713 0.0172414 0.0287356 0.00574713 0.0172414 0.293103 0.0287356 
0.000662252 0.00596026 0.00596026 0.00198675 0.000662252 0.0443709 0.0205298 0.0258278 0.0364238 0.00463576 0.000662252 0.331788 0.429801 0.0642384 0.0112583 0.0152318 
0.0172414 0.0172414 0.0172414 0.0862069 0.0517241 0.0172414 0.0172414 0.0172414 0.0862069 0.0172414 0.12069 0.0172414 0.0172414 0.431034 0.0172414 0.0517241 
0.00462963 0.0231481 0.0509259 0.0138889 0.00462963 0.0138889 0.00462963 0.00462963 0.0324074 0.0138889 0.0138889 0.0416667 0.25463 0.00462963 0.49537 0.0231481 
0.0277778 0.172222 0.161111 0.00555556 0.0166667 0.0166667 0.0388889 0.00555556 0.00555556 0.194444 0.0166667 0.0166667 0.0277778 0.05 0.105556 0.138889 
0.00581395 0.110465 0.0174419 0.0290698 0.0290698 0.00581395 0.0523256 0.0406977 0.00581395 0.0290698 0.0290698 0.00581395 0.00581395 0.0174419 0.482558 0.133721 
0.046875 0.182292 0.0260417 0.109375 0.182292 0.015625 0.00520833 0.00520833 0.00520833 0.00520833 0.015625 0.00520833 0.0572917 0.00520833 0.109375 0.223958 
0.0116279 0.174419 0.0116279 0.0116279 0.0116279 0.0116279 0.127907 0.0116279 0.0348837 0.0348837 0.0116279 0.0116279 0.127907 0.0348837 0.0581395 0.313953 
0.195783 0.00903614 0.0271084 0.0210843 0.00301205 0.0692771 0.274096 0.00903614 0.0150602 0.00301205 0.0271084 0.0271084 0.0271084 0.0150602 0.274096 0.00301205 
0.0193133 0.00214592 0.0751073 0.00214592 0.0107296 0.0321888 0.165236 0.00643777 0.0965665 0.00214592 0.0708155 0.00214592 0.0107296 0.0536481 0.444206 0.00643777 
0.000720461 0.000720461 0.00216138 0.000720461 0.0208934 0.00216138 0.0569164 0.000720461 0.0597983 0.000720461 0.00216138 0.000720461 0.268732 0.0151297 0.567003 0.000720461 
0.00106838 0.0438034 0.00320513 0.00320513 0.00320513 0.00320513 0.0630342 0.00320513 0.00534188 0.00106838 0.430556 0.00534188 0.415598 0.00747863 0.00320513 0.00747863 
0.308594 0.0247396 0.00130208 0.00390625 0.00130208 0.00390625 0.00651042 0.00130208 0.0377604 0.00130208 0.0429688 0.00390625 0.0794271 0.00390625 0.0169271 0.46224 
0.00144928 0.0362319 0.0101449 0.0101449 0.00144928 0.424638 0.00144928 0.0623188 0.0101449 0.00724638 0.0130435 0.00144928 0.0188406 0.0188406 0.244928 0.137681 
0.0156766 0.0981848 0.00577558 0.492574 0.000825083 0.00742574 0.0453795 0.00412541 0.00577558 0.0140264 0.00412541 0.0107261 0.0519802 0.0552805 0.0437294 0.144389 
0.025 0.0583333 0.00833333 0.00833333 0.025 0.025 0.00833333 0.00833333 0.00833333 0.0583333 0.00833333 0.175 0.141667 0.025 0.00833333 0.408333 
0.00609756 0.0873984 0.00203252 0.00609756 0.0142276 0.0304878 0.193089 0.00203252 0.00203252 0.0101626 0.0264228 0.0142276 0.115854 0.0223577 0.465447 0.00203252 
0.003125 0.121875 0.009375 0.003125 0.009375 0.009375 0.009375 0.003125 0.015625 0.015625 0.003125 0.053125 0.053125 0.021875 0.296875 0.371875 
0.0019084 0.433206 0.0019084 0.0019084 0.0324427 0.0591603 0.0019084 0.215649 0.00572519 0.0019084 0.0209924 0.00954198 0.0591603 0.00572519 0.0133588 0.135496 
0.00273224 0.177596 0.581967 0.0136612 0.00273224 0.00273224 0.00273224 0.00819672 0.139344 0.00819672 0.00273224 0.00819672 0.00819672 0.00273224 0.00273224 0.0355191 
0.002693 0.0260323 0.002693 0.00448833 0.000897666 0.018851 0.00987433 0.000897666 0.0870736 0.000897666 0.367145 0.000897666 0.0260323 0.169659 0.0278276 0.254039 
0.00925926 0.0277778 0.101852 0.00925926 0.0277778 0.00925926 0.0277778 0.00925926 0.00925926 0.0462963 0.194444 0.138889 0.00925926 0.101852 0.175926 0.101852 
0.00143678 0.0416667 0.00143678 0.0100575 0.0215517 0.639368 0.00431034 0.00143678 0.00718391 0.00143678 0.0215517 0.00718391 0.0617816 0.0387931 0.136494 0.00431034 
0.0113182 0.00599201 0.00199734 0.0113182 0.00865513 0.00199734 0.0499334 0.00466045 0.143142 0.000665779 0.00466045 0.000665779 0.000665779 0.698402 0.0339547 0.0219707 
0.00994575 0.000301386 0.00632911 0.0352622 0.0021097 0.0213984 0.140145 0.000904159 0.0768535 0.000904159 0.000301386 0.488547 0.169681 0.0105485 0.0346594 0.0021097 
0.00549451 0.0120879 0.0010989 0.0142857 0.0032967 0.614286 0.0516484 0.0010989 0.0186813 0.00549451 0.0032967 0.0186813 0.0714286 0.172527 0.0010989 0.00549451 
0.0141243 0.00282486 0.00847458 0.00282486 0.0141243 0.00847458 0.138418 0.00282486 0.138418 0.00847458 0.00282486 0.019774 0.0310734 0.177966 0.330508 0.0988701 
0.121622 0.0135135 0.0135135 0.0135135 0.0135135 0.0135135 0.0405405 0.0135135 0.0135135 0.0135135 0.0135135 0.0135135 0.0135135 0.0135135 0.0135135 0.662162 
0.00150602 0.0316265 0.00150602 0.0165663 0.00451807 0.00451807 0.0828313 0.00150602 0.00150602 0.00451807 0.00150602 0.0316265 0.173193 0.00451807 0.0135542 0.625 
0.0634783 0.150435 0.000869565 0.000869565 0.0182609 0.0026087 0.0913043 0.0217391 0.00434783 0.0026087 0.301739 0.00434783 0.275652 0.000869565 0.00782609 0.0530435 
0.00632911 0.0189873 0.00632911 0.00632911 0.056962 0.00632911 0.0949367 0.0696203 0.0189873 0.00632911 0.0189873 0.00632911 0.00632911 0.00632911 0.310127 0.360759 
0.000994036 0.279324 0.0149105 0.00497018 0.000994036 0.00695825 0.456262 0.00497018 0.0487078 0.138171 0.00298211 0.00298211 0.00298211 0.0129225 0.0129225 0.00894632 
0.00806452 0.0833333 0.00268817 0.00268817 0.00268817 0.00268817 0.00806452 0.00268817 0.0295699 0.00806452 0.00806452 0.0403226 0.126344 0.00806452 0.00268817 0.663978 
0.0125661 0.0548942 0.000661376 0.0535714 0.0152116 0.0138889 0.0800265 0.0707672 0.130291 0.00198413 0.00992063 0.00462963 0.00859788 0.479497 0.0535714 0.00992063 
0.000844595 0.00760135 0.000844595 0.358953 0.00422297 0.0244932 0.173142 0.000844595 0.169764 0.000844595 0.000844595 0.000844595 0.00422297 0.0768581 0.174831 0.000844595 
0.00161117 0.279807 0.0230934 0.000537057 0.0112782 0.00161117 0.0349087 0.00268528 0.563373 0.00161117 0.000537057 0.0392052 0.0316864 0.00698174 0.000537057 0.000537057 
0.00071736 0.00789096 0.00071736 0.00645624 0.00071736 0.00502152 0.00071736 0.00071736 0.00071736 0.00071736 0.00071736 0.00215208 0.297704 0.664993 0.00932568 0.00071736 
0.0102041 0.139456 0.0510204 0.0238095 0.0442177 0.146259 0.0102041 0.0102041 0.119048 0.0170068 0.173469 0.00340136 0.0646259 0.153061 0.0238095 0.0102041 
0.0192308 0.0192308 0.134615 0.134615 0.0576923 0.0192308 0.0961538 0.134615 0.0192308 0.134615 0.0192308 0.0576923 0.0192308 0.0576923 0.0576923 0.0192308 
0.3 0.0865546 0.000840336 0.0092437 0.00252101 0.00252101 0.000840336 0.000840336 0.101681 0.000840336 0.000840336 0.00756303 0.0815126 0.254622 0.0495798 0.1 
0.00797546 0.210429 0.00797546 0.0435583 0.000613497 0.00920245 0.0276074 0.00920245 0.0153374 0.0165644 0.000613497 0.495092 0.14908 0.00429448 0.00184049 0.000613497 
0.0294118 0.0294118 0.0294118 0.0294118 0.205882 0.0294118 0.0294118 0.0294118 0.0294118 0.382353 0.0294118 0.0294118 0.0294118 0.0294118 0.0294118 0.0294118 
0.0178571 0.125 0.0178571 0.196429 0.375 0.0178571 0.0178571 0.0535714 0.0178571 0.0178571 0.0178571 0.0178571 0.0178571 0.0178571 0.0178571 0.0535714 
0.0405405 0.0135135 0.0135135 0.175676 0.364865 0.0405405 0.0405405 0.0405405 0.0135135 0.0945946 0.0135135 0.0405405 0.0135135 0.0135135 0.0135135 0.0675676 
0.00195312 0.00195312 0.154297 0.00585938 0.00195312 0.697266 0.0449219 0.0371094 0.0371094 0.00195312 0.00585938 0.00195312 0.00195312 0.00195312 0.00195312 0.00195312 
0.00410509 0.779146 0.000821018 0.00574713 0.0188834 0.00410509 0.00246305 0.0155993 0.0287356 0.00246305 0.0205255 0.000821018 0.0270936 0.0796388 0.000821018 0.0090312 
0.0178571 0.0178571 0.0178571 0.0178571 0.0535714 0.0178571 0.0178571 0.0178571 0.0178571 0.0178571 0.0178571 0.0178571 0.0178571 0.660714 0.0178571 0.0535714 
0.00615595 0.0253078 0.00341997 0.0417237 0.000683995 0.00205198 0.00205198 0.0102599 0.0595075 0.0129959 0.0294118 0.00341997 0.163475 0.550616 0.000683995 0.0882353 
0.144737 0.0921053 0.302632 0.0394737 0.0394737 0.0394737 0.0394737 0.0131579 0.0657895 0.0131579 0.0131579 0.0131579 0.0131579 0.0131579 0.118421 0.0394737 
0.0405405 0.0135135 0.0945946 0.0405405 0.148649 0.0135135 0.0675676 0.0135135 0.0405405 0.148649 0.0405405 0.0135135 0.0135135 0.202703 0.0945946 0.0135135 
0.02 0.1 0.06 0.18 0.02 0.02 0.02 0.22 0.02 0.22 0.02 0.02 0.02 0.02 0.02 0.02 
0.0394737 0.0657895 0.0131579 0.0657895 0.144737 0.197368 0.0131579 0.0921053 0.0921053 0.0131579 0.0657895 0.0131579 0.0394737 0.0921053 0.0394737 0.0131579 
0.0496795 0.0336538 0.00480769 0.222756 0.00160256 0.00160256 0.0208333 0.00160256 0.00801282 0.517628 0.00801282 0.00801282 0.0689103 0.0176282 0.00160256 0.0336538 
0.0123153 0.0862069 0.0172414 0.0812808 0.00246305 0.00246305 0.00738916 0.0320197 0.0615764 0.598522 0.00246305 0.00738916 0.0665025 0.0172414 0.00246305 0.00246305 
0.280488 0.134146 0.0609756 0.0121951 0.109756 0.0609756 0.0121951 0.0121951 0.0121951 0.158537 0.0121951 0.0365854 0.0121951 0.0121951 0.0609756 0.0121951 
0.779217 0.000903614 0.000903614 0.00210843 0.000301205 0.000301205 0.000301205 0.000301205 0.00512048 0.00210843 0.000301205 0.000301205 0.206325 0.000903614 0.000301205 0.000301205 
0.367925 0.0471698 0.00943396 0.122642 0.0471698 0.0283019 0.0283019 0.00943396 0.00943396 0.0660377 0.0849057 0.00943396 0.0471698 0.0283019 0.00943396 0.0849057 
0.0688623 0.000998004 0.000998004 0.0349301 0.000998004 0.000998004 0.000998004 0.533932 0.000998004 0.0748503 0.00698603 0.00898204 0.122754 0.00499002 0.000998004 0.136727 
0.0138889 0.0138889 0.0416667 0.0138889 0.0138889 0.0138889 0.0138889 0.263889 0.0138889 0.180556 0.0416667 0.0138889 0.0138889 0.0138889 0.0138889 0.319444 
0.00111111 0.0611111 0.0144444 0.0522222 0.00777778 0.00333333 0.00111111 0.00555556 0.0211111 0.705556 0.00111111 0.00111111 0.00111111 0.00111111 0.00111111 0.121111 
0.025 0.025 0.025 0.125 0.125 0.025 0.025 0.025 0.025 0.275 0.025 0.075 0.025 0.025 0.025 0.125 
0.000628931 0.101258 0.000628931 0.786792 0.00188679 0.000628931 0.00314465 0.00440252 0.0798742 0.0106918 0.000628931 0.000628931 0.00440252 0.000628931 0.00314465 0.000628931 
0.0223881 0.0223881 0.00746269 0.00746269 0.0671642 0.00746269 0.0373134 0.00746269 0.00746269 0.365672 0.126866 0.0373134 0.126866 0.0373134 0.00746269 0.11194 
0.166667 0.0185185 0.12963 0.0555556 0.0185185 0.166667 0.0555556 0.0185185 0.0185185 0.0555556 0.0185185 0.0185185 0.0185185 0.166667 0.0185185 0.0555556 
0.1125 0.0125 0.0125 0.0625 0.0375 0.2375 0.1625 0.0125 0.0125 0.1125 0.1375 0.0125 0.0125 0.0125 0.0125 0.0375 
0.180556 0.0138889 0.0138889 0.125 0.0138889 0.0138889 0.0138889 0.0138889 0.0138889 0.0138889 0.0416667 0.0972222 0.0416667 0.0138889 0.0138889 0.375 
0.02 0.06 0.02 0.02 0.02 0.14 0.02 0.1 0.06 0.02 0.1 0.06 0.02 0.1 0.06 0.18 
0.00452899 0.0353261 0.600543 0.00271739 0.000905797 0.0244565 0.00271739 0.00271739 0.0190217 0.00452899 0.0117754 0.000905797 0.053442 0.00634058 0.000905797 0.229167 
0.0694444 0.0416667 0.0138889 0.0416667 0.0138889 0.0138889 0.0416667 0.0138889 0.0416667 0.569444 0.0694444 0.0138889 0.0138889 0.0138889 0.0138889 0.0138889 
0.0833333 0.0833333 0.0277778 0.0833333 0.0277778 0.0277778 0.0277778 0.0833333 0.0277778 0.194444 0.138889 0.0833333 0.0277778 0.0277778 0.0277778 0.0277778 
0.0227273 0.0227273 0.431818 0.0227273 0.0681818 0.0227273 0.0227273 0.0227273 0.0227273 0.204545 0.0227273 0.0227273 0.0227273 0.0227273 0.0227273 0.0227273 
0.385714 0.0714286 0.0714286 0.0714286 0.0428571 0.0142857 0.0142857 0.0142857 0.0142857 0.0714286 0.0428571 0.0714286 0.0142857 0.0142857 0.0142857 0.0714286 
0.0862069 0.0172414 0.0862069 0.0172414 0.12069 0.0172414 0.0172414 0.0172414 0.0517241 0.0517241 0.0172414 0.0172414 0.12069 0.0517241 0.0172414 0.293103 
0.185714 0.0714286 0.157143 0.0714286 0.0142857 0.0142857 0.0714286 0.0142857 0.0142857 0.0142857 0.185714 0.128571 0.0142857 0.0142857 0.0142857 0.0142857 
0.00645624 0.043759 0.00071736 0.043759 0.00071736 0.00071736 0.0480631 0.00071736 0.0035868 0.00215208 0.626255 0.00071736 0.0136298 0.188666 0.00502152 0.0150646 
0.0289256 0.0123967 0.0206612 0.392562 0.0206612 0.103306 0.00413223 0.0702479 0.00413223 0.0454545 0.0289256 0.0206612 0.00413223 0.152893 0.053719 0.0371901 
0.0365854 0.0365854 0.0609756 0.0365854 0.134146 0.0121951 0.0121951 0.0121951 0.0121951 0.158537 0.0121951 0.0365854 0.0609756 0.0609756 0.0121951 0.304878 
0.337838 0.148649 0.0135135 0.0135135 0.121622 0.0675676 0.0405405 0.0675676 0.0135135 0.0405405 0.0135135 0.0675676 0.0135135 0.0135135 0.0135135 0.0135135 
0.00575658 0.0402961 0.0205592 0.00740132 0.000822368 0.000822368 0.000822368 0.0633224 0.152138 0.0271382 0.000822368 0.316612 0.308388 0.00575658 0.0402961 0.00904605 
0.0920826 0.0215146 0.00946644 0.436317 0.00258176 0.0129088 0.000860585 0.0060241 0.105852 0.0318417 0.0180723 0.000860585 0.045611 0.135112 0.0593804 0.0215146 
0.0874126 0.0034965 0.0034965 0.0944056 0.346154 0.0034965 0.0174825 0.0034965 0.0734266 0.0034965 0.0034965 0.0524476 0.276224 0.0034965 0.0174825 0.0104895 
0.0663636 0.522727 0.0136364 0.0845455 0.00272727 0.000909091 0.000909091 0.00454545 0.0372727 0.000909091 0.00636364 0.0263636 0.222727 0.000909091 0.00272727 0.00636364 
0.15 0.0166667 0.0166667 0.283333 0.0166667 0.0166667 0.0166667 0.0166667 0.283333 0.0166667 0.05 0.05 0.0166667 0.0166667 0.0166667 0.0166667 
0.0172414 0.0172414 0.0172414 0.5 0.0862069 0.0172414 0.0172414 0.0172414 0.0517241 0.0172414 0.12069 0.0172414 0.0172414 0.0172414 0.0172414 0.0517241 
0.131579 0.0789474 0.131579 0.0263158 0.0789474 0.0263158 0.0263158 0.0263158 0.0789474 0.0263158 0.0263158 0.0263158 0.0263158 0.184211 0.0789474 0.0263158 
0.0192308 0.0192308 0.0576923 0.0576923 0.25 0.0576923 0.0192308 0.0192308 0.0961538 0.0576923 0.134615 0.0192308 0.0192308 0.0961538 0.0576923 0.0192308 
0.000896057 0.0134409 0.000896057 0.00985663 0.0062724 0.00448029 0.00448029 0.00268817 0.120968 0.0259857 0.000896057 0.554659 0.244624 0.000896057 0.00806452 0.000896057 
0.00679348 0.09375 0.0122283 0.672554 0.00679348 0.00679348 0.0203804 0.0122283 0.0638587 0.0013587 0.00407609 0.00679348 0.0855978 0.0013587 0.0013587 0.00407609 
0.0112613 0.00225225 0.00675676 0.466216 0.146396 0.0112613 0.00225225 0.00225225 0.322072 0.00225225 0.00225225 0.00675676 0.0112613 0.00225225 0.00225225 0.00225225 
0.00462963 0.115741 0.00462963 0.347222 0.226852 0.0138889 0.0509259 0.00462963 0.0324074 0.0138889 0.0509259 0.00462963 0.00462963 0.087963 0.0231481 0.0138889 
0.00294118 0.095098 0.0656863 0.00882353 0.00490196 0.0343137 0.0401961 0.0166667 0.00882353 0.493137 0.0245098 0.00294118 0.0441176 0.0421569 0.112745 0.00294118 
0.0538752 0.0274102 0.0255198 0.450851 0.0047259 0.0217391 0.00283554 0.00094518 0.0444234 0.00661626 0.00661626 0.0255198 0.23724 0.0897921 0.00094518 0.00094518 
0.0202703 0.195946 0.0608108 0.128378 0.0202703 0.0472973 0.00675676 0.0202703 0.00675676 0.277027 0.0878378 0.00675676 0.101351 0.00675676 0.00675676 0.00675676 
