0.0739796 0.0263605 0.00085034 0.00085034 0.00935374 0.0178571 0.0263605 0.0280612 0.0229592 0.00765306 0.305272 0.0042517 0.363095 0.00765306 0.104592 0.00085034 
0.0214286 0.00714286 0.00714286 0.264286 0.00714286 0.0642857 0.05 0.0214286 0.164286 0.00714286 0.05 0.0357143 0.00714286 0.107143 0.178571 0.00714286 
0.052381 0.0619048 0.0142857 0.0047619 0.0047619 0.0047619 0.0333333 0.0047619 0.414286 0.0047619 0.0047619 0.0047619 0.0142857 0.0047619 0.17619 0.195238 
0.0394737 0.0131579 0.0131579 0.0131579 0.0131579 0.0394737 0.118421 0.0131579 0.0131579 0.0131579 0.0131579 0.0131579 0.171053 0.381579 0.118421 0.0131579 
0.0432692 0.0144231 0.0144231 0.00480769 0.0721154 0.0336538 0.168269 0.0432692 0.0913462 0.158654 0.0625 0.00480769 0.0240385 0.00480769 0.206731 0.0528846 
0.1 0.0111111 0.0555556 0.0111111 0.255556 0.0333333 0.166667 0.0555556 0.0777778 0.0111111 0.0111111 0.0111111 0.0333333 0.0111111 0.1 0.0555556 
0.000829187 0.0787728 0.322554 0.000829187 0.0107794 0.0986733 0.0771144 0.0240464 0.00248756 0.00580431 0.0605307 0.00414594 0.237977 0.0240464 0.0190713 0.0323383 
0.000988142 0.0464427 0.240119 0.00296443 0.000988142 0.000988142 0.133399 0.0187747 0.0148221 0.000988142 0.00889328 0.0187747 0.346838 0.119565 0.0247036 0.020751 
0.000688705 0.0103306 0.00206612 0.0103306 0.0130854 0.018595 0.599862 0.00206612 0.00757576 0.000688705 0.000688705 0.0103306 0.243113 0.0172176 0.0612948 0.00206612 
0.0189873 0.00632911 0.0189873 0.0189873 0.00632911 0.0443038 0.170886 0.00632911 0.322785 0.00632911 0.00632911 0.0316456 0.0316456 0.28481 0.0189873 0.00632911 
0.0328947 0.00657895 0.00657895 0.00657895 0.0460526 0.00657895 0.0197368 0.00657895 0.0328947 0.0460526 0.00657895 0.0197368 0.0460526 0.0328947 0.611842 0.0723684 
0.0105882 0.0717647 0.0152941 0.00588235 0.00117647 0.00117647 0.0670588 0.0129412 0.00117647 0.281176 0.0623529 0.0152941 0.307059 0.0223529 0.121176 0.00352941 
0.0140187 0.0233645 0.0046729 0.0046729 0.0140187 0.0140187 0.0046729 0.0046729 0.0046729 0.0046729 0.219626 0.088785 0.0981308 0.0140187 0.481308 0.0046729 
0.0217391 0.108696 0.108696 0.0652174 0.0652174 0.0217391 0.0217391 0.0217391 0.0217391 0.0217391 0.108696 0.108696 0.0217391 0.152174 0.108696 0.0217391 
0.0279673 0.00204638 0.000682128 0.00613915 0.00204638 0.000682128 0.0102319 0.000682128 0.021146 0.00886767 0.0170532 0.000682128 0.415416 0.332196 0.111187 0.0429741 
0.274194 0.284946 0.016129 0.00537634 0.0268817 0.0268817 0.134409 0.00537634 0.00537634 0.00537634 0.0376344 0.102151 0.0268817 0.00537634 0.00537634 0.0376344 
0.0202492 0.0919003 0.0046729 0.00155763 0.0046729 0.00155763 0.0140187 0.0109034 0.00155763 0.0046729 0.00778816 0.00155763 0.191589 0.0109034 0.0794393 0.55296 
0.145833 0.169643 0.0208333 0.00297619 0.00297619 0.00892857 0.110119 0.00297619 0.00297619 0.00297619 0.0327381 0.00297619 0.181548 0.00297619 0.276786 0.0327381 
0.00555556 0.00925926 0.00185185 0.00185185 0.0277778 0.0537037 0.00555556 0.00185185 0.0944444 0.00555556 0.00555556 0.00555556 0.238889 0.00185185 0.457407 0.0833333 
0.0168539 0.0168539 0.0280899 0.00561798 0.0168539 0.679775 0.0168539 0.0168539 0.00561798 0.00561798 0.0168539 0.00561798 0.140449 0.00561798 0.0168539 0.00561798 
0.0568182 0.0113636 0.0113636 0.0113636 0.0568182 0.0113636 0.0340909 0.0113636 0.0113636 0.0113636 0.0113636 0.0113636 0.125 0.0113636 0.147727 0.465909 
0.0411765 0.00588235 0.00588235 0.0294118 0.0176471 0.0176471 0.0647059 0.0176471 0.0176471 0.0411765 0.0411765 0.00588235 0.1 0.0529412 0.241176 0.3 
0.00625 0.00625 0.01875 0.03125 0.00625 0.00625 0.00625 0.00625 0.15625 0.21875 0.00625 0.00625 0.04375 0.01875 0.29375 0.16875 
0.0060241 0.0421687 0.0180723 0.0662651 0.0060241 0.0060241 0.0421687 0.0421687 0.198795 0.0662651 0.0060241 0.0060241 0.0060241 0.0662651 0.174699 0.246988 
0.00625 0.0669643 0.00446429 0.0205357 0.00625 0.00982143 0.01875 0.00982143 0.05625 0.00982143 0.000892857 0.00267857 0.263393 0.00267857 0.520536 0.000892857 
0.0431034 0.00862069 0.00862069 0.00862069 0.00862069 0.00862069 0.612069 0.00862069 0.0775862 0.00862069 0.0431034 0.0431034 0.0431034 0.00862069 0.00862069 0.0603448 
0.0710015 0.054559 0.000747384 0.000747384 0.0186846 0.00224215 0.00224215 0.00373692 0.150224 0.00672646 0.00224215 0.00224215 0.609118 0.00224215 0.0665172 0.00672646 
0.00413223 0.11157 0.0950413 0.0454545 0.227273 0.00413223 0.0206612 0.00413223 0.0454545 0.0206612 0.260331 0.0289256 0.0289256 0.00413223 0.0206612 0.0785124 
0.0110294 0.290441 0.0110294 0.0477941 0.0625 0.349265 0.0110294 0.0257353 0.0257353 0.0404412 0.00367647 0.0698529 0.0183824 0.0110294 0.00367647 0.0183824 
0.125 0.0416667 0.0138889 0.0416667 0.236111 0.0138889 0.0138889 0.0416667 0.0416667 0.0138889 0.0138889 0.0694444 0.0138889 0.0138889 0.0138889 0.291667 
0.0333333 0.00666667 0.00666667 0.00666667 0.00666667 0.0733333 0.206667 0.00666667 0.0333333 0.00666667 0.3 0.00666667 0.0333333 0.00666667 0.0866667 0.18 
0.00110375 0.00331126 0.00110375 0.00551876 0.00110375 0.440397 0.00110375 0.00110375 0.00993377 0.00110375 0.00110375 0.00110375 0.3234 0.0165563 0.166667 0.0253863 
0.00416667 0.00416667 0.00416667 0.0208333 0.0291667 0.0291667 0.254167 0.0208333 0.00416667 0.00416667 0.00416667 0.0541667 0.0208333 0.00416667 0.0125 0.529167 
0.000894454 0.00268336 0.000894454 0.0509839 0.000894454 0.000894454 0.0134168 0.000894454 0.0813953 0.00626118 0.000894454 0.00268336 0.147585 0.0921288 0.000894454 0.596601 
0.00205761 0.0802469 0.00617284 0.00617284 0.00205761 0.00205761 0.00617284 0.00205761 0.0884774 0.00617284 0.00617284 0.00205761 0.146091 0.00205761 0.298354 0.343621 
0.00666667 0.06 0.0733333 0.00666667 0.02 0.0333333 0.233333 0.00666667 0.00666667 0.00666667 0.06 0.00666667 0.0733333 0.02 0.00666667 0.38 
0.0514706 0.00735294 0.00735294 0.00735294 0.00735294 0.0367647 0.110294 0.00735294 0.00735294 0.00735294 0.242647 0.0367647 0.375 0.00735294 0.0367647 0.0514706 
0.0164557 0.00886076 0.00126582 0.0189873 0.0797468 0.00126582 0.0164557 0.00126582 0.0898734 0.00126582 0.0367089 0.0139241 0.0291139 0.00632911 0.456962 0.221519 
0.00241935 0.00403226 0.0314516 0.000806452 0.0120968 0.0137097 0.204032 0.00241935 0.192742 0.144355 0.226613 0.000806452 0.0266129 0.134677 0.00241935 0.000806452 
0.0277778 0.0277778 0.0277778 0.0277778 0.0277778 0.138889 0.0277778 0.0277778 0.0277778 0.0277778 0.0833333 0.0277778 0.0277778 0.0277778 0.361111 0.0833333 
0.148352 0.00549451 0.00549451 0.0164835 0.00549451 0.0164835 0.00549451 0.0494505 0.00549451 0.0494505 0.00549451 0.0714286 0.247253 0.0164835 0.335165 0.0164835 
0.0655172 0.0448276 0.00344828 0.00344828 0.0172414 0.1 0.00344828 0.0172414 0.00344828 0.00344828 0.00344828 0.00344828 0.210345 0.0310345 0.486207 0.00344828 
0.166667 0.0185185 0.0185185 0.0185185 0.0185185 0.0185185 0.0185185 0.0185185 0.0185185 0.0185185 0.0185185 0.0185185 0.0555556 0.12963 0.203704 0.240741 
0.0428571 0.0714286 0.0142857 0.0142857 0.3 0.0142857 0.0142857 0.0714286 0.0142857 0.0142857 0.0428571 0.0142857 0.0142857 0.0714286 0.0428571 0.242857 
0.00738916 0.0714286 0.00246305 0.00738916 0.0615764 0.00738916 0.00246305 0.00246305 0.263547 0.0123153 0.0123153 0.0172414 0.00246305 0.0369458 0.490148 0.00246305 
0.0932203 0.29661 0.0254237 0.00847458 0.0423729 0.00847458 0.00847458 0.00847458 0.00847458 0.0423729 0.0254237 0.00847458 0.0254237 0.00847458 0.0254237 0.364407 
0.000611995 0.0165239 0.000611995 0.00305998 0.000611995 0.00673195 0.0348837 0.00305998 0.0434517 0.00428397 0.00917993 0.00305998 0.0716034 0.000611995 0.00305998 0.798654 
0.00364583 0.000520833 0.0359375 0.0015625 0.000520833 0.0119792 0.0557292 0.000520833 0.0078125 0.00677083 0.000520833 0.000520833 0.344271 0.0359375 0.493229 0.000520833 
0.0595238 0.0357143 0.0119048 0.0119048 0.0595238 0.0357143 0.0119048 0.0119048 0.0119048 0.0119048 0.0119048 0.0357143 0.0119048 0.0357143 0.630952 0.0119048 
0.00991501 0.0495751 0.00991501 0.00424929 0.00991501 0.0184136 0.00708215 0.00141643 0.0354108 0.00708215 0.0127479 0.00141643 0.284703 0.00141643 0.545326 0.00141643 
0.00083612 0.00083612 0.00250836 0.00250836 0.00083612 0.0225753 0.00083612 0.00083612 0.027592 0.00083612 0.00083612 0.00083612 0.131271 0.0041806 0.00083612 0.801839 
0.00596817 0.0377984 0.00596817 0.00066313 0.00066313 0.00066313 0.00066313 0.00331565 0.157162 0.00331565 0.00198939 0.00331565 0.145225 0.630637 0.00198939 0.00066313 
0.000792393 0.000792393 0.000792393 0.00871632 0.00871632 0.373217 0.00554675 0.00237718 0.000792393 0.00396197 0.00237718 0.018225 0.31141 0.00554675 0.255943 0.000792393 
0.277778 0.0185185 0.0185185 0.0185185 0.0185185 0.0185185 0.0185185 0.0185185 0.0925926 0.0185185 0.0185185 0.0185185 0.0185185 0.0185185 0.203704 0.203704 
0.0535714 0.232143 0.0178571 0.125 0.0178571 0.0535714 0.0535714 0.0178571 0.0535714 0.0178571 0.0535714 0.0535714 0.0178571 0.0178571 0.0178571 0.196429 
0.011811 0.00393701 0.00393701 0.00393701 0.0669291 0.019685 0.00393701 0.00393701 0.00393701 0.00393701 0.555118 0.011811 0.255906 0.00393701 0.0433071 0.00393701 
0.000961538 0.0451923 0.000961538 0.00288462 0.00480769 0.000961538 0.0182692 0.0125 0.00288462 0.000961538 0.658654 0.000961538 0.239423 0.00288462 0.000961538 0.00673077 
0.00214592 0.00643777 0.00643777 0.027897 0.00214592 0.0193133 0.00214592 0.027897 0.0150215 0.00214592 0.00214592 0.0107296 0.392704 0.00643777 0.465665 0.0107296 
0.000826446 0.00413223 0.00247934 0.000826446 0.00247934 0.0190083 0.0157025 0.000826446 0.116529 0.0173554 0.00247934 0.000826446 0.177686 0.190909 0.447107 0.000826446 
0.0138889 0.0694444 0.0138889 0.0138889 0.0138889 0.0416667 0.0138889 0.0138889 0.0416667 0.0138889 0.0138889 0.0138889 0.0138889 0.0416667 0.652778 0.0138889 
0.0151515 0.0454545 0.0454545 0.166667 0.0151515 0.0151515 0.0454545 0.0151515 0.0151515 0.0454545 0.0757576 0.0151515 0.0757576 0.0151515 0.348485 0.0454545 
0.02 0.02 0.1 0.02 0.02 0.02 0.02 0.06 0.02 0.02 0.02 0.02 0.06 0.02 0.14 0.42 
0.00339674 0.00883152 0.00339674 0.00475543 0.00611413 0.0237772 0.0305707 0.000679348 0.0971467 0.00339674 0.347147 0.0115489 0.261549 0.000679348 0.196332 0.000679348 
0.0142857 0.0142857 0.0142857 0.0714286 0.0428571 0.0714286 0.242857 0.0714286 0.0142857 0.1 0.0714286 0.0142857 0.0714286 0.157143 0.0142857 0.0142857 
0.0135135 0.0045045 0.0045045 0.0135135 0.0495495 0.0585586 0.0045045 0.0135135 0.0315315 0.0675676 0.0045045 0.0045045 0.0855856 0.0765766 0.481982 0.0855856 
0.0294118 0.0294118 0.127451 0.00980392 0.00980392 0.00980392 0.00980392 0.00980392 0.00980392 0.0294118 0.303922 0.00980392 0.186275 0.0294118 0.00980392 0.186275 
0.0125 0.0125 0.0125 0.0375 0.0125 0.0375 0.0375 0.0375 0.0125 0.0125 0.0125 0.0125 0.0375 0.0625 0.0375 0.6125 
0.00243902 0.00243902 0.00243902 0.00243902 0.00243902 0.00731707 0.00731707 0.0121951 0.168293 0.00731707 0.00243902 0.00243902 0.14878 0.0268293 0.0219512 0.582927 
0.189394 0.00757576 0.00757576 0.00757576 0.00757576 0.00757576 0.0984848 0.00757576 0.00757576 0.00757576 0.0530303 0.00757576 0.174242 0.00757576 0.386364 0.0227273 
0.072973 0.0135135 0.0675676 0.0351351 0.0459459 0.0027027 0.0027027 0.0027027 0.17027 0.0027027 0.251351 0.0135135 0.208108 0.0621622 0.0459459 0.0027027 
0.0862069 0.0172414 0.0517241 0.0517241 0.0172414 0.0172414 0.0172414 0.12069 0.0172414 0.0517241 0.224138 0.0172414 0.0172414 0.0517241 0.12069 0.12069 
0.217949 0.115385 0.0128205 0.0384615 0.0128205 0.0128205 0.0128205 0.115385 0.0384615 0.0128205 0.0128205 0.0128205 0.0128205 0.0897436 0.269231 0.0128205 
0.000715308 0.00500715 0.000715308 0.00214592 0.00500715 0.0164521 0.0107296 0.009299 0.0221745 0.000715308 0.0135908 0.000715308 0.368383 0.00786838 0.535765 0.000715308 
0.0192308 0.134615 0.0192308 0.173077 0.211538 0.0576923 0.134615 0.0192308 0.0192308 0.0192308 0.0192308 0.0192308 0.0192308 0.0192308 0.0961538 0.0192308 
0.000868056 0.000868056 0.00607639 0.00260417 0.00434028 0.000868056 0.00434028 0.0685764 0.00434028 0.0078125 0.457465 0.000868056 0.257812 0.00260417 0.0164931 0.164062 
0.00933786 0.0127334 0.00254669 0.0297114 0.00254669 0.000848896 0.000848896 0.0212224 0.0687606 0.000848896 0.016129 0.0280136 0.162139 0.542445 0.00254669 0.0993209 
0.016129 0.0483871 0.016129 0.016129 0.016129 0.016129 0.016129 0.0806452 0.016129 0.016129 0.016129 0.274194 0.016129 0.016129 0.274194 0.145161 
0.00526316 0.00526316 0.00526316 0.184211 0.0157895 0.205263 0.00526316 0.0157895 0.0684211 0.00526316 0.00526316 0.131579 0.00526316 0.00526316 0.0368421 0.3 
0.0510204 0.0102041 0.0102041 0.0102041 0.0306122 0.173469 0.0102041 0.0306122 0.0102041 0.0102041 0.0102041 0.0102041 0.0510204 0.0918367 0.418367 0.0714286 
0.0131579 0.144737 0.171053 0.0131579 0.0131579 0.0394737 0.0131579 0.0131579 0.0131579 0.0394737 0.0131579 0.25 0.0394737 0.0657895 0.0394737 0.118421 
0.0106383 0.138298 0.0106383 0.0531915 0.0106383 0.0106383 0.223404 0.0106383 0.0106383 0.0531915 0.0531915 0.0319149 0.0106383 0.308511 0.0531915 0.0106383 
0.0575 0.3425 0.1125 0.0025 0.0025 0.1275 0.1525 0.0075 0.0675 0.0025 0.0575 0.0025 0.0325 0.0275 0.0025 0.0025 
0.0961538 0.134615 0.0192308 0.0192308 0.0192308 0.0192308 0.0192308 0.0192308 0.0192308 0.0192308 0.173077 0.0576923 0.0192308 0.0961538 0.0192308 0.25 
0.0135135 0.0135135 0.0675676 0.0675676 0.0135135 0.0945946 0.0135135 0.0135135 0.0135135 0.148649 0.0405405 0.0135135 0.0675676 0.0135135 0.391892 0.0135135 
0.0106383 0.202128 0.0106383 0.0319149 0.180851 0.0106383 0.265957 0.0319149 0.0744681 0.0319149 0.0106383 0.0106383 0.0744681 0.0106383 0.0106383 0.0319149 
0.0138889 0.0361111 0.00277778 0.00833333 0.00833333 0.00277778 0.025 0.00833333 0.102778 0.00277778 0.00277778 0.00833333 0.0694444 0.00277778 0.00833333 0.697222 
0.01 0.03 0.01 0.03 0.31 0.01 0.03 0.01 0.03 0.01 0.09 0.01 0.29 0.01 0.11 0.01 
0.0147059 0.0147059 0.0441176 0.0147059 0.0441176 0.132353 0.0735294 0.0147059 0.0147059 0.0147059 0.0147059 0.0147059 0.0441176 0.397059 0.132353 0.0147059 
0.000715308 0.000715308 0.000715308 0.000715308 0.000715308 0.00786838 0.000715308 0.000715308 0.000715308 0.000715308 0.00214592 0.61731 0.296853 0.0608011 0.00786838 0.000715308 
0.00316456 0.00316456 0.00316456 0.00316456 0.00316456 0.00316456 0.00949367 0.00316456 0.00316456 0.00316456 0.00316456 0.00316456 0.00316456 0.00316456 0.00316456 0.946203 
0.05 0.05 0.0166667 0.0166667 0.0166667 0.05 0.0833333 0.05 0.0166667 0.0166667 0.05 0.0166667 0.0833333 0.0166667 0.216667 0.25 
0.00406504 0.0934959 0.00406504 0.00406504 0.0121951 0.00406504 0.101626 0.0284553 0.0447154 0.0609756 0.231707 0.00406504 0.00406504 0.142276 0.199187 0.0609756 
0.0178571 0.0535714 0.0535714 0.0178571 0.0535714 0.0178571 0.0178571 0.0178571 0.0535714 0.0178571 0.0178571 0.0178571 0.0535714 0.0178571 0.160714 0.410714 
0.00259067 0.142487 0.000863558 0.00259067 0.00259067 0.00259067 0.0319516 0.000863558 0.00604491 0.000863558 0.0146805 0.00777202 0.228843 0.0129534 0.536269 0.00604491 
0.0135135 0.0135135 0.0135135 0.0675676 0.0135135 0.0135135 0.0405405 0.0135135 0.0135135 0.0135135 0.0135135 0.0135135 0.0135135 0.0135135 0.0135135 0.716216 
0.0102041 0.0510204 0.0102041 0.0510204 0.0102041 0.0102041 0.0102041 0.0102041 0.0102041 0.0102041 0.0102041 0.0714286 0.540816 0.0102041 0.153061 0.0306122 
0.00328947 0.108553 0.00328947 0.00328947 0.0296053 0.00986842 0.00986842 0.00328947 0.0164474 0.00328947 0.00328947 0.00328947 0.00986842 0.00328947 0.0625 0.726974 
0.000478011 0.0138623 0.000478011 0.000478011 0.000478011 0.00239006 0.00143403 0.000478011 0.293977 0.000478011 0.000478011 0.00525813 0.119981 0.000478011 0.194551 0.364723 
0.000880282 0.191021 0.000880282 0.000880282 0.00264085 0.511444 0.00792254 0.000880282 0.0466549 0.000880282 0.00440141 0.00264085 0.226232 0.000880282 0.000880282 0.000880282 
0.0894161 0.0127737 0.00912409 0.0237226 0.00547445 0.0310219 0.326642 0.00547445 0.173358 0.00182482 0.0310219 0.00182482 0.00182482 0.00182482 0.0821168 0.202555 
0.0170455 0.198864 0.00568182 0.00568182 0.00568182 0.0170455 0.255682 0.0170455 0.00568182 0.00568182 0.130682 0.00568182 0.0170455 0.0170455 0.198864 0.0965909 
0.016129 0.016129 0.016129 0.016129 0.016129 0.016129 0.016129 0.016129 0.016129 0.0483871 0.0483871 0.0483871 0.016129 0.0483871 0.629032 0.016129 
0.0394737 0.0921053 0.118421 0.0131579 0.0657895 0.0131579 0.0131579 0.0131579 0.0394737 0.0131579 0.0657895 0.0131579 0.0131579 0.0131579 0.0131579 0.460526 
0.00229008 0.000763359 0.000763359 0.0251908 0.00381679 0.00229008 0.0572519 0.00229008 0.141221 0.00839695 0.474046 0.000763359 0.0664122 0.20687 0.00687023 0.000763359 
0.0306122 0.0102041 0.0306122 0.0306122 0.0918367 0.0510204 0.0510204 0.0102041 0.0102041 0.112245 0.153061 0.0510204 0.0102041 0.112245 0.193878 0.0510204 
0.0245902 0.155738 0.0519126 0.00273224 0.0464481 0.068306 0.00273224 0.00819672 0.193989 0.0519126 0.00819672 0.00273224 0.00273224 0.00819672 0.357923 0.0136612 
0.00285714 0.00285714 0.00285714 0.00857143 0.02 0.0142857 0.562857 0.00285714 0.134286 0.00857143 0.0485714 0.0142857 0.02 0.0371429 0.111429 0.00857143 
0.0375 0.0625 0.0875 0.0125 0.0125 0.0625 0.0125 0.0125 0.0125 0.0125 0.0375 0.0125 0.0875 0.5125 0.0125 0.0125 
0.0008726 0.0026178 0.0008726 0.0008726 0.0026178 0.356894 0.123037 0.0026178 0.0026178 0.0008726 0.0933682 0.0008726 0.0933682 0.260908 0.056719 0.0008726 
0.0128205 0.0128205 0.0128205 0.0384615 0.0128205 0.0128205 0.0128205 0.0128205 0.0384615 0.0384615 0.0384615 0.0128205 0.0128205 0.115385 0.602564 0.0128205 
0.00561798 0.0168539 0.00561798 0.0280899 0.00561798 0.275281 0.00561798 0.00561798 0.00561798 0.0168539 0.0168539 0.00561798 0.00561798 0.00561798 0.320225 0.275281 
0.0026087 0.000869565 0.000869565 0.000869565 0.00434783 0.11913 0.101739 0.00782609 0.0130435 0.000869565 0.0026087 0.291304 0.28087 0.0634783 0.0669565 0.0426087 
0.125 0.0138889 0.0138889 0.0694444 0.0138889 0.0138889 0.0416667 0.0972222 0.0416667 0.0416667 0.0416667 0.0138889 0.291667 0.0416667 0.0138889 0.125 
0.00381679 0.00381679 0.00381679 0.00381679 0.0114504 0.00381679 0.28626 0.00381679 0.179389 0.0114504 0.0114504 0.0114504 0.019084 0.400763 0.0343511 0.0114504 
0.408189 0.00868486 0.00124069 0.00124069 0.0583127 0.00372208 0.028536 0.0235732 0.0210918 0.00620347 0.0186104 0.00372208 0.388337 0.00620347 0.0210918 0.00124069 
0.00543478 0.00543478 0.0380435 0.00543478 0.00543478 0.0163043 0.00543478 0.0163043 0.00543478 0.048913 0.00543478 0.0163043 0.211957 0.00543478 0.0706522 0.538043 
0.0147059 0.0147059 0.0147059 0.0441176 0.220588 0.161765 0.0147059 0.0147059 0.191176 0.0147059 0.0441176 0.0441176 0.0147059 0.102941 0.0735294 0.0147059 
0.00238095 0.00238095 0.00238095 0.00238095 0.00238095 0.0309524 0.711905 0.00238095 0.154762 0.0547619 0.00714286 0.00238095 0.00714286 0.00238095 0.00238095 0.0119048 
0.00898204 0.00898204 0.00898204 0.00299401 0.00898204 0.140719 0.00299401 0.0329341 0.224551 0.00898204 0.0508982 0.0149701 0.122754 0.00898204 0.350299 0.00299401 
0.125 0.160714 0.0535714 0.0178571 0.0535714 0.0535714 0.0178571 0.0535714 0.0535714 0.0535714 0.0178571 0.0178571 0.196429 0.0178571 0.0892857 0.0178571 
0.107143 0.0119048 0.0119048 0.00396825 0.0119048 0.0119048 0.00396825 0.00396825 0.0119048 0.00396825 0.0436508 0.00396825 0.154762 0.162698 0.448413 0.00396825 
0.00684932 0.00684932 0.00684932 0.00684932 0.00684932 0.00684932 0.678082 0.00684932 0.0342466 0.00684932 0.00684932 0.10274 0.0205479 0.0479452 0.0342466 0.0205479 
0.0116773 0.0605096 0.00106157 0.00106157 0.00955414 0.00318471 0.007431 0.00106157 0.0435244 0.00106157 0.00106157 0.00106157 0.147558 0.187898 0.521231 0.00106157 
0.0762712 0.0254237 0.00847458 0.00847458 0.00847458 0.0762712 0.0932203 0.00847458 0.059322 0.00847458 0.0932203 0.0423729 0.0254237 0.127119 0.0932203 0.245763 
0.000807754 0.00726979 0.000807754 0.394992 0.000807754 0.102585 0.000807754 0.000807754 0.16559 0.0201939 0.03958 0.0331179 0.126817 0.000807754 0.0185784 0.0864297 
0.00126582 0.00126582 0.00379747 0.00379747 0.00379747 0.320253 0.00632911 0.00886076 0.00126582 0.00886076 0.00126582 0.00126582 0.444304 0.00126582 0.186076 0.00632911 
0.0906114 0.00327511 0.0010917 0.0010917 0.0010917 0.00545852 0.507642 0.00327511 0.0600437 0.0272926 0.0010917 0.0010917 0.138646 0.0862445 0.0709607 0.0010917 
0.000593824 0.00534442 0.00890736 0.0516627 0.0421615 0.000593824 0.0564133 0.000593824 0.33076 0.00296912 0.367577 0.000593824 0.057601 0.0694774 0.000593824 0.00415677 
0.00163399 0.00490196 0.00381264 0.00163399 0.00490196 0.000544662 0.159586 0.294662 0.00816993 0.00163399 0.00599129 0.00381264 0.356754 0.145425 0.000544662 0.00599129 
0.000716332 0.002149 0.00358166 0.00358166 0.000716332 0.023639 0.0766476 0.327364 0.0179083 0.00501433 0.032235 0.000716332 0.241404 0.229943 0.000716332 0.0336676 
0.0280899 0.00561798 0.0842697 0.00561798 0.0280899 0.00561798 0.61236 0.0168539 0.0168539 0.0280899 0.00561798 0.00561798 0.00561798 0.106742 0.0393258 0.00561798 
0.000819672 0.0598361 0.000819672 0.000819672 0.000819672 0.00245902 0.0844262 0.00245902 0.000819672 0.000819672 0.000819672 0.000819672 0.190984 0.000819672 0.000819672 0.651639 
0.00254669 0.0500849 0.000848896 0.00424448 0.000848896 0.00424448 0.0110357 0.000848896 0.0449915 0.000848896 0.00594228 0.00254669 0.0959253 0.00254669 0.71562 0.0568761 
0.00625 0.00625 0.01875 0.01875 0.00625 0.03125 0.03125 0.00625 0.00625 0.00625 0.00625 0.21875 0.01875 0.03125 0.05625 0.53125 
0.0387931 0.176724 0.00431034 0.00431034 0.012931 0.0215517 0.012931 0.0818966 0.00431034 0.012931 0.00431034 0.0301724 0.012931 0.00431034 0.366379 0.211207 
0.000683995 0.000683995 0.000683995 0.000683995 0.000683995 0.0595075 0.118331 0.000683995 0.263338 0.00615595 0.0102599 0.00205198 0.115595 0.0636115 0.356361 0.000683995 
0.00060241 0.063253 0.00180723 0.00060241 0.00060241 0.00060241 0.548795 0.00060241 0.0524096 0.00421687 0.00903614 0.00180723 0.307831 0.00060241 0.00421687 0.00301205 
0.463068 0.00094697 0.00473485 0.0179924 0.00094697 0.0236742 0.00094697 0.00284091 0.0104167 0.00473485 0.0179924 0.00473485 0.326705 0.0596591 0.0596591 0.00094697 
0.00291262 0.0126214 0.0165049 0.0553398 0.00291262 0.0184466 0.0669903 0.000970874 0.0320388 0.408738 0.00291262 0.0145631 0.232039 0.000970874 0.0805825 0.0514563 
0.00475285 0.00095057 0.00475285 0.00855513 0.00095057 0.00095057 0.0598859 0.0104563 0.0598859 0.0161597 0.00095057 0.00285171 0.217681 0.535171 0.0237643 0.0522814 
0.0454545 0.00505051 0.00505051 0.0252525 0.0555556 0.0252525 0.00505051 0.00505051 0.106061 0.00505051 0.0151515 0.00505051 0.0656566 0.00505051 0.0252525 0.60101 
0.104027 0.0100671 0.0033557 0.0167785 0.0033557 0.0033557 0.0167785 0.0033557 0.0100671 0.0033557 0.0100671 0.0100671 0.137584 0.0234899 0.0234899 0.620805 
0.0101351 0.0574324 0.0101351 0.00337838 0.00337838 0.0912162 0.00337838 0.00337838 0.00337838 0.0101351 0.0236486 0.00337838 0.0101351 0.00337838 0.0101351 0.753378 
0.00106383 0.0351064 0.05 0.42234 0.00319149 0.0606383 0.00744681 0.0117021 0.252128 0.0117021 0.00957447 0.056383 0.0691489 0.00106383 0.00744681 0.00106383 
0.00341064 0.00886767 0.00341064 0.000682128 0.000682128 0.00204638 0.00204638 0.000682128 0.141201 0.531378 0.000682128 0.000682128 0.198499 0.101637 0.00341064 0.000682128 
0.00473186 0.0583596 0.00157729 0.00157729 0.00473186 0.00157729 0.0205047 0.00157729 0.00157729 0.0268139 0.00473186 0.0141956 0.0394322 0.00157729 0.033123 0.783912 
0.0119048 0.0119048 0.0595238 0.0119048 0.0119048 0.0119048 0.130952 0.0595238 0.0119048 0.0357143 0.0119048 0.0119048 0.130952 0.0119048 0.321429 0.154762 
0.0151515 0.0151515 0.0151515 0.0757576 0.106061 0.0454545 0.0151515 0.0151515 0.0151515 0.0151515 0.0151515 0.0151515 0.106061 0.106061 0.0454545 0.378788 
0.103774 0.00943396 0.198113 0.0283019 0.00943396 0.00943396 0.00943396 0.0660377 0.0849057 0.0283019 0.00943396 0.00943396 0.0471698 0.00943396 0.292453 0.0849057 
0.000819672 0.000819672 0.000819672 0.00409836 0.0204918 0.0057377 0.0631148 0.000819672 0.17623 0.00409836 0.000819672 0.00901639 0.130328 0.197541 0.384426 0.000819672 
0.000705219 0.000705219 0.000705219 0.000705219 0.000705219 0.00211566 0.00211566 0.000705219 0.00211566 0.00352609 0.428068 0.00352609 0.552186 0.000705219 0.000705219 0.000705219 
0.00452196 0.0445736 0.00193798 0.000645995 0.000645995 0.000645995 0.00710594 0.00193798 0.122093 0.00452196 0.0122739 0.00452196 0.106589 0.145349 0.459302 0.0833333 
0.00238095 0.000793651 0.000793651 0.00396825 0.00396825 0.00238095 0.00555556 0.00238095 0.000793651 0.000793651 0.000793651 0.000793651 0.45 0.521429 0.00238095 0.000793651 
0.000980392 0.000980392 0.000980392 0.000980392 0.000980392 0.000980392 0.000980392 0.000980392 0.226471 0.00294118 0.000980392 0.579412 0.179412 0.000980392 0.000980392 0.000980392 
0.000837521 0.0108878 0.000837521 0.0108878 0.000837521 0.0293132 0.131491 0.00251256 0.0845896 0.000837521 0.0226131 0.00586265 0.154941 0.020938 0.469849 0.0527638 
0.00561798 0.00561798 0.00561798 0.398876 0.0168539 0.00561798 0.00561798 0.00561798 0.0842697 0.106742 0.0280899 0.140449 0.0617978 0.00561798 0.0505618 0.0730337 
0.00574713 0.293103 0.00574713 0.0172414 0.0517241 0.247126 0.00574713 0.00574713 0.00574713 0.00574713 0.0172414 0.0517241 0.0402299 0.0517241 0.189655 0.00574713 
0.000662252 0.00596026 0.0112583 0.000662252 0.000662252 0.00860927 0.0403974 0.000662252 0.0125828 0.00198675 0.00728477 0.364901 0.521192 0.0205298 0.00198675 0.000662252 
0.0172414 0.0517241 0.0172414 0.0172414 0.0862069 0.0172414 0.189655 0.189655 0.0172414 0.0172414 0.0172414 0.0517241 0.0172414 0.224138 0.0172414 0.0517241 
0.0138889 0.0138889 0.0138889 0.0324074 0.00462963 0.0138889 0.125 0.00462963 0.00462963 0.00462963 0.00462963 0.0138889 0.421296 0.00462963 0.263889 0.0601852 
0.00555556 0.105556 0.0611111 0.00555556 0.00555556 0.0277778 0.0166667 0.0722222 0.00555556 0.0277778 0.0277778 0.0277778 0.0611111 0.172222 0.0388889 0.338889 
0.0290698 0.180233 0.00581395 0.0174419 0.00581395 0.0174419 0.0290698 0.0290698 0.00581395 0.00581395 0.0174419 0.0290698 0.0406977 0.00581395 0.366279 0.215116 
0.00520833 0.151042 0.0572917 0.046875 0.223958 0.00520833 0.00520833 0.00520833 0.00520833 0.00520833 0.00520833 0.00520833 0.0260417 0.00520833 0.0989583 0.348958 
0.0348837 0.0116279 0.0116279 0.0116279 0.0116279 0.0116279 0.174419 0.104651 0.0348837 0.0581395 0.0116279 0.0116279 0.0348837 0.0116279 0.174419 0.290698 
0.0813253 0.063253 0.0210843 0.0150602 0.00903614 0.00301205 0.298193 0.00301205 0.00301205 0.00301205 0.0873494 0.0813253 0.0813253 0.0150602 0.231928 0.00301205 
0.00214592 0.00214592 0.0407725 0.00214592 0.00214592 0.00214592 0.143777 0.0107296 0.126609 0.00214592 0.0879828 0.00214592 0.00643777 0.135193 0.427039 0.00643777 
0.0108069 0.00216138 0.000720461 0.00648415 0.0208934 0.00360231 0.0540346 0.000720461 0.0410663 0.00216138 0.0165706 0.00216138 0.37536 0.0223343 0.438761 0.00216138 
0.00320513 0.00747863 0.00106838 0.00106838 0.0138889 0.00534188 0.0288462 0.00106838 0.00961538 0.00106838 0.385684 0.00106838 0.535256 0.00320513 0.00106838 0.00106838 
0.00390625 0.0169271 0.00911458 0.00130208 0.00390625 0.00651042 0.00130208 0.00130208 0.0690104 0.00130208 0.00911458 0.00130208 0.141927 0.00130208 0.00130208 0.730469 
0.00724638 0.0942029 0.00434783 0.00144928 0.00144928 0.711594 0.00144928 0.0188406 0.073913 0.00144928 0.00144928 0.00434783 0.00724638 0.00144928 0.0681159 0.00144928 
0.00742574 0.108086 0.00412541 0.424917 0.000825083 0.00577558 0.0965347 0.00412541 0.00412541 0.0156766 0.00907591 0.00412541 0.180693 0.00907591 0.0239274 0.101485 
0.025 0.0916667 0.00833333 0.0583333 0.00833333 0.208333 0.00833333 0.00833333 0.0416667 0.00833333 0.00833333 0.108333 0.191667 0.00833333 0.00833333 0.208333 
0.00203252 0.123984 0.0345528 0.00609756 0.00203252 0.00609756 0.254065 0.00609756 0.00203252 0.00203252 0.050813 0.00203252 0.140244 0.00203252 0.355691 0.0101626 
0.003125 0.115625 0.009375 0.003125 0.015625 0.034375 0.003125 0.003125 0.003125 0.034375 0.003125 0.009375 0.165625 0.109375 0.415625 0.071875 
0.0019084 0.501908 0.0019084 0.0133588 0.00954198 0.0706107 0.0248092 0.00954198 0.0209924 0.0019084 0.00954198 0.00954198 0.192748 0.00572519 0.0667939 0.0591603 
0.0191257 0.101093 0.587432 0.0136612 0.0191257 0.00819672 0.0136612 0.00273224 0.0737705 0.0136612 0.0245902 0.0519126 0.0300546 0.0355191 0.00273224 0.00273224 
0.0116697 0.0439856 0.000897666 0.024237 0.002693 0.00987433 0.00628366 0.000897666 0.0888689 0.002693 0.390485 0.000897666 0.0601436 0.124776 0.0260323 0.205566 
0.00925926 0.00925926 0.0277778 0.101852 0.175926 0.0833333 0.00925926 0.00925926 0.0648148 0.00925926 0.0462963 0.12037 0.0462963 0.00925926 0.194444 0.0833333 
0.00143678 0.012931 0.00143678 0.00431034 0.00431034 0.507184 0.00143678 0.00143678 0.00718391 0.00143678 0.00431034 0.0186782 0.182471 0.0502874 0.199713 0.00143678 
0.00199734 0.00199734 0.00865513 0.00865513 0.000665779 0.00466045 0.0286285 0.0113182 0.187084 0.000665779 0.00865513 0.00466045 0.0699068 0.659787 0.00199734 0.000665779 
0.000301386 0.000301386 0.0021097 0.0485232 0.00150693 0.0021097 0.0961423 0.00271248 0.0804702 0.000301386 0.000301386 0.481917 0.246835 0.0087402 0.0274262 0.000301386 
0.0010989 0.0010989 0.0010989 0.0032967 0.00549451 0.497802 0.00549451 0.0010989 0.0296703 0.00769231 0.0010989 0.0010989 0.174725 0.258242 0.00769231 0.0032967 
0.00282486 0.00282486 0.019774 0.00282486 0.00847458 0.0141243 0.0819209 0.00847458 0.0423729 0.00282486 0.00282486 0.00282486 0.0932203 0.364407 0.223164 0.127119 
0.0135135 0.0135135 0.0135135 0.0135135 0.0135135 0.418919 0.0135135 0.0135135 0.0135135 0.0135135 0.0405405 0.0135135 0.0135135 0.0405405 0.0135135 0.337838 
0.0225904 0.0225904 0.00451807 0.00150602 0.00150602 0.00753012 0.137048 0.00150602 0.00451807 0.0135542 0.00451807 0.0105422 0.203313 0.00753012 0.00150602 0.555723 
0.0826087 0.162609 0.000869565 0.0130435 0.0304348 0.000869565 0.105217 0.000869565 0.0026087 0.000869565 0.272174 0.000869565 0.287826 0.000869565 0.000869565 0.0373913 
0.00632911 0.0189873 0.00632911 0.00632911 0.00632911 0.00632911 0.120253 0.0189873 0.120253 0.0316456 0.00632911 0.00632911 0.00632911 0.0696203 0.28481 0.28481 
0.00695825 0.201789 0.00894632 0.0526839 0.00298211 0.000994036 0.354871 0.00695825 0.104374 0.154076 0.0109344 0.00298211 0.0805169 0.000994036 0.00695825 0.00298211 
0.00806452 0.0994624 0.00268817 0.00268817 0.00806452 0.0188172 0.00268817 0.00268817 0.00806452 0.00268817 0.00806452 0.00268817 0.233871 0.0295699 0.00268817 0.567204 
0.0191799 0.111772 0.00198413 0.00727513 0.00198413 0.000661376 0.0747354 0.0403439 0.168651 0.000661376 0.0403439 0.00859788 0.0615079 0.457011 0.00198413 0.00330688 
0.00760135 0.000844595 0.00591216 0.340372 0.00760135 0.0143581 0.130912 0.000844595 0.166385 0.00422297 0.0143581 0.000844595 0.115709 0.0616554 0.11402 0.0143581 
0.00805585 0.0810956 0.0639098 0.0692803 0.00268528 0.000537057 0.0177229 0.0112782 0.617078 0.00268528 0.00161117 0.0123523 0.10043 0.0037594 0.00590763 0.00161117 
0.00071736 0.00215208 0.00071736 0.623386 0.00071736 0.00215208 0.00215208 0.00215208 0.00071736 0.00215208 0.00071736 0.00071736 0.350789 0.00215208 0.00645624 0.00215208 
0.00340136 0.0102041 0.0306122 0.302721 0.037415 0.12585 0.00340136 0.00340136 0.0646259 0.0578231 0.0170068 0.0510204 0.180272 0.0782313 0.0306122 0.00340136 
0.0192308 0.0576923 0.134615 0.173077 0.0192308 0.0192308 0.0192308 0.0576923 0.0192308 0.134615 0.134615 0.0961538 0.0576923 0.0192308 0.0192308 0.0192308 
0.00756303 0.00588235 0.00588235 0.00252101 0.00252101 0.00420168 0.00420168 0.000840336 0.0294118 0.000840336 0.00252101 0.000840336 0.288235 0.57563 0.0109244 0.0579832 
0.00306748 0.134356 0.000613497 0.00674847 0.000613497 0.00184049 0.0141104 0.000613497 0.0300613 0.00306748 0.000613497 0.5 0.271779 0.00429448 0.0263804 0.00184049 
0.0294118 0.0294118 0.0294118 0.0294118 0.147059 0.0294118 0.0294118 0.0294118 0.0294118 0.382353 0.0294118 0.0294118 0.0882353 0.0294118 0.0294118 0.0294118 
0.0178571 0.0178571 0.0535714 0.125 0.339286 0.0178571 0.0178571 0.0178571 0.0535714 0.0535714 0.0535714 0.0178571 0.0892857 0.0178571 0.0892857 0.0178571 
0.22973 0.0135135 0.0405405 0.0405405 0.256757 0.0135135 0.0405405 0.0135135 0.0405405 0.175676 0.0405405 0.0405405 0.0135135 0.0135135 0.0135135 0.0135135 
0.00195312 0.0175781 0.0996094 0.0175781 0.0253906 0.591797 0.0371094 0.0214844 0.0371094 0.00195312 0.00195312 0.0136719 0.0839844 0.00195312 0.0253906 0.0214844 
0.0172414 0.169951 0.000821018 0.49179 0.00246305 0.00246305 0.0566502 0.00246305 0.0730706 0.000821018 0.00246305 0.000821018 0.091133 0.00246305 0.00246305 0.0829228 
0.0178571 0.0178571 0.0178571 0.0178571 0.0178571 0.0892857 0.0178571 0.0178571 0.0178571 0.0178571 0.0535714 0.0892857 0.0178571 0.482143 0.0178571 0.0892857 
0.0348837 0.000683995 0.00205198 0.0595075 0.00341997 0.00341997 0.0102599 0.000683995 0.0212038 0.0170999 0.00615595 0.000683995 0.277018 0.531464 0.0116279 0.0198358 
0.276316 0.0657895 0.0131579 0.0921053 0.0131579 0.0657895 0.0131579 0.0131579 0.0657895 0.0131579 0.0394737 0.144737 0.0131579 0.0131579 0.144737 0.0131579 
0.0135135 0.0135135 0.0405405 0.22973 0.121622 0.0135135 0.0135135 0.0135135 0.0135135 0.0675676 0.0135135 0.0675676 0.0135135 0.202703 0.148649 0.0135135 
0.06 0.14 0.02 0.38 0.1 0.02 0.02 0.06 0.02 0.02 0.02 0.02 0.02 0.06 0.02 0.02 
0.118421 0.0131579 0.0657895 0.144737 0.144737 0.118421 0.0131579 0.144737 0.0131579 0.0131579 0.0131579 0.0131579 0.0657895 0.0921053 0.0131579 0.0131579 
0.0112179 0.00480769 0.00160256 0.1875 0.00160256 0.00160256 0.00160256 0.00801282 0.0176282 0.56891 0.00160256 0.0176282 0.139423 0.00160256 0.00480769 0.0304487 
0.00246305 0.105911 0.00246305 0.100985 0.0566502 0.00246305 0.00246305 0.0320197 0.0517241 0.426108 0.0270936 0.00246305 0.140394 0.0172414 0.00246305 0.0270936 
0.0121951 0.0121951 0.158537 0.207317 0.0121951 0.0853659 0.0121951 0.0121951 0.0121951 0.134146 0.0121951 0.0121951 0.280488 0.0121951 0.0121951 0.0121951 
0.632831 0.00150602 0.00150602 0.000301205 0.000301205 0.000903614 0.000301205 0.000301205 0.000903614 0.000301205 0.000301205 0.00210843 0.353313 0.00150602 0.000301205 0.00331325 
0.254717 0.216981 0.00943396 0.0849057 0.00943396 0.00943396 0.00943396 0.00943396 0.0283019 0.198113 0.00943396 0.00943396 0.0849057 0.0283019 0.0283019 0.00943396 
0.0369261 0.00499002 0.000998004 0.0528942 0.00499002 0.00499002 0.010978 0.462076 0.000998004 0.0469062 0.000998004 0.0568862 0.296407 0.00299401 0.000998004 0.0149701 
0.0694444 0.0138889 0.0138889 0.0972222 0.0138889 0.0138889 0.0138889 0.291667 0.0416667 0.0694444 0.0138889 0.0138889 0.0694444 0.0138889 0.0138889 0.236111 
0.00555556 0.0211111 0.00111111 0.116667 0.0122222 0.00111111 0.00111111 0.00111111 0.00333333 0.576667 0.00111111 0.00111111 0.132222 0.00777778 0.00111111 0.116667 
0.075 0.075 0.025 0.225 0.075 0.025 0.075 0.025 0.025 0.175 0.025 0.075 0.025 0.025 0.025 0.025 
0.000628931 0.0773585 0.000628931 0.771698 0.00188679 0.00440252 0.00188679 0.00188679 0.0962264 0.000628931 0.000628931 0.000628931 0.0358491 0.000628931 0.00188679 0.00314465 
0.0970149 0.00746269 0.11194 0.0522388 0.00746269 0.00746269 0.0671642 0.00746269 0.0671642 0.11194 0.0373134 0.0671642 0.261194 0.0820896 0.00746269 0.00746269 
0.0555556 0.0185185 0.12963 0.0185185 0.0185185 0.12963 0.0555556 0.0185185 0.0555556 0.0925926 0.0555556 0.0185185 0.0185185 0.203704 0.0185185 0.0925926 
0.1375 0.0125 0.0125 0.0125 0.0125 0.2375 0.0125 0.0125 0.0125 0.1625 0.0875 0.0125 0.0875 0.0125 0.0125 0.1625 
0.0694444 0.0138889 0.0138889 0.125 0.0416667 0.0138889 0.0138889 0.0138889 0.0416667 0.0972222 0.0138889 0.0416667 0.0416667 0.0138889 0.0694444 0.375 
0.02 0.1 0.02 0.46 0.1 0.02 0.06 0.06 0.02 0.02 0.02 0.02 0.02 0.02 0.02 0.02 
0.000905797 0.0226449 0.475543 0.0788043 0.00996377 0.000905797 0.00271739 0.000905797 0.0244565 0.000905797 0.0117754 0.00452899 0.171196 0.00271739 0.00271739 0.189312 
0.0138889 0.0416667 0.0138889 0.0138889 0.0416667 0.0138889 0.0138889 0.0138889 0.0416667 0.0694444 0.402778 0.0694444 0.0694444 0.0138889 0.0138889 0.152778 
0.0833333 0.0277778 0.0277778 0.138889 0.0277778 0.0277778 0.0277778 0.0833333 0.0277778 0.361111 0.0277778 0.0277778 0.0277778 0.0277778 0.0277778 0.0277778 
0.0227273 0.0681818 0.159091 0.0227273 0.0227273 0.0681818 0.0227273 0.0227273 0.0227273 0.113636 0.0227273 0.0227273 0.159091 0.0227273 0.159091 0.0681818 
0.414286 0.0142857 0.0142857 0.1 0.0142857 0.0428571 0.0142857 0.0142857 0.0714286 0.0428571 0.1 0.0142857 0.0428571 0.0428571 0.0428571 0.0142857 
0.0862069 0.189655 0.12069 0.0517241 0.0517241 0.0172414 0.0517241 0.0172414 0.0172414 0.12069 0.0172414 0.0172414 0.12069 0.0517241 0.0517241 0.0172414 
0.128571 0.1 0.0142857 0.157143 0.1 0.0142857 0.1 0.0428571 0.128571 0.0142857 0.0142857 0.1 0.0142857 0.0142857 0.0428571 0.0142857 
0.00071736 0.0164993 0.00071736 0.0609756 0.00071736 0.00071736 0.0136298 0.00071736 0.0136298 0.00071736 0.657819 0.0035868 0.195839 0.0294118 0.00215208 0.00215208 
0.00413223 0.0123967 0.0123967 0.177686 0.00413223 0.00413223 0.0123967 0.053719 0.0619835 0.0702479 0.293388 0.0785124 0.0123967 0.0702479 0.0206612 0.11157 
0.0121951 0.158537 0.0609756 0.0609756 0.134146 0.0365854 0.0121951 0.0121951 0.0121951 0.0365854 0.0121951 0.0609756 0.0609756 0.0121951 0.0121951 0.304878 
0.472973 0.0405405 0.0135135 0.0135135 0.0675676 0.0405405 0.0135135 0.0135135 0.0405405 0.148649 0.0135135 0.0675676 0.0135135 0.0135135 0.0135135 0.0135135 
0.00575658 0.00246711 0.0172697 0.0419408 0.0139803 0.000822368 0.000822368 0.0271382 0.120888 0.00740132 0.000822368 0.344572 0.387336 0.00740132 0.0189145 0.00246711 
0.0421687 0.0146299 0.0197935 0.479346 0.000860585 0.0576592 0.00430293 0.00430293 0.0542169 0.0421687 0.0232358 0.000860585 0.0714286 0.140275 0.0146299 0.0301205 
0.0034965 0.0104895 0.0174825 0.101399 0.416084 0.0034965 0.0034965 0.0034965 0.0174825 0.0034965 0.0174825 0.0034965 0.381119 0.0034965 0.0034965 0.0104895 
0.0663636 0.21 0.00272727 0.368182 0.00636364 0.00454545 0.00636364 0.00272727 0.03 0.00272727 0.000909091 0.0336364 0.257273 0.00272727 0.00272727 0.00272727 
0.15 0.0166667 0.116667 0.15 0.05 0.0166667 0.0166667 0.0166667 0.35 0.0166667 0.0166667 0.0166667 0.0166667 0.0166667 0.0166667 0.0166667 
0.0517241 0.0172414 0.0862069 0.465517 0.0862069 0.0517241 0.0517241 0.0172414 0.0172414 0.0517241 0.0172414 0.0172414 0.0172414 0.0172414 0.0172414 0.0172414 
0.184211 0.0263158 0.0263158 0.0263158 0.0789474 0.131579 0.0263158 0.0263158 0.0263158 0.0263158 0.131579 0.0263158 0.0789474 0.0263158 0.0263158 0.131579 
0.0576923 0.0961538 0.0192308 0.0576923 0.173077 0.0576923 0.0192308 0.0192308 0.0576923 0.0192308 0.0576923 0.25 0.0192308 0.0576923 0.0192308 0.0192308 
0.00806452 0.00806452 0.00268817 0.00268817 0.000896057 0.000896057 0.000896057 0.000896057 0.163978 0.000896057 0.000896057 0.491935 0.301971 0.00448029 0.00985663 0.000896057 
0.0013587 0.0366848 0.0013587 0.677989 0.0013587 0.0013587 0.00407609 0.0013587 0.0720109 0.00407609 0.0013587 0.00951087 0.175272 0.00679348 0.0013587 0.00407609 
0.00225225 0.00225225 0.00225225 0.434685 0.132883 0.00225225 0.00225225 0.00225225 0.362613 0.0112613 0.00225225 0.00675676 0.00225225 0.0247748 0.00225225 0.00675676 
0.00462963 0.0787037 0.0972222 0.412037 0.189815 0.00462963 0.0231481 0.00462963 0.0138889 0.0138889 0.00462963 0.0231481 0.00462963 0.0231481 0.0138889 0.087963 
0.000980392 0.0598039 0.0107843 0.022549 0.00882353 0.0558824 0.0558824 0.000980392 0.0127451 0.393137 0.0382353 0.0362745 0.22451 0.0460784 0.0166667 0.0166667 
0.0538752 0.00283554 0.00283554 0.411153 0.00094518 0.00094518 0.00094518 0.0274102 0.063327 0.00094518 0.0141777 0.0141777 0.263705 0.108696 0.0330813 0.00094518 
0.168919 0.0743243 0.0337838 0.141892 0.00675676 0.00675676 0.0202703 0.00675676 0.00675676 0.425676 0.00675676 0.00675676 0.00675676 0.00675676 0.0743243 0.00675676 
