0.000707 0.000707 0.498233 0.000707 0.000707 0.000707 0.002120 0.000707 0.003534 0.486926 0.000707 0.000707 0.000707 0.000707 0.002120 
0.000379 0.000379 0.463433 0.015536 0.000379 0.000379 0.000379 0.000379 0.001895 0.511178 0.000379 0.000379 0.001895 0.002653 0.000379 
0.000211 0.000632 0.442595 0.073941 0.000211 0.000211 0.000211 0.001053 0.000632 0.414367 0.000211 0.000211 0.000211 0.063830 0.001475 
0.000744 0.000149 0.365193 0.146941 0.000149 0.000447 0.000149 0.000149 0.036772 0.311002 0.000149 0.000447 0.000149 0.137115 0.000447 
0.000110 0.000550 0.271166 0.161290 0.000771 0.000110 0.051635 0.000330 0.111307 0.229330 0.000110 0.000110 0.000110 0.172740 0.000330 
0.001107 0.000767 0.224295 0.143539 0.059545 0.000085 0.082886 0.038589 0.129057 0.172332 0.000085 0.000085 0.000596 0.146265 0.000767 
0.000797 0.006445 0.181114 0.131436 0.093055 0.011659 0.093490 0.091897 0.104642 0.153306 0.000217 0.000072 0.000072 0.117532 0.014266 
0.001914 0.018417 0.151363 0.125751 0.088653 0.035844 0.086276 0.086408 0.098026 0.131560 0.000066 0.000066 0.000066 0.119546 0.056043 
0.035515 0.039809 0.130957 0.109980 0.087285 0.061032 0.073422 0.081273 0.088143 0.113783 0.009262 0.000061 0.002638 0.099675 0.067166 
0.047659 0.046709 0.100755 0.094316 0.065815 0.051987 0.071726 0.072782 0.072465 0.095055 0.036365 0.073310 0.037420 0.080065 0.053570 
0.064602 0.038121 0.096677 0.089983 0.061004 0.044816 0.066200 0.067599 0.064502 0.090082 0.057807 0.084287 0.049713 0.081289 0.043318 
0.062603 0.043318 0.093180 0.081389 0.066500 0.043218 0.066300 0.063702 0.071197 0.081389 0.054609 0.088084 0.055009 0.078891 0.050612 
0.069998 0.045516 0.097777 0.085086 0.066400 0.042818 0.064701 0.061604 0.060405 0.080590 0.064102 0.085386 0.047614 0.073195 0.054809 
0.065101 0.040320 0.097277 0.081889 0.058606 0.043617 0.069598 0.066100 0.058206 0.086585 0.057907 0.080190 0.056308 0.085786 0.052511 
0.065301 0.042518 0.103572 0.077692 0.064901 0.042418 0.063902 0.072795 0.057207 0.084986 0.053810 0.088084 0.048514 0.083188 0.051112 
0.065301 0.046915 0.098476 0.084387 0.065601 0.052011 0.061504 0.062103 0.063003 0.090782 0.052611 0.075993 0.050112 0.075893 0.055309 
0.064801 0.046915 0.097477 0.089283 0.065101 0.044517 0.067000 0.067100 0.060605 0.088484 0.054909 0.081089 0.051012 0.072096 0.049613 
0.066100 0.049113 0.100774 0.093880 0.056608 0.043318 0.060305 0.063402 0.061904 0.090982 0.053010 0.085886 0.052111 0.072895 0.049713 
0.056508 0.047614 0.096677 0.079790 0.063103 0.046315 0.067799 0.063702 0.064202 0.088384 0.052910 0.086585 0.057207 0.074194 0.055009 
0.067499 0.049813 0.097777 0.081389 0.068199 0.045516 0.065501 0.068898 0.069798 0.078891 0.053710 0.079790 0.047514 0.075094 0.050612 
0.062803 0.047514 0.093280 0.076493 0.055508 0.043018 0.068099 0.065401 0.061304 0.090782 0.057407 0.080090 0.053910 0.090482 0.053910 
0.055908 0.045616 0.099375 0.086785 0.063103 0.041119 0.069198 0.068599 0.067599 0.091681 0.047814 0.087285 0.046715 0.081589 0.047614 
0.059306 0.047215 0.093380 0.080190 0.069298 0.042218 0.071596 0.066600 0.062903 0.087085 0.057407 0.080490 0.048514 0.084287 0.049513 
0.063003 0.042118 0.093380 0.091381 0.068299 0.038821 0.064502 0.067899 0.057907 0.094179 0.050312 0.083687 0.049313 0.077392 0.057807 
0.064002 0.045516 0.092980 0.077692 0.064801 0.042918 0.067599 0.067999 0.061504 0.095578 0.047914 0.088184 0.047514 0.078591 0.057207 
0.060505 0.050312 0.101174 0.080190 0.058006 0.044417 0.064801 0.067399 0.064002 0.081389 0.055708 0.087384 0.048014 0.084487 0.052211 
0.061104 0.047115 0.100075 0.085086 0.060005 0.040320 0.069698 0.069998 0.057607 0.087085 0.055608 0.087584 0.054409 0.078091 0.046215 
0.057807 0.045616 0.097177 0.088084 0.056608 0.045616 0.063502 0.073095 0.059805 0.090582 0.061904 0.082488 0.050812 0.079890 0.047015 
0.070097 0.039920 0.102773 0.089883 0.056108 0.043917 0.061904 0.062703 0.067899 0.083887 0.052111 0.091481 0.046015 0.077792 0.053510 
0.063203 0.039820 0.097177 0.087285 0.060505 0.045916 0.063502 0.070097 0.060605 0.087884 0.063103 0.084187 0.049713 0.073295 0.053710 
0.069598 0.040120 0.097977 0.079690 0.063702 0.048114 0.060605 0.066800 0.062603 0.082888 0.055009 0.081589 0.047414 0.084487 0.059405 
0.061304 0.040320 0.093780 0.085586 0.063402 0.043318 0.064102 0.064002 0.063802 0.091282 0.052910 0.094579 0.049113 0.080290 0.052211 
0.064801 0.046415 0.099276 0.081589 0.066700 0.045116 0.062803 0.062103 0.068998 0.080090 0.053610 0.079990 0.055009 0.079291 0.054209 
0.064801 0.041319 0.102773 0.089283 0.063602 0.048214 0.059505 0.070797 0.064701 0.074394 0.057207 0.084686 0.052211 0.082288 0.044217 
0.061604 0.045816 0.096078 0.078291 0.061504 0.049613 0.063502 0.063103 0.064002 0.085386 0.054509 0.088184 0.053510 0.082588 0.052311 
0.067699 0.044617 0.094679 0.084886 0.063203 0.046915 0.067699 0.065901 0.060804 0.090882 0.056907 0.074194 0.046215 0.078491 0.056907 
0.064102 0.054009 0.091381 0.085286 0.064202 0.045516 0.064801 0.061904 0.070597 0.077192 0.054209 0.089883 0.050012 0.078291 0.048614 
0.067100 0.052810 0.095079 0.083687 0.054209 0.042018 0.060205 0.067599 0.064302 0.090482 0.050912 0.090082 0.051212 0.074594 0.055708 
0.058906 0.044217 0.101474 0.085386 0.064102 0.042118 0.057907 0.067499 0.060005 0.085586 0.044017 0.087185 0.057107 0.084786 0.059705 
0.059505 0.041619 0.092780 0.093180 0.066200 0.052311 0.058906 0.068499 0.056208 0.086985 0.049713 0.087584 0.053210 0.078891 0.054409 
0.066900 0.046415 0.096677 0.077892 0.069598 0.045316 0.067300 0.060305 0.067000 0.084387 0.054109 0.083088 0.050912 0.077492 0.052611 
0.061604 0.049813 0.099575 0.080290 0.064602 0.043118 0.063203 0.063902 0.061704 0.084686 0.052810 0.088284 0.057707 0.077492 0.051212 
0.068099 0.046915 0.097877 0.083587 0.064701 0.042518 0.071696 0.066600 0.059505 0.086685 0.054209 0.078491 0.050112 0.076992 0.052011 
0.064302 0.049913 0.088584 0.088783 0.060305 0.041619 0.066000 0.075094 0.069698 0.079990 0.056008 0.081289 0.054609 0.069698 0.054109 
0.060105 0.049113 0.102073 0.083487 0.068998 0.044816 0.065001 0.067799 0.059905 0.088084 0.057407 0.083088 0.044716 0.077592 0.047814 
0.070097 0.048014 0.096178 0.080490 0.061004 0.042718 0.060205 0.069798 0.064102 0.083787 0.051312 0.082388 0.052910 0.079191 0.057807 
0.062203 0.046615 0.095778 0.079191 0.069298 0.043717 0.064701 0.067000 0.068499 0.078191 0.062103 0.083587 0.048314 0.077392 0.053410 
0.062203 0.052511 0.101274 0.088683 0.061204 0.042518 0.065701 0.067499 0.065101 0.080789 0.059605 0.084387 0.041919 0.072795 0.053810 
0.058506 0.044916 0.106570 0.077092 0.061304 0.038021 0.060105 0.073595 0.065101 0.089183 0.051112 0.084287 0.048414 0.082188 0.059605 
0.067200 0.040020 0.097877 0.082288 0.067799 0.042918 0.064801 0.066700 0.067699 0.079490 0.056707 0.082288 0.051711 0.080490 0.052011 
0.056807 0.041719 0.091681 0.084487 0.070497 0.049213 0.064502 0.069598 0.058106 0.091681 0.054209 0.085086 0.045816 0.081689 0.054909 
0.060205 0.052511 0.098976 0.075493 0.064901 0.042018 0.066100 0.065701 0.063203 0.088484 0.054809 0.085086 0.050412 0.079690 0.052411 
0.063902 0.054109 0.099775 0.081889 0.056707 0.041219 0.061504 0.061204 0.068898 0.083288 0.051811 0.092181 0.050412 0.077792 0.055309 
0.069898 0.042418 0.096278 0.083887 0.064701 0.045616 0.074294 0.064701 0.059006 0.081089 0.052011 0.077292 0.050712 0.079390 0.058706 
0.059805 0.038321 0.093580 0.079091 0.059106 0.048713 0.069298 0.058106 0.069398 0.086885 0.057407 0.091182 0.050312 0.085186 0.053610 
0.059905 0.046015 0.093980 0.086685 0.065001 0.050312 0.068199 0.068798 0.064202 0.083587 0.055508 0.084087 0.050612 0.071896 0.051212 
0.064302 0.046215 0.103372 0.076293 0.059206 0.044117 0.063402 0.070197 0.066800 0.082788 0.052710 0.085486 0.041019 0.087384 0.056707 
0.057107 0.048314 0.096677 0.088584 0.060505 0.042418 0.064102 0.073095 0.064701 0.087784 0.056308 0.085286 0.046715 0.074794 0.053610 
0.050412 0.042818 0.100575 0.088084 0.070797 0.047414 0.062803 0.064901 0.061204 0.083587 0.056408 0.088384 0.049213 0.083587 0.049813 
0.059206 0.040220 0.100075 0.086585 0.064302 0.043318 0.062603 0.064302 0.072795 0.085586 0.055309 0.081589 0.045216 0.082988 0.055908 
0.059505 0.053310 0.099675 0.081189 0.061604 0.043717 0.073495 0.061404 0.065501 0.080789 0.055009 0.081589 0.051511 0.079890 0.051811 
0.063802 0.039520 0.097877 0.087185 0.063003 0.042118 0.063702 0.065401 0.064202 0.090082 0.051811 0.088983 0.050312 0.080290 0.051711 
0.064602 0.040220 0.100774 0.088584 0.064202 0.044217 0.067799 0.069798 0.064302 0.083188 0.050012 0.084087 0.047714 0.081589 0.048913 
0.064102 0.042318 0.101874 0.087684 0.061604 0.042018 0.068499 0.068299 0.062403 0.088084 0.048214 0.091082 0.045416 0.081189 0.047215 
0.066600 0.042218 0.095778 0.084686 0.073495 0.038121 0.060005 0.071796 0.068299 0.085986 0.049113 0.081689 0.052611 0.087784 0.041819 
0.060704 0.046015 0.100575 0.082288 0.057907 0.042618 0.069598 0.069498 0.064402 0.088184 0.051112 0.080789 0.053710 0.078491 0.054109 
0.060305 0.051112 0.093280 0.087984 0.062703 0.047514 0.068299 0.069998 0.059206 0.085286 0.047714 0.087784 0.049613 0.077492 0.051711 
0.064701 0.045516 0.092281 0.078091 0.062303 0.044517 0.064701 0.062203 0.066600 0.093080 0.058406 0.083887 0.053210 0.081489 0.049013 
0.059605 0.042318 0.100375 0.087484 0.060305 0.043318 0.065001 0.059605 0.056408 0.088484 0.051611 0.086485 0.056707 0.082888 0.059405 
0.062303 0.044417 0.094679 0.085786 0.061304 0.046415 0.062003 0.074594 0.062403 0.081989 0.056208 0.085586 0.046615 0.083687 0.052011 
0.058306 0.049813 0.103572 0.078091 0.067200 0.049513 0.066100 0.070297 0.072596 0.089683 0.047315 0.076593 0.045916 0.072895 0.052111 
0.062503 0.045516 0.092680 0.084587 0.060804 0.047414 0.068898 0.066600 0.063702 0.088084 0.053610 0.087085 0.049713 0.075893 0.052910 
0.067399 0.041019 0.094579 0.094879 0.058306 0.042218 0.067899 0.062603 0.065701 0.088384 0.050512 0.079890 0.054709 0.082888 0.049013 
0.059505 0.046115 0.097177 0.081289 0.064901 0.039321 0.062603 0.072695 0.063602 0.086485 0.051112 0.087285 0.052511 0.081089 0.054309 
0.054709 0.051611 0.098876 0.085286 0.059805 0.048614 0.061204 0.068698 0.059106 0.090782 0.056608 0.082388 0.056008 0.076493 0.049813 
0.058306 0.046915 0.092680 0.087285 0.059905 0.048214 0.065101 0.061304 0.063203 0.085886 0.059505 0.086785 0.051511 0.077692 0.055708 
0.059605 0.044317 0.093480 0.086685 0.061004 0.043417 0.061704 0.071596 0.069898 0.088883 0.052910 0.078191 0.055908 0.079590 0.052810 
0.063902 0.052611 0.092081 0.083288 0.063802 0.044117 0.062603 0.069398 0.058206 0.084786 0.059106 0.082388 0.053810 0.078991 0.050912 
0.066700 0.049413 0.100075 0.076493 0.063103 0.044716 0.062703 0.067599 0.066000 0.083687 0.055408 0.077892 0.059206 0.079191 0.047814 
0.065901 0.049913 0.103273 0.080290 0.063003 0.035823 0.061704 0.067499 0.065101 0.085986 0.055708 0.081889 0.051112 0.081289 0.051511 
0.054109 0.051611 0.100275 0.086585 0.061904 0.045716 0.069298 0.064202 0.060305 0.082988 0.051511 0.089283 0.052411 0.077492 0.052311 
0.055908 0.050412 0.099176 0.088683 0.055608 0.044317 0.065301 0.067000 0.059705 0.084087 0.054409 0.089583 0.053110 0.082888 0.049813 
0.055508 0.053610 0.095079 0.079590 0.069798 0.045916 0.062803 0.064102 0.055808 0.086285 0.057807 0.081189 0.055009 0.080590 0.056907 
0.054809 0.042218 0.097677 0.085386 0.064602 0.048014 0.061504 0.063402 0.068698 0.088883 0.048813 0.082988 0.057307 0.082488 0.053210 
0.057907 0.050812 0.097177 0.078591 0.059905 0.041619 0.068199 0.069298 0.068499 0.086585 0.054809 0.083387 0.046915 0.079291 0.057007 
0.059206 0.041819 0.099875 0.081889 0.064202 0.048813 0.060405 0.068998 0.061504 0.093180 0.054609 0.083288 0.050012 0.080989 0.051212 
0.063802 0.045816 0.097677 0.086885 0.060305 0.043717 0.063702 0.062403 0.064102 0.082688 0.057607 0.083687 0.052111 0.074894 0.060605 
0.057507 0.045416 0.101074 0.085086 0.066900 0.043617 0.064302 0.066700 0.067300 0.086485 0.055408 0.083887 0.048114 0.076992 0.051212 
0.055109 0.050612 0.097177 0.087384 0.069898 0.051112 0.058406 0.063702 0.062003 0.081789 0.049713 0.086685 0.047215 0.078191 0.061004 
0.059905 0.044517 0.104671 0.081789 0.065501 0.045316 0.067699 0.065601 0.060305 0.078291 0.052710 0.090482 0.055708 0.076293 0.051212 
0.065301 0.044617 0.095978 0.090382 0.059905 0.048314 0.060005 0.062403 0.065801 0.091082 0.058506 0.079490 0.048114 0.074194 0.055908 
0.063902 0.038521 0.100774 0.084287 0.062703 0.046015 0.064701 0.066800 0.065801 0.077192 0.054509 0.086785 0.052211 0.079590 0.056208 
0.061404 0.046915 0.096777 0.076892 0.061804 0.050612 0.064002 0.068099 0.067999 0.090982 0.057307 0.079990 0.049713 0.080989 0.046515 
0.067000 0.047215 0.094879 0.089583 0.062703 0.043018 0.070797 0.067599 0.064602 0.085386 0.053310 0.083887 0.044117 0.073995 0.051911 
0.063802 0.045816 0.093880 0.088883 0.060605 0.040719 0.067799 0.060605 0.066300 0.092281 0.055209 0.085486 0.053910 0.074394 0.050312 
0.064502 0.039720 0.096278 0.084686 0.064602 0.043118 0.068399 0.064502 0.066400 0.090782 0.054509 0.082088 0.043717 0.089083 0.047614 
0.055708 0.051511 0.094179 0.084387 0.070497 0.043417 0.066700 0.070297 0.061904 0.085086 0.049313 0.089083 0.050412 0.077692 0.049813 
0.059106 0.051212 0.091681 0.081689 0.064602 0.040919 0.066200 0.066300 0.060804 0.094279 0.049313 0.083687 0.049613 0.085086 0.055508 
0.061104 0.047414 0.095179 0.085486 0.064801 0.048913 0.065401 0.064901 0.064402 0.089983 0.056108 0.079790 0.040220 0.082788 0.053510 
0.054209 0.050312 0.100475 0.085886 0.068399 0.052411 0.060704 0.064502 0.062603 0.080190 0.054409 0.082688 0.049513 0.079291 0.054409 
0.062003 0.042518 0.098776 0.078891 0.066500 0.048713 0.065201 0.067799 0.061204 0.083088 0.054909 0.082088 0.047514 0.088284 0.052511 
0.063902 0.046415 0.100674 0.077792 0.063602 0.043517 0.064701 0.068599 0.064701 0.085186 0.052211 0.088384 0.045716 0.079690 0.054909 
0.058606 0.047015 0.101674 0.084587 0.063802 0.046215 0.068199 0.069698 0.060505 0.088983 0.046715 0.089383 0.050212 0.074894 0.049513 
0.061304 0.045316 0.096378 0.086685 0.066400 0.039321 0.063103 0.068399 0.067699 0.090982 0.055209 0.087684 0.053310 0.073795 0.044417 
0.063003 0.046815 0.098676 0.089283 0.057807 0.041419 0.065401 0.060005 0.071796 0.082488 0.056608 0.087185 0.049013 0.080490 0.050012 
0.061404 0.046615 0.089183 0.082588 0.061404 0.044217 0.066700 0.072496 0.065701 0.082288 0.056308 0.083787 0.052111 0.081689 0.053510 
0.065601 0.040620 0.089083 0.083687 0.069298 0.049113 0.067200 0.064202 0.063402 0.086185 0.048913 0.086585 0.047514 0.077992 0.060605 
0.064701 0.046615 0.090382 0.083987 0.064502 0.044217 0.067599 0.076692 0.059505 0.080889 0.058806 0.087884 0.050412 0.075294 0.048514 
0.060205 0.042618 0.098776 0.079091 0.061304 0.047614 0.070297 0.070097 0.068499 0.084587 0.047414 0.082788 0.051212 0.082688 0.052810 
0.062903 0.045416 0.098976 0.085286 0.067000 0.044117 0.063303 0.065301 0.061404 0.088284 0.053210 0.085786 0.046715 0.077992 0.054309 
0.059405 0.051212 0.105771 0.091881 0.055009 0.041519 0.057707 0.069598 0.065501 0.083787 0.049313 0.084487 0.048214 0.086585 0.050012 
0.059605 0.048913 0.101674 0.078891 0.064402 0.044417 0.063502 0.067200 0.060205 0.091581 0.054609 0.088783 0.046315 0.080390 0.049513 
0.064901 0.042218 0.102273 0.080490 0.064701 0.040719 0.060704 0.067100 0.067499 0.082688 0.060105 0.081189 0.055808 0.077992 0.051611 
0.061804 0.048114 0.098076 0.084287 0.061604 0.045916 0.073495 0.062403 0.060804 0.086585 0.051312 0.087584 0.051611 0.079890 0.046515 
0.059805 0.045316 0.099575 0.084886 0.059405 0.041619 0.064202 0.068099 0.061804 0.082488 0.050212 0.085686 0.054209 0.084187 0.058506 
0.063602 0.038921 0.099775 0.090182 0.067699 0.048514 0.063103 0.063902 0.067899 0.083587 0.052710 0.081989 0.044217 0.076792 0.057107 
0.068898 0.047215 0.094579 0.087185 0.050312 0.045316 0.074994 0.067200 0.067799 0.083088 0.059006 0.076293 0.050012 0.076792 0.051312 
0.055309 0.043417 0.100275 0.079490 0.065801 0.043917 0.066400 0.070097 0.065801 0.087884 0.050712 0.086485 0.055708 0.079990 0.048713 
0.069098 0.048214 0.096677 0.082888 0.056408 0.040420 0.067599 0.064102 0.062903 0.089383 0.050612 0.082688 0.052611 0.080689 0.055708 
0.066000 0.043318 0.093080 0.090082 0.063902 0.042018 0.065501 0.063602 0.062003 0.086785 0.054309 0.087784 0.049313 0.079690 0.052611 
0.059905 0.040420 0.099475 0.081589 0.066300 0.046515 0.057807 0.058906 0.063902 0.093780 0.052011 0.081889 0.059405 0.082388 0.055708 
0.066800 0.048514 0.094579 0.091182 0.065301 0.045816 0.063702 0.065501 0.062303 0.082288 0.053210 0.080190 0.053310 0.073495 0.053810 
0.062303 0.042218 0.095778 0.079990 0.063702 0.038121 0.065701 0.064901 0.066100 0.090082 0.054009 0.089483 0.050212 0.084986 0.052411 
0.070097 0.050712 0.097077 0.083387 0.066700 0.041419 0.066700 0.062003 0.062403 0.082088 0.061704 0.085486 0.047115 0.074794 0.048314 
0.061804 0.049713 0.096578 0.082988 0.062903 0.047614 0.063402 0.063402 0.060505 0.092581 0.060405 0.089483 0.040220 0.076493 0.051911 
0.064602 0.053010 0.101374 0.082888 0.059306 0.043717 0.058906 0.064901 0.068698 0.081389 0.060305 0.087484 0.045616 0.075393 0.052411 
0.059705 0.047914 0.098276 0.091481 0.058706 0.046815 0.065601 0.063203 0.070097 0.084986 0.058506 0.080789 0.047714 0.078391 0.047814 
0.061104 0.046615 0.098676 0.083288 0.063103 0.052011 0.062203 0.063902 0.061304 0.092581 0.053410 0.084886 0.043817 0.081889 0.051212 
0.063502 0.047514 0.090582 0.088084 0.064801 0.048913 0.063502 0.068299 0.055109 0.084587 0.057507 0.084387 0.048813 0.082088 0.052311 
0.059805 0.048713 0.098876 0.079191 0.068199 0.043118 0.064202 0.066500 0.064402 0.081189 0.054709 0.079291 0.055009 0.086985 0.049813 
0.057707 0.052810 0.094379 0.080989 0.067200 0.045516 0.067200 0.069798 0.060205 0.090682 0.054009 0.084487 0.044417 0.076992 0.053610 
0.060005 0.053410 0.096777 0.082988 0.064502 0.045016 0.066100 0.068199 0.061604 0.080789 0.056108 0.084287 0.048713 0.078791 0.052710 
0.059306 0.039420 0.103972 0.081989 0.063402 0.041919 0.058206 0.068499 0.065801 0.090782 0.057007 0.081389 0.051611 0.075094 0.061604 
0.063402 0.046115 0.096278 0.089283 0.066800 0.040220 0.068199 0.065801 0.064602 0.083088 0.052511 0.087884 0.050712 0.076093 0.049013 
0.073595 0.043517 0.102973 0.084686 0.065401 0.041019 0.061604 0.060405 0.067399 0.080789 0.055608 0.080490 0.049113 0.077992 0.055408 
0.064701 0.058406 0.096278 0.076293 0.065501 0.046115 0.058406 0.067100 0.063203 0.083587 0.049413 0.091981 0.051312 0.080689 0.047015 
0.061104 0.047714 0.096777 0.082688 0.063802 0.039720 0.064701 0.062903 0.059805 0.086485 0.060804 0.079990 0.055808 0.079790 0.057907 
0.061404 0.048414 0.096877 0.077292 0.068499 0.044816 0.066200 0.066300 0.066500 0.082488 0.053810 0.085486 0.047714 0.082288 0.051911 
0.061704 0.052810 0.089083 0.082788 0.066400 0.044617 0.066700 0.065501 0.068998 0.091082 0.052910 0.084686 0.049813 0.072296 0.050612 
0.064502 0.047315 0.097277 0.087384 0.058506 0.042118 0.064402 0.069098 0.070497 0.084886 0.059905 0.079390 0.041419 0.081589 0.051711 
0.063802 0.047015 0.098676 0.085886 0.059605 0.039321 0.061404 0.072596 0.064602 0.084986 0.057507 0.081789 0.057607 0.074094 0.051112 
0.065001 0.045016 0.098476 0.083088 0.057807 0.045416 0.066400 0.066200 0.063702 0.086685 0.055508 0.085286 0.045916 0.081989 0.053510 
0.063802 0.041619 0.094979 0.092780 0.060605 0.047115 0.065301 0.065901 0.069798 0.087884 0.049913 0.079990 0.047414 0.079191 0.053710 
0.060904 0.044217 0.096677 0.081389 0.068798 0.046115 0.069398 0.069798 0.066900 0.088783 0.055708 0.081689 0.047614 0.074094 0.047914 
0.064202 0.049613 0.091981 0.079790 0.068599 0.043517 0.067000 0.063602 0.063103 0.090082 0.052111 0.081789 0.052810 0.079990 0.051811 
0.065601 0.044017 0.102073 0.084387 0.061304 0.042718 0.063103 0.067000 0.058906 0.082388 0.054509 0.093680 0.043917 0.080689 0.055708 
0.060605 0.044916 0.098276 0.081289 0.063902 0.053810 0.067599 0.069598 0.060804 0.087185 0.044816 0.086185 0.054109 0.078591 0.048314 
0.066400 0.045216 0.093180 0.082988 0.064801 0.045316 0.065301 0.067100 0.067799 0.084387 0.053410 0.083787 0.049513 0.080689 0.050112 
0.062003 0.048514 0.086585 0.086985 0.065101 0.043018 0.065301 0.065301 0.064602 0.084487 0.055009 0.085886 0.051811 0.080789 0.054609 
0.068698 0.042118 0.096378 0.089383 0.067399 0.044117 0.068698 0.060305 0.066500 0.082888 0.050712 0.082388 0.048314 0.081589 0.050512 
0.065901 0.048314 0.098676 0.083088 0.067899 0.044916 0.063502 0.064102 0.058906 0.088783 0.051312 0.079590 0.052511 0.079590 0.052910 
0.050112 0.051112 0.099276 0.080989 0.063402 0.045716 0.064102 0.069598 0.064102 0.083887 0.052111 0.082588 0.054209 0.082688 0.056108 
0.065301 0.041319 0.095478 0.087684 0.057907 0.048813 0.060405 0.065501 0.068698 0.080390 0.053310 0.082688 0.056907 0.077992 0.057607 
0.059106 0.047215 0.099276 0.081389 0.067000 0.045516 0.066100 0.067499 0.056308 0.083088 0.056408 0.083188 0.049913 0.082288 0.055708 
0.067499 0.046015 0.095978 0.087884 0.059805 0.048713 0.072596 0.059705 0.059805 0.078191 0.060305 0.082488 0.047414 0.085486 0.048114 
0.052910 0.045316 0.093480 0.090082 0.064701 0.050912 0.060904 0.066700 0.064901 0.087884 0.052511 0.075294 0.056707 0.084487 0.053210 
0.061604 0.037822 0.094879 0.086785 0.062803 0.051012 0.063702 0.070997 0.063602 0.085586 0.051611 0.083487 0.046215 0.084387 0.055508 
0.055808 0.051312 0.099176 0.086685 0.064502 0.043917 0.061904 0.068798 0.064801 0.085386 0.052411 0.078991 0.049513 0.081089 0.055708 
0.063502 0.042518 0.101574 0.083787 0.065701 0.049013 0.062603 0.067599 0.063402 0.082488 0.052710 0.081589 0.043717 0.084986 0.054809 
0.059805 0.046715 0.083587 0.086785 0.063802 0.054809 0.074394 0.060205 0.063402 0.083787 0.054009 0.089983 0.052211 0.076093 0.050412 
0.067000 0.046715 0.089983 0.080689 0.063502 0.045516 0.064002 0.068698 0.070497 0.089383 0.055009 0.089083 0.049713 0.067999 0.052211 
0.063902 0.044617 0.101674 0.080889 0.068099 0.043817 0.071496 0.069998 0.062903 0.081689 0.053110 0.078891 0.050612 0.074494 0.053810 
0.063802 0.049913 0.091981 0.084587 0.063902 0.049813 0.060704 0.061404 0.062703 0.084087 0.049513 0.091381 0.050312 0.081189 0.054709 
0.065601 0.045016 0.100674 0.083587 0.057807 0.045216 0.066900 0.073295 0.058006 0.087984 0.053310 0.091681 0.047614 0.075294 0.048014 
0.064502 0.043318 0.103472 0.087584 0.062903 0.034824 0.067300 0.068399 0.064402 0.085586 0.056108 0.081989 0.050212 0.077892 0.051511 
0.057407 0.048913 0.087784 0.088683 0.062803 0.048214 0.066200 0.063103 0.067699 0.091981 0.052011 0.086785 0.052111 0.074294 0.052011 
0.058906 0.045916 0.094079 0.086385 0.064502 0.046115 0.066900 0.062903 0.064801 0.086585 0.050412 0.082688 0.049613 0.083687 0.056508 
0.064801 0.039420 0.100375 0.087684 0.061704 0.045616 0.065701 0.068898 0.065501 0.093280 0.051611 0.079790 0.049113 0.077792 0.048713 
0.057207 0.050612 0.099276 0.087984 0.059006 0.049013 0.059106 0.062703 0.063702 0.090882 0.066900 0.080590 0.046715 0.078191 0.048114 
0.065901 0.048813 0.099375 0.078491 0.071896 0.038121 0.064701 0.069798 0.065201 0.085086 0.057807 0.081189 0.051711 0.069598 0.052311 
0.063402 0.050712 0.097777 0.084387 0.066300 0.039620 0.063902 0.069098 0.070297 0.087185 0.050212 0.084487 0.046215 0.071496 0.054909 
0.058806 0.049413 0.104372 0.080689 0.058706 0.047814 0.063003 0.066600 0.067100 0.088384 0.055408 0.080889 0.047015 0.082088 0.049713 
0.056707 0.040020 0.103372 0.084886 0.059705 0.040220 0.065201 0.071696 0.065101 0.094479 0.052810 0.084886 0.049313 0.075094 0.056508 
0.065201 0.042718 0.096977 0.087285 0.065601 0.047814 0.063003 0.067300 0.066500 0.083887 0.046515 0.086885 0.050512 0.075393 0.054409 
0.065301 0.040719 0.090082 0.078591 0.062203 0.041619 0.066300 0.071796 0.065101 0.086285 0.059605 0.080490 0.053710 0.083687 0.054509 
0.063402 0.041619 0.094579 0.086285 0.070897 0.044117 0.063003 0.069798 0.064901 0.086585 0.053210 0.086885 0.048813 0.076493 0.049413 
0.062103 0.042618 0.101174 0.083088 0.065201 0.043517 0.073195 0.066400 0.061504 0.085086 0.056108 0.084487 0.048713 0.074694 0.052111 
0.060904 0.049413 0.091981 0.086285 0.070897 0.048414 0.066200 0.062903 0.064202 0.085486 0.050212 0.080789 0.044217 0.083687 0.054409 
0.062603 0.050612 0.095378 0.085486 0.066200 0.047914 0.056608 0.065201 0.058106 0.087684 0.057607 0.081289 0.048813 0.082488 0.054009 
0.059805 0.051711 0.097277 0.087484 0.066900 0.043318 0.065101 0.065601 0.065301 0.082988 0.050812 0.079890 0.050112 0.075993 0.057707 
0.062903 0.042918 0.103872 0.082588 0.064402 0.040620 0.071896 0.072196 0.058206 0.083987 0.048913 0.087884 0.050012 0.083387 0.046215 
0.073495 0.040620 0.093080 0.074694 0.055808 0.044816 0.061504 0.069298 0.067599 0.083587 0.058806 0.085286 0.055009 0.079790 0.056608 
0.060704 0.048014 0.089683 0.086585 0.070997 0.042518 0.071197 0.069498 0.062303 0.091182 0.054509 0.078091 0.046815 0.077892 0.050012 
0.066200 0.046415 0.095079 0.078291 0.061304 0.043917 0.066500 0.064801 0.067499 0.083188 0.053610 0.083987 0.053610 0.087484 0.048114 
0.058606 0.046215 0.101274 0.085986 0.064901 0.045216 0.065801 0.063103 0.065701 0.091781 0.053110 0.076792 0.051811 0.074994 0.054709 
0.062703 0.049513 0.094979 0.086385 0.058306 0.050512 0.065701 0.064901 0.062003 0.084886 0.053610 0.083687 0.051811 0.078391 0.052611 
0.058606 0.047814 0.092980 0.080889 0.068399 0.045616 0.070997 0.068798 0.062203 0.090482 0.052710 0.083887 0.050112 0.076692 0.049813 
0.065401 0.037222 0.095478 0.085486 0.072496 0.045416 0.072995 0.067100 0.053910 0.085586 0.054909 0.087285 0.044217 0.078491 0.054009 
0.060405 0.048314 0.092980 0.084387 0.062703 0.042918 0.062303 0.063502 0.061604 0.090982 0.057407 0.091681 0.053910 0.074894 0.052011 
0.061604 0.047514 0.094579 0.077892 0.065001 0.045316 0.065301 0.070697 0.063303 0.086285 0.054909 0.086285 0.051212 0.074594 0.055508 
0.059006 0.045516 0.097977 0.082688 0.066500 0.043417 0.067699 0.063303 0.065801 0.086685 0.052710 0.080290 0.048913 0.083587 0.055908 
0.058406 0.049413 0.088883 0.086685 0.058206 0.050512 0.063602 0.071996 0.070597 0.085086 0.055508 0.086285 0.045816 0.074294 0.054709 
0.059805 0.049313 0.096478 0.089783 0.066300 0.048514 0.065801 0.069698 0.058806 0.078491 0.048614 0.081389 0.059705 0.074594 0.052710 
0.059405 0.044317 0.103572 0.079990 0.066800 0.050112 0.067999 0.067100 0.061304 0.081189 0.054609 0.083987 0.045016 0.077292 0.057307 
0.064102 0.044716 0.099875 0.090882 0.059805 0.048414 0.056308 0.070097 0.057207 0.084287 0.050812 0.091182 0.050112 0.078591 0.053610 
0.063203 0.044017 0.096278 0.087384 0.067200 0.039820 0.058906 0.064302 0.065901 0.076193 0.059505 0.082688 0.054309 0.082588 0.057707 
0.068499 0.050312 0.098676 0.087784 0.063303 0.045816 0.059405 0.064901 0.061904 0.083487 0.051112 0.079490 0.049713 0.076892 0.058706 
0.057307 0.047215 0.094379 0.084487 0.061104 0.049313 0.060505 0.071097 0.061104 0.088983 0.043218 0.087285 0.052710 0.083487 0.057807 
0.056807 0.041319 0.098676 0.074994 0.064901 0.046315 0.060405 0.064502 0.066600 0.079390 0.056408 0.088384 0.055009 0.084786 0.061504 
0.059006 0.049613 0.096078 0.082888 0.066100 0.046115 0.069898 0.069198 0.057107 0.089983 0.056108 0.082988 0.044617 0.077692 0.052611 
0.056807 0.049113 0.101974 0.076992 0.066700 0.044417 0.064602 0.058906 0.063003 0.087185 0.051711 0.094779 0.046915 0.084786 0.052111 
0.058506 0.047215 0.105371 0.085886 0.066000 0.045616 0.064302 0.074894 0.061704 0.080590 0.051312 0.087584 0.044816 0.074494 0.051711 
0.061504 0.042818 0.097577 0.084686 0.068499 0.043617 0.063003 0.065501 0.061604 0.081789 0.055309 0.089683 0.053210 0.076393 0.054809 
0.069298 0.042918 0.096178 0.088584 0.061404 0.043517 0.063103 0.064502 0.064701 0.087884 0.056608 0.084886 0.049113 0.074394 0.052910 
0.067399 0.040020 0.096378 0.077992 0.061104 0.043917 0.070897 0.067999 0.064901 0.083587 0.059605 0.085586 0.052710 0.075393 0.052511 
0.061504 0.044317 0.095378 0.080590 0.064701 0.045916 0.060205 0.068199 0.065601 0.090582 0.051212 0.089483 0.043318 0.083887 0.055109 
0.062803 0.051511 0.096178 0.084587 0.065401 0.038621 0.062803 0.063702 0.064801 0.079091 0.057907 0.092381 0.051411 0.074494 0.054309 
0.064901 0.046515 0.096578 0.088584 0.063602 0.040020 0.069198 0.061504 0.066400 0.089583 0.053510 0.084187 0.050112 0.071796 0.053510 
0.060605 0.040520 0.102673 0.096777 0.066600 0.046915 0.067000 0.068599 0.063902 0.084886 0.054709 0.077492 0.046015 0.071596 0.051711 
0.062703 0.043318 0.100874 0.084287 0.063702 0.047015 0.058706 0.061504 0.064402 0.087085 0.051012 0.082788 0.054509 0.081989 0.056108 
0.061704 0.043218 0.097077 0.087384 0.064602 0.043517 0.069398 0.060505 0.069898 0.081989 0.057807 0.079590 0.052511 0.076193 0.054609 
0.063402 0.048114 0.099475 0.086085 0.063303 0.038721 0.071097 0.066000 0.063602 0.082388 0.051112 0.084786 0.045116 0.081689 0.055109 
0.065001 0.049413 0.094879 0.092980 0.065301 0.048614 0.070597 0.068099 0.060704 0.078491 0.045316 0.079690 0.053510 0.075593 0.051811 
0.058206 0.039620 0.103273 0.085086 0.068299 0.039321 0.075493 0.071596 0.067799 0.090482 0.053510 0.083487 0.048813 0.069298 0.045716 
0.068798 0.044617 0.093280 0.075194 0.067300 0.046115 0.066200 0.068299 0.067200 0.085886 0.051312 0.086185 0.048314 0.077292 0.054009 
0.068099 0.049513 0.106770 0.081589 0.062003 0.039620 0.066100 0.071796 0.067499 0.083687 0.051411 0.081489 0.044816 0.073595 0.052011 
0.055408 0.043417 0.105571 0.085386 0.061604 0.045216 0.062903 0.068698 0.063402 0.073195 0.054009 0.090882 0.047514 0.083787 0.059006 
0.062503 0.049413 0.092680 0.089183 0.066000 0.036722 0.073095 0.063802 0.065401 0.088084 0.051411 0.083088 0.050912 0.076593 0.051112 
0.070597 0.046315 0.096977 0.080889 0.064302 0.039321 0.066000 0.076892 0.062303 0.083687 0.047015 0.083787 0.045616 0.083288 0.053010 
0.055508 0.053110 0.095778 0.088284 0.068898 0.040919 0.064602 0.066900 0.060804 0.076393 0.055408 0.087384 0.047215 0.077592 0.061204 
0.068399 0.041619 0.107869 0.084986 0.060405 0.044117 0.063702 0.061104 0.064202 0.083587 0.059805 0.088184 0.044916 0.075493 0.051611 
0.056807 0.047714 0.090182 0.083587 0.065601 0.043917 0.066400 0.064502 0.066300 0.086785 0.050212 0.085686 0.058506 0.077392 0.056408 
0.063802 0.041919 0.097477 0.091581 0.057507 0.042618 0.064202 0.065601 0.062203 0.082988 0.055408 0.086585 0.053510 0.080290 0.054309 
0.061204 0.045916 0.101274 0.077392 0.067699 0.045116 0.066600 0.067899 0.064602 0.084187 0.057407 0.081389 0.047614 0.081389 0.050312 
0.054809 0.049113 0.096777 0.082088 0.065001 0.045116 0.068998 0.069098 0.062403 0.086785 0.055808 0.080490 0.051012 0.078591 0.053910 
0.056508 0.042018 0.098376 0.081289 0.064302 0.044716 0.066700 0.060205 0.067499 0.082988 0.052311 0.086185 0.056508 0.080989 0.059405 
0.060005 0.044716 0.100874 0.085886 0.062303 0.037422 0.062803 0.065701 0.061604 0.081789 0.056108 0.083987 0.058706 0.082988 0.055109 
0.065401 0.039221 0.098576 0.087584 0.061304 0.044417 0.066900 0.067599 0.069898 0.077792 0.050712 0.082588 0.054009 0.084187 0.049813 
0.061304 0.044617 0.093880 0.085886 0.066700 0.041119 0.070297 0.063902 0.061004 0.091481 0.054209 0.082088 0.050412 0.079291 0.053810 
0.061104 0.047814 0.094979 0.079390 0.060804 0.048414 0.067499 0.066700 0.064402 0.083487 0.055309 0.087384 0.050812 0.079690 0.052211 
0.068798 0.039920 0.096378 0.085486 0.065601 0.043617 0.060205 0.073695 0.063103 0.089383 0.052411 0.077592 0.050112 0.082188 0.051511 
0.064102 0.047215 0.093480 0.081489 0.062403 0.037222 0.067999 0.064502 0.070197 0.086085 0.051911 0.088284 0.049413 0.079490 0.056208 
0.061704 0.046315 0.100375 0.080290 0.069098 0.041119 0.070397 0.063802 0.063402 0.084387 0.055408 0.091481 0.047315 0.073195 0.051711 
0.062903 0.042518 0.096078 0.081189 0.061404 0.038221 0.070297 0.062203 0.063103 0.088184 0.061104 0.090282 0.048414 0.083088 0.051012 
0.057007 0.049713 0.099775 0.087784 0.066700 0.048014 0.069798 0.068798 0.060804 0.085586 0.045716 0.081389 0.046915 0.077792 0.054209 
0.065001 0.045316 0.093180 0.084387 0.065201 0.044117 0.062303 0.068898 0.061404 0.085986 0.053310 0.088384 0.047714 0.079990 0.054809 
0.059206 0.051112 0.094479 0.083188 0.064701 0.048614 0.064502 0.062803 0.069398 0.082988 0.054709 0.086985 0.043318 0.080490 0.053510 
0.061004 0.050012 0.096078 0.088084 0.062603 0.044816 0.066600 0.066600 0.060704 0.085586 0.050512 0.084587 0.051711 0.079690 0.051411 
0.065801 0.051012 0.094979 0.081889 0.063502 0.039321 0.066500 0.068099 0.057907 0.085486 0.057007 0.090582 0.042018 0.074894 0.061004 
0.061104 0.050112 0.097377 0.078991 0.065501 0.045316 0.062603 0.061504 0.069398 0.088484 0.054209 0.091182 0.043417 0.078591 0.052211 
0.070097 0.050612 0.094379 0.081489 0.062403 0.045216 0.063602 0.066200 0.066500 0.080789 0.058306 0.087784 0.045116 0.080490 0.047015 
0.065401 0.049513 0.102473 0.074594 0.058106 0.044617 0.067999 0.067200 0.061204 0.084686 0.049813 0.085586 0.045716 0.080490 0.062603 
0.055309 0.047814 0.091581 0.079291 0.065501 0.047414 0.063402 0.064901 0.063103 0.088384 0.053910 0.090882 0.053610 0.079490 0.055408 
0.062303 0.050912 0.099875 0.085586 0.064302 0.043617 0.068798 0.066400 0.065501 0.081389 0.054209 0.085986 0.051112 0.072895 0.047115 
0.065401 0.047414 0.095079 0.086585 0.063203 0.046615 0.065401 0.072296 0.058706 0.087584 0.052311 0.079790 0.049613 0.076892 0.053110 
0.065301 0.045116 0.098176 0.084786 0.061804 0.044417 0.067200 0.065301 0.060405 0.084387 0.056408 0.084287 0.050612 0.077292 0.054509 
0.058206 0.051312 0.089483 0.076792 0.062003 0.042418 0.068399 0.068399 0.066300 0.088284 0.054909 0.084686 0.050912 0.086885 0.051012 
0.058906 0.054909 0.098476 0.079590 0.067999 0.046815 0.062203 0.065601 0.059206 0.083687 0.054409 0.084287 0.049413 0.083487 0.051012 
0.057607 0.047215 0.098376 0.080889 0.062003 0.039920 0.078791 0.075094 0.060205 0.092880 0.054209 0.087784 0.051212 0.067100 0.046715 
0.071297 0.043917 0.109268 0.082388 0.061104 0.045116 0.069998 0.063602 0.063303 0.085886 0.051811 0.084387 0.047614 0.073595 0.046715 
0.054809 0.049213 0.096478 0.084886 0.068499 0.047414 0.062803 0.069198 0.066400 0.085086 0.051511 0.078891 0.052411 0.074294 0.058106 
0.068299 0.042818 0.101474 0.086585 0.059006 0.046415 0.056907 0.063402 0.064901 0.084387 0.054009 0.084487 0.051711 0.086485 0.049113 
0.064901 0.047315 0.096777 0.082488 0.068299 0.040420 0.057607 0.063003 0.064102 0.085686 0.059805 0.086585 0.048414 0.078091 0.056508 
0.061204 0.044117 0.100974 0.092081 0.065301 0.044716 0.066600 0.063303 0.067899 0.084387 0.051212 0.082988 0.048314 0.071696 0.055209 
0.056108 0.045616 0.101774 0.086385 0.063203 0.048713 0.059306 0.066000 0.065101 0.085086 0.058306 0.080590 0.050412 0.078591 0.054809 
0.057207 0.051212 0.097177 0.080190 0.065901 0.044217 0.068399 0.066300 0.069298 0.086885 0.051711 0.081189 0.048813 0.079390 0.052111 
0.058106 0.048314 0.105471 0.087984 0.067499 0.043218 0.066600 0.062103 0.065101 0.084686 0.056408 0.085286 0.043817 0.074894 0.050512 
0.062203 0.050212 0.090782 0.081589 0.065001 0.040420 0.063502 0.063602 0.067200 0.088284 0.061804 0.080190 0.051411 0.080090 0.053710 
0.066900 0.047714 0.098576 0.084686 0.060804 0.049413 0.065301 0.067599 0.063303 0.085586 0.052511 0.081989 0.048813 0.073195 0.053610 
0.065501 0.045816 0.090482 0.078991 0.066700 0.046815 0.066700 0.064801 0.064202 0.090982 0.048314 0.084587 0.048114 0.084786 0.053210 
0.070997 0.041619 0.095079 0.080090 0.061304 0.044617 0.066000 0.070897 0.059805 0.086885 0.046615 0.085586 0.050112 0.081689 0.058706 
0.066900 0.044617 0.103972 0.084187 0.063902 0.038421 0.060205 0.066900 0.067899 0.083687 0.052511 0.085786 0.054509 0.080190 0.046315 
0.063902 0.045716 0.094979 0.088484 0.063902 0.041719 0.063203 0.061704 0.071796 0.087085 0.047414 0.081189 0.055209 0.082688 0.051012 
0.056707 0.045216 0.095279 0.087584 0.061304 0.049113 0.067000 0.067899 0.066500 0.090082 0.053110 0.083787 0.054809 0.077592 0.044017 
0.065301 0.050112 0.093180 0.083787 0.062603 0.042618 0.062203 0.060605 0.060305 0.087684 0.049013 0.089383 0.053510 0.081489 0.058206 
0.065901 0.053310 0.098976 0.089583 0.062803 0.044017 0.063902 0.062903 0.068099 0.078791 0.049713 0.083387 0.051611 0.075194 0.051811 
0.062803 0.050012 0.098776 0.085786 0.064402 0.046815 0.058406 0.067399 0.060305 0.081489 0.052910 0.084786 0.053710 0.085586 0.046815 
0.066400 0.051212 0.092581 0.088084 0.064502 0.044417 0.065601 0.066600 0.064801 0.081489 0.056508 0.085386 0.047215 0.077392 0.047814 
0.065801 0.043817 0.097277 0.083587 0.066700 0.042418 0.057207 0.065801 0.060305 0.084487 0.054509 0.093780 0.044916 0.083088 0.056308 
0.061104 0.043917 0.103372 0.084986 0.067599 0.050212 0.062003 0.068499 0.064202 0.090882 0.054509 0.082588 0.045416 0.075194 0.045516 
0.058006 0.048913 0.097177 0.086585 0.060105 0.043118 0.064302 0.070797 0.058306 0.090482 0.049313 0.086085 0.048014 0.084387 0.054409 
0.063702 0.049413 0.094279 0.088484 0.064602 0.037222 0.067000 0.066600 0.063203 0.091481 0.049813 0.087384 0.050612 0.074594 0.051611 
0.058906 0.051012 0.094579 0.084187 0.060005 0.053910 0.066000 0.068698 0.058606 0.075493 0.053210 0.087984 0.056108 0.081189 0.050112 
0.063103 0.048414 0.098476 0.086485 0.068199 0.036223 0.066000 0.065601 0.065001 0.076193 0.060804 0.082388 0.048614 0.079490 0.055009 
0.065101 0.048014 0.089583 0.081489 0.058006 0.045216 0.068099 0.067999 0.058306 0.089583 0.060704 0.081289 0.049313 0.077992 0.059306 
0.069298 0.047315 0.099076 0.083188 0.064202 0.039720 0.066400 0.065301 0.066600 0.084986 0.049713 0.078491 0.050212 0.086685 0.048813 
0.062703 0.044017 0.094179 0.084087 0.059505 0.047414 0.066100 0.068698 0.064202 0.083887 0.056008 0.078291 0.047914 0.088683 0.054309 
0.063802 0.043817 0.090582 0.080789 0.059605 0.047115 0.067200 0.059705 0.066400 0.088484 0.059605 0.082688 0.051112 0.080689 0.058406 
0.060505 0.051312 0.102673 0.088384 0.067999 0.041819 0.064002 0.068998 0.060305 0.078391 0.051711 0.083887 0.049213 0.074594 0.056208 
0.067200 0.040819 0.097577 0.076493 0.064602 0.047614 0.066100 0.069698 0.053410 0.081589 0.059106 0.083487 0.056108 0.076892 0.059306 
0.064102 0.044017 0.098976 0.084786 0.063602 0.048514 0.062803 0.063902 0.063402 0.092780 0.057907 0.084087 0.046315 0.075893 0.048913 
0.069698 0.046815 0.105671 0.081389 0.065501 0.045016 0.064602 0.067799 0.065701 0.081789 0.057307 0.078891 0.045216 0.075294 0.049313 
0.054209 0.048813 0.085686 0.095378 0.067200 0.046215 0.067899 0.069698 0.057607 0.093680 0.054309 0.079690 0.050012 0.075194 0.054409 
0.063502 0.046915 0.093280 0.085586 0.065301 0.037622 0.061904 0.062403 0.068898 0.083188 0.050912 0.086085 0.054609 0.085086 0.054709 
0.061904 0.044417 0.090382 0.086785 0.069898 0.043417 0.061604 0.068099 0.063203 0.086985 0.053910 0.086485 0.050412 0.080290 0.052211 
