0.000707 0.002120 0.371025 0.000707 0.000707 0.003534 0.016254 0.000707 0.110954 0.406360 0.000707 0.002120 0.000707 0.082686 0.000707 
0.000379 0.000379 0.471012 0.009473 0.000379 0.000379 0.000379 0.000379 0.077681 0.352027 0.000379 0.000379 0.002653 0.083744 0.000379 
0.000211 0.000211 0.432062 0.097535 0.000211 0.000211 0.014535 0.000632 0.089109 0.263535 0.000211 0.000211 0.000632 0.100063 0.000632 
0.000447 0.000149 0.411344 0.093047 0.024862 0.000149 0.021587 0.000447 0.088879 0.233289 0.001340 0.000149 0.000149 0.123716 0.000447 
0.001431 0.000550 0.335682 0.101178 0.044589 0.004514 0.050314 0.017725 0.130464 0.175823 0.000550 0.000110 0.002532 0.130243 0.004294 
0.000256 0.000256 0.251214 0.096005 0.076071 0.010308 0.066701 0.063123 0.120368 0.166709 0.000085 0.000085 0.009796 0.123605 0.015419 
0.000072 0.008618 0.198783 0.094938 0.106235 0.025273 0.072923 0.064378 0.118980 0.121298 0.012963 0.000217 0.031212 0.112028 0.032081 
0.031487 0.028187 0.166282 0.083240 0.087993 0.042049 0.072282 0.074394 0.103175 0.121394 0.020265 0.004291 0.033468 0.086936 0.044557 
0.030363 0.045084 0.118812 0.096976 0.075017 0.066798 0.065448 0.084463 0.094768 0.090351 0.027664 0.016868 0.049009 0.082868 0.055511 
0.069932 0.073626 0.095055 0.080171 0.068560 0.053676 0.062754 0.052832 0.072360 0.082388 0.045865 0.050298 0.062648 0.071726 0.058109 
0.064602 0.075094 0.076692 0.064102 0.069898 0.052111 0.070397 0.059206 0.072795 0.075793 0.054909 0.065301 0.065001 0.069798 0.064302 
0.055508 0.064701 0.073895 0.066700 0.075194 0.050012 0.059505 0.057107 0.080590 0.079490 0.068698 0.063203 0.066700 0.074894 0.063802 
0.060005 0.069598 0.081389 0.068599 0.069998 0.061604 0.079091 0.065101 0.061604 0.076892 0.053810 0.060305 0.064502 0.070097 0.057407 
0.076593 0.066500 0.063702 0.074894 0.067200 0.057707 0.070297 0.059805 0.074994 0.076093 0.054209 0.058406 0.066000 0.069298 0.064302 
0.058806 0.068798 0.071097 0.066400 0.058206 0.058006 0.062503 0.065901 0.076493 0.085286 0.059006 0.067499 0.073295 0.073695 0.055009 
0.057407 0.063902 0.063502 0.070397 0.064901 0.069698 0.074894 0.062703 0.061504 0.073395 0.062403 0.068099 0.067300 0.066100 0.073795 
0.052311 0.075294 0.092581 0.073395 0.063502 0.068399 0.062003 0.055608 0.066200 0.078191 0.054509 0.059905 0.071696 0.066300 0.060105 
0.062703 0.065001 0.073095 0.073095 0.063502 0.060005 0.060005 0.061404 0.069598 0.087684 0.062103 0.059805 0.069598 0.069798 0.062603 
0.065201 0.071796 0.077792 0.062603 0.065001 0.065801 0.063203 0.070697 0.069498 0.072795 0.057707 0.065801 0.057907 0.070797 0.063402 
0.063402 0.062603 0.089883 0.067799 0.070797 0.048713 0.069598 0.065201 0.082588 0.074394 0.059106 0.071097 0.048913 0.068299 0.057607 
0.068299 0.067200 0.081989 0.071396 0.064202 0.061404 0.056508 0.060505 0.072596 0.079590 0.058706 0.059206 0.055708 0.076393 0.066300 
0.060904 0.072296 0.073295 0.076892 0.068998 0.061104 0.061204 0.062703 0.077992 0.080490 0.059106 0.058106 0.072196 0.060105 0.054609 
0.068798 0.062403 0.090482 0.070997 0.053410 0.059006 0.060205 0.064801 0.053510 0.084187 0.071197 0.064002 0.067699 0.073495 0.055808 
0.061304 0.063303 0.094179 0.070197 0.066400 0.054109 0.075294 0.062403 0.066200 0.068399 0.063702 0.070697 0.058406 0.074094 0.051312 
0.057307 0.072296 0.076393 0.069498 0.067000 0.058206 0.074094 0.056707 0.070797 0.074294 0.059905 0.073095 0.060804 0.077992 0.051611 
0.066200 0.064502 0.073795 0.055109 0.070397 0.065201 0.070297 0.058606 0.069998 0.078791 0.058206 0.066900 0.061404 0.081089 0.059505 
0.065501 0.060305 0.072795 0.071396 0.060904 0.057707 0.058206 0.064701 0.074994 0.078791 0.059605 0.068299 0.062303 0.077892 0.066600 
0.054009 0.076792 0.080190 0.069398 0.059006 0.055508 0.069098 0.067200 0.068798 0.070897 0.059905 0.064002 0.061904 0.070097 0.073195 
0.064202 0.066600 0.079291 0.071297 0.066100 0.064102 0.071097 0.073295 0.065601 0.077092 0.055408 0.049313 0.064202 0.070097 0.062303 
0.064602 0.069298 0.076593 0.065401 0.073495 0.059505 0.065801 0.062903 0.071496 0.069798 0.058406 0.059206 0.070797 0.068099 0.064602 
0.058806 0.060505 0.075793 0.073995 0.063103 0.063402 0.063602 0.066200 0.067399 0.077092 0.065101 0.060904 0.062303 0.076892 0.064901 
0.068798 0.077992 0.083288 0.072296 0.064801 0.054309 0.053610 0.054809 0.072096 0.071197 0.066300 0.060205 0.057707 0.076593 0.066000 
0.052511 0.073895 0.083487 0.081389 0.068998 0.059306 0.058206 0.064801 0.069198 0.072995 0.051811 0.061204 0.072795 0.069398 0.060005 
0.054309 0.069398 0.076293 0.068399 0.067000 0.063702 0.059106 0.067399 0.080689 0.066200 0.062403 0.065301 0.064302 0.076493 0.059006 
0.072096 0.065601 0.069898 0.078091 0.065601 0.062203 0.075593 0.070197 0.074394 0.064302 0.066200 0.059306 0.065601 0.058106 0.052810 
0.066600 0.063103 0.081189 0.066600 0.071996 0.064502 0.059605 0.064102 0.069698 0.074894 0.064202 0.060105 0.065901 0.065601 0.061904 
0.065101 0.071596 0.086285 0.073095 0.063802 0.061204 0.061304 0.063103 0.068599 0.077292 0.056108 0.060405 0.063502 0.063203 0.065401 
0.070497 0.077092 0.083088 0.072096 0.061504 0.061504 0.067699 0.060105 0.067100 0.081289 0.053910 0.064402 0.059106 0.059805 0.060804 
0.073395 0.067100 0.077992 0.078291 0.064102 0.066400 0.062303 0.066800 0.072895 0.070397 0.051511 0.063502 0.066000 0.056608 0.062703 
0.058206 0.071297 0.080989 0.067899 0.062603 0.061204 0.058606 0.060005 0.075793 0.073495 0.061004 0.061904 0.067999 0.069098 0.069898 
0.060505 0.068898 0.074294 0.072895 0.083987 0.059306 0.062403 0.065601 0.056308 0.084487 0.047215 0.071097 0.061104 0.070697 0.061204 
0.068399 0.070697 0.079191 0.078491 0.069798 0.056807 0.057507 0.059505 0.065501 0.066200 0.070397 0.063203 0.056907 0.069098 0.068299 
0.062503 0.076992 0.087884 0.076393 0.061404 0.055808 0.061804 0.058106 0.077892 0.070397 0.053410 0.062603 0.070397 0.064002 0.060405 
0.071097 0.073495 0.073295 0.073295 0.059905 0.062403 0.064801 0.056707 0.061404 0.081589 0.060405 0.060305 0.069798 0.075493 0.056008 
0.056907 0.070297 0.071496 0.071596 0.063702 0.053310 0.057807 0.067599 0.074294 0.084187 0.059306 0.070197 0.072096 0.066800 0.060405 
0.060505 0.073195 0.071796 0.061404 0.069498 0.070497 0.060105 0.063702 0.070697 0.072296 0.063203 0.065601 0.063502 0.073795 0.060205 
0.060704 0.065301 0.081889 0.064002 0.067799 0.058506 0.061904 0.063502 0.068998 0.080689 0.050512 0.071297 0.065401 0.078891 0.060605 
0.056608 0.061404 0.075693 0.073595 0.065001 0.050312 0.063602 0.071896 0.067699 0.087085 0.066600 0.059006 0.068698 0.065201 0.067599 
0.069898 0.066500 0.071796 0.070997 0.067200 0.062503 0.065901 0.067799 0.065101 0.070497 0.060804 0.070597 0.067200 0.064701 0.058506 
0.062403 0.070897 0.078391 0.072396 0.070097 0.059905 0.062003 0.054309 0.067300 0.070197 0.066000 0.067799 0.063203 0.075493 0.059605 
0.067799 0.066600 0.080090 0.070697 0.061604 0.066400 0.070297 0.070297 0.065101 0.076393 0.060105 0.054109 0.061304 0.065201 0.064002 
0.064602 0.060904 0.081889 0.074294 0.063902 0.062903 0.064402 0.063103 0.074694 0.078791 0.058806 0.053910 0.064002 0.070897 0.062903 
0.074294 0.053610 0.081289 0.077692 0.065901 0.056807 0.060305 0.057907 0.067399 0.073195 0.065701 0.071796 0.057807 0.070897 0.065401 
0.061704 0.064901 0.069898 0.070097 0.056707 0.070697 0.059006 0.060305 0.069898 0.083987 0.065101 0.065601 0.074194 0.069198 0.058706 
0.060405 0.076093 0.070497 0.068099 0.059206 0.061704 0.060904 0.065101 0.072396 0.069798 0.071297 0.059905 0.073995 0.070297 0.060305 
0.061804 0.072895 0.076792 0.063003 0.071896 0.057107 0.057007 0.072296 0.057407 0.080889 0.063402 0.070697 0.070697 0.069398 0.054709 
0.066300 0.073795 0.083687 0.072596 0.071696 0.054309 0.061404 0.060804 0.065901 0.073095 0.062303 0.065001 0.060005 0.067300 0.061804 
0.070897 0.073295 0.082688 0.068499 0.067200 0.057607 0.058706 0.062703 0.070597 0.077792 0.058306 0.060904 0.065701 0.071396 0.053710 
0.066900 0.071996 0.082788 0.065101 0.074294 0.054609 0.060804 0.057707 0.066800 0.066900 0.067799 0.070497 0.071496 0.067300 0.055009 
0.068199 0.058706 0.083088 0.066500 0.065601 0.061204 0.071696 0.066800 0.074494 0.079490 0.056408 0.060605 0.058006 0.067300 0.061904 
0.066000 0.061104 0.085886 0.074794 0.064002 0.061804 0.069698 0.062803 0.061704 0.075593 0.071097 0.054309 0.066800 0.068099 0.056308 
0.070297 0.074294 0.078491 0.064402 0.074494 0.051911 0.059905 0.055408 0.078691 0.081589 0.054309 0.066500 0.057607 0.068998 0.063103 
0.058606 0.072695 0.083887 0.061604 0.065901 0.052011 0.072196 0.068599 0.066000 0.071896 0.063103 0.062703 0.072795 0.069898 0.058106 
0.065101 0.073095 0.078291 0.080590 0.067799 0.049813 0.070897 0.056508 0.064102 0.076892 0.051212 0.060904 0.060904 0.077092 0.066800 
0.056208 0.070997 0.077892 0.071996 0.057007 0.053210 0.067799 0.062403 0.069198 0.081989 0.069198 0.064402 0.063203 0.066700 0.067799 
0.059206 0.065001 0.084187 0.068499 0.075593 0.053710 0.069498 0.056608 0.071596 0.085186 0.053710 0.061004 0.065701 0.072396 0.058106 
0.064202 0.069098 0.074094 0.076992 0.062703 0.053610 0.064602 0.055908 0.068599 0.074994 0.066500 0.071097 0.063602 0.068399 0.065601 
0.060205 0.071197 0.080490 0.064002 0.067499 0.055908 0.073095 0.061504 0.070597 0.076792 0.059006 0.059006 0.070697 0.067000 0.063003 
0.064901 0.072496 0.074194 0.061404 0.068299 0.064202 0.064502 0.064701 0.068599 0.074894 0.072496 0.058606 0.056508 0.074294 0.059905 
0.067999 0.066100 0.080689 0.070597 0.069498 0.052810 0.063303 0.062203 0.068698 0.077092 0.055309 0.065401 0.063303 0.074594 0.062403 
0.069598 0.064202 0.087085 0.068599 0.066800 0.056108 0.058706 0.058406 0.064701 0.086685 0.059006 0.076992 0.057507 0.060505 0.065101 
0.067699 0.066200 0.079790 0.066100 0.063003 0.058906 0.060005 0.056608 0.060904 0.077992 0.062003 0.059505 0.071896 0.082688 0.066700 
0.065601 0.064202 0.077392 0.064502 0.075493 0.053110 0.058506 0.056807 0.061904 0.082288 0.058006 0.080490 0.063702 0.081989 0.056008 
0.060205 0.071996 0.084087 0.070997 0.073295 0.053010 0.067999 0.064901 0.063103 0.066200 0.062703 0.057107 0.064502 0.070897 0.068998 
0.065201 0.059206 0.079390 0.070697 0.067599 0.060205 0.065401 0.056108 0.062603 0.075893 0.060505 0.065401 0.067399 0.076792 0.067599 
0.058806 0.070197 0.088384 0.071496 0.060704 0.059006 0.061604 0.073595 0.069498 0.074894 0.060105 0.060005 0.069298 0.068399 0.054009 
0.059206 0.069898 0.076193 0.072396 0.056508 0.061004 0.063003 0.058906 0.076293 0.082488 0.061804 0.063203 0.064901 0.072895 0.061304 
0.071496 0.074094 0.076393 0.064701 0.064502 0.068798 0.059505 0.064202 0.062703 0.071996 0.064002 0.059006 0.069998 0.062703 0.065901 
0.063602 0.071996 0.081089 0.087684 0.062303 0.062603 0.068099 0.060405 0.069898 0.072196 0.061604 0.052710 0.058206 0.068798 0.058806 
0.067200 0.076393 0.077392 0.062103 0.062103 0.051611 0.070897 0.052311 0.069198 0.075593 0.056608 0.053410 0.073295 0.080590 0.071297 
0.064402 0.069698 0.085386 0.072596 0.069398 0.054709 0.067899 0.060804 0.071496 0.072795 0.063502 0.069398 0.059605 0.067499 0.050812 
0.057707 0.068798 0.077292 0.071896 0.066400 0.052810 0.062703 0.063003 0.068998 0.080789 0.066600 0.063303 0.070697 0.072695 0.056308 
0.057807 0.064901 0.081989 0.065701 0.057807 0.063303 0.054009 0.071496 0.074494 0.077092 0.065801 0.064302 0.066100 0.071896 0.063303 
0.066700 0.067599 0.067399 0.068399 0.070097 0.064901 0.060505 0.070797 0.067000 0.079790 0.064002 0.055608 0.057007 0.077192 0.063003 
0.059505 0.066500 0.080789 0.076692 0.070797 0.057507 0.050612 0.062803 0.068698 0.079191 0.062403 0.063303 0.073995 0.066700 0.060505 
0.071396 0.068798 0.090482 0.074394 0.065201 0.058206 0.073795 0.060804 0.061404 0.075593 0.048414 0.067899 0.061004 0.059905 0.062703 
0.067100 0.064901 0.079990 0.080989 0.063303 0.066000 0.062503 0.057307 0.064202 0.079890 0.059905 0.071596 0.066300 0.064302 0.051711 
0.064102 0.070797 0.086085 0.068698 0.053610 0.058806 0.059805 0.073195 0.076892 0.063502 0.072096 0.055508 0.073495 0.066500 0.056907 
0.063802 0.063303 0.072296 0.078591 0.063802 0.058906 0.061204 0.062103 0.073895 0.081889 0.058106 0.071396 0.059805 0.069398 0.061504 
0.066100 0.068499 0.070897 0.069098 0.077592 0.059605 0.058406 0.063802 0.063902 0.080590 0.060904 0.061004 0.070997 0.063802 0.064801 
0.063402 0.069198 0.083288 0.064801 0.073695 0.062603 0.054909 0.067399 0.063802 0.080390 0.053410 0.064302 0.068499 0.067599 0.062703 
0.054709 0.067599 0.073695 0.065601 0.075094 0.059505 0.063902 0.064302 0.070697 0.080490 0.050812 0.068099 0.058806 0.081589 0.065101 
0.052011 0.063902 0.077292 0.064002 0.076193 0.061104 0.061204 0.061904 0.073895 0.083687 0.057707 0.066500 0.067799 0.075194 0.057607 
0.068998 0.064202 0.082888 0.067899 0.061204 0.060605 0.067499 0.053110 0.065801 0.085786 0.060305 0.067399 0.071197 0.056508 0.066600 
0.060105 0.072396 0.071896 0.062603 0.070197 0.057707 0.063502 0.065101 0.067200 0.077692 0.058006 0.066000 0.069998 0.079091 0.058506 
0.062203 0.072296 0.084087 0.078791 0.067899 0.063203 0.059805 0.058606 0.062103 0.080390 0.052511 0.057807 0.069198 0.068299 0.062803 
0.060305 0.069098 0.079390 0.058206 0.064701 0.067399 0.053110 0.063802 0.069498 0.071996 0.061604 0.066000 0.081289 0.065701 0.067899 
0.070597 0.064402 0.075993 0.069998 0.065401 0.064502 0.054909 0.055309 0.071796 0.072396 0.056108 0.071496 0.071496 0.070097 0.065501 
0.055309 0.062903 0.083987 0.068299 0.061004 0.057507 0.060904 0.060105 0.068499 0.081889 0.067399 0.066300 0.065401 0.071896 0.068599 
0.063402 0.066400 0.086085 0.089183 0.056707 0.063502 0.053910 0.056008 0.066900 0.071796 0.067200 0.054009 0.066900 0.070297 0.067699 
0.071996 0.072895 0.082188 0.069198 0.078091 0.061204 0.060804 0.065901 0.069898 0.062603 0.054809 0.074394 0.050312 0.069698 0.056008 
0.056208 0.068698 0.072396 0.069798 0.057207 0.068299 0.067399 0.063802 0.071496 0.080789 0.050512 0.061204 0.076093 0.068798 0.067300 
0.061904 0.065501 0.085286 0.072096 0.067000 0.069398 0.061704 0.065801 0.070797 0.076892 0.055808 0.067000 0.058206 0.067000 0.055608 
0.058306 0.064801 0.085486 0.067200 0.076992 0.059206 0.056707 0.062203 0.074494 0.073195 0.056008 0.054309 0.074694 0.067300 0.069098 
0.065901 0.068898 0.071696 0.077092 0.064502 0.057207 0.063902 0.067200 0.072795 0.074694 0.059605 0.057807 0.068499 0.071097 0.059106 
0.058006 0.068798 0.075893 0.074594 0.060305 0.054309 0.057107 0.068199 0.074094 0.080490 0.066000 0.070197 0.062203 0.067000 0.062803 
0.060704 0.071396 0.083787 0.070097 0.072895 0.065701 0.056308 0.065601 0.067200 0.074394 0.058506 0.063602 0.067899 0.067599 0.054309 
0.071996 0.059306 0.073295 0.071396 0.077192 0.060405 0.067699 0.059605 0.079390 0.075693 0.055808 0.067599 0.054509 0.068998 0.057107 
0.067899 0.078591 0.085986 0.060605 0.059206 0.056108 0.062703 0.066400 0.064402 0.074694 0.062403 0.063802 0.067100 0.066000 0.064102 
0.073295 0.064602 0.073695 0.069898 0.066600 0.055209 0.072596 0.062003 0.067699 0.079091 0.062803 0.060904 0.060804 0.076393 0.054409 
0.067699 0.066900 0.078991 0.069398 0.066400 0.058006 0.069698 0.063802 0.070397 0.069898 0.063203 0.060205 0.067300 0.068599 0.059505 
0.056508 0.065301 0.078691 0.075094 0.070297 0.064901 0.057907 0.059405 0.063702 0.080590 0.052511 0.065001 0.068898 0.071396 0.069798 
0.072096 0.064102 0.078091 0.072396 0.069598 0.062703 0.076992 0.058606 0.066900 0.075393 0.062703 0.065101 0.059206 0.066300 0.049813 
0.055708 0.072396 0.078891 0.069398 0.066500 0.063802 0.063203 0.061504 0.075693 0.070397 0.064002 0.066700 0.070497 0.067899 0.053410 
0.068399 0.065501 0.079291 0.072596 0.059006 0.061904 0.068898 0.056707 0.071197 0.073995 0.055808 0.069598 0.071297 0.067200 0.058606 
0.058106 0.065101 0.082288 0.070897 0.064901 0.060605 0.062703 0.072895 0.063702 0.077492 0.060205 0.067200 0.068798 0.068499 0.056608 
0.070297 0.079291 0.085786 0.070397 0.067399 0.053510 0.069498 0.055808 0.063602 0.067899 0.054909 0.066500 0.071596 0.063802 0.059705 
0.059106 0.061404 0.080190 0.067200 0.053610 0.062603 0.060804 0.072096 0.071197 0.077492 0.063502 0.066700 0.070897 0.070097 0.063103 
0.066800 0.064801 0.075493 0.071197 0.062003 0.061404 0.059905 0.063602 0.069198 0.081289 0.058606 0.068399 0.063103 0.071996 0.062203 
0.056707 0.083487 0.075893 0.077892 0.069398 0.061604 0.057207 0.060505 0.063502 0.080190 0.058006 0.062703 0.059405 0.072096 0.061404 
0.068499 0.072596 0.079990 0.064202 0.068698 0.075094 0.063003 0.060005 0.071796 0.062303 0.056608 0.051811 0.067799 0.073595 0.064002 
0.066900 0.068698 0.085586 0.060405 0.072196 0.063402 0.075593 0.056807 0.061104 0.083387 0.053910 0.072895 0.059006 0.070397 0.049713 
0.064402 0.072096 0.077592 0.074894 0.062103 0.056707 0.066500 0.062703 0.075294 0.076093 0.062203 0.056508 0.062203 0.070197 0.060505 
0.063902 0.068099 0.085986 0.070997 0.061904 0.059905 0.063303 0.062303 0.066600 0.078591 0.049213 0.062503 0.066200 0.081189 0.059306 
0.060405 0.064002 0.079690 0.072096 0.055508 0.063203 0.067599 0.061004 0.074094 0.082188 0.074694 0.058106 0.057507 0.067000 0.062903 
0.057707 0.078991 0.078291 0.068898 0.062303 0.056907 0.069098 0.068898 0.055209 0.078091 0.066800 0.060505 0.067300 0.069498 0.061504 
0.062303 0.076593 0.072695 0.074794 0.048514 0.060405 0.057507 0.073895 0.075294 0.081589 0.060904 0.066200 0.062803 0.064801 0.061704 
0.067399 0.061904 0.079790 0.060505 0.071796 0.052810 0.061004 0.070697 0.081789 0.071896 0.065301 0.065201 0.065501 0.062903 0.061504 
0.058506 0.062603 0.079690 0.067899 0.065901 0.058206 0.071396 0.062003 0.077192 0.086885 0.048314 0.068099 0.063702 0.062703 0.066900 
0.068099 0.063702 0.088883 0.061604 0.071496 0.060704 0.051911 0.073995 0.073795 0.076093 0.061604 0.059505 0.063103 0.060105 0.065401 
0.058606 0.067300 0.081989 0.080490 0.062103 0.054009 0.063303 0.060904 0.073395 0.076093 0.063702 0.063303 0.063003 0.076792 0.055009 
0.056008 0.073895 0.085286 0.075693 0.060405 0.059705 0.062703 0.056608 0.069898 0.076892 0.052211 0.075393 0.070097 0.067799 0.057407 
0.060005 0.065201 0.071896 0.076293 0.057207 0.054609 0.060405 0.061804 0.076193 0.076193 0.075294 0.065601 0.067999 0.076493 0.054809 
0.069998 0.084187 0.098176 0.054309 0.067000 0.047514 0.068199 0.057207 0.054009 0.063502 0.065601 0.060704 0.070097 0.074494 0.065001 
0.066500 0.068998 0.074994 0.072096 0.078391 0.054309 0.067799 0.059705 0.068898 0.071896 0.059206 0.058806 0.065401 0.069298 0.063702 
0.062603 0.065601 0.082388 0.064102 0.062803 0.062603 0.060005 0.061104 0.078291 0.082288 0.063303 0.056707 0.064701 0.071496 0.062003 
0.057607 0.064801 0.079890 0.080789 0.066400 0.064502 0.060205 0.069698 0.064102 0.072795 0.054209 0.070797 0.065301 0.072895 0.056008 
0.061504 0.066900 0.082588 0.066700 0.065101 0.052311 0.068299 0.064901 0.067599 0.066200 0.065401 0.068998 0.068898 0.070097 0.064502 
0.065601 0.072196 0.079390 0.073895 0.064602 0.053110 0.068199 0.059306 0.070397 0.073095 0.063902 0.065601 0.063802 0.063802 0.063103 
0.058506 0.069598 0.072296 0.077392 0.061704 0.060505 0.065801 0.058806 0.070797 0.075793 0.065601 0.068698 0.069398 0.065701 0.059405 
0.056907 0.071796 0.075194 0.070197 0.065001 0.053010 0.070397 0.067799 0.073795 0.082388 0.066400 0.063103 0.062703 0.068898 0.052411 
0.063103 0.076393 0.071297 0.066600 0.067000 0.063902 0.062703 0.056508 0.065201 0.077392 0.064801 0.060704 0.066200 0.070197 0.067999 
0.075194 0.068199 0.076493 0.061104 0.073895 0.055608 0.059206 0.057907 0.067899 0.075493 0.059505 0.063602 0.067200 0.076892 0.061804 
0.064901 0.069198 0.076193 0.061404 0.073095 0.057507 0.068099 0.060105 0.075094 0.076393 0.062803 0.057107 0.064302 0.067799 0.066000 
0.066700 0.067200 0.082888 0.061904 0.074494 0.052111 0.061604 0.051811 0.080490 0.077092 0.067899 0.060005 0.076892 0.063802 0.055109 
0.069998 0.069098 0.087085 0.069498 0.056608 0.050212 0.055508 0.066300 0.073295 0.077692 0.055109 0.070297 0.068299 0.073195 0.057807 
0.063702 0.069798 0.080590 0.065201 0.068099 0.055209 0.062903 0.060704 0.062303 0.079490 0.060605 0.064002 0.069798 0.081089 0.056508 
0.069998 0.076692 0.079091 0.077692 0.054509 0.067000 0.067000 0.060804 0.067899 0.077992 0.062703 0.052810 0.068099 0.062203 0.055508 
0.060804 0.065701 0.083288 0.072795 0.059605 0.060804 0.056707 0.069798 0.069798 0.069398 0.065301 0.059805 0.063203 0.069798 0.073195 
0.061704 0.067000 0.084087 0.068998 0.069398 0.056008 0.062803 0.059306 0.074194 0.072396 0.063103 0.057607 0.067599 0.076593 0.059206 
0.057707 0.067300 0.083587 0.072995 0.068798 0.057207 0.063402 0.059705 0.076093 0.077692 0.057507 0.057907 0.070897 0.067499 0.061704 
0.060205 0.072695 0.089983 0.069998 0.057007 0.058706 0.064502 0.065601 0.074094 0.075294 0.056408 0.054609 0.068499 0.066700 0.065701 
0.069298 0.077292 0.074194 0.075693 0.066800 0.060904 0.056308 0.048114 0.070597 0.072296 0.070197 0.062403 0.066600 0.078691 0.050612 
0.066500 0.073495 0.081489 0.064202 0.066400 0.050512 0.052611 0.069398 0.080290 0.081589 0.061304 0.063802 0.062603 0.066000 0.059805 
0.062403 0.069198 0.086285 0.071496 0.069598 0.057807 0.058306 0.050712 0.073895 0.070697 0.065101 0.068998 0.070697 0.063902 0.060904 
0.071097 0.062203 0.079490 0.075094 0.057507 0.060105 0.062403 0.061204 0.067999 0.081489 0.057207 0.062903 0.061004 0.074094 0.066200 
0.055508 0.059705 0.080490 0.071496 0.059805 0.059805 0.072096 0.051511 0.071796 0.080290 0.071696 0.066600 0.062303 0.076892 0.060005 
0.058106 0.074794 0.077592 0.070397 0.059505 0.063103 0.061204 0.059106 0.071396 0.079590 0.069098 0.062503 0.065901 0.064901 0.062803 
0.062603 0.070597 0.076892 0.074594 0.068299 0.057107 0.061004 0.064602 0.073595 0.073295 0.054709 0.069798 0.066800 0.064202 0.061904 
0.063203 0.065201 0.079390 0.069998 0.062503 0.060205 0.065001 0.065201 0.062303 0.070297 0.058106 0.073295 0.068798 0.077292 0.059206 
0.067699 0.071896 0.078391 0.079790 0.062003 0.048913 0.065401 0.063402 0.070197 0.075593 0.051012 0.067999 0.066600 0.069598 0.061504 
0.059605 0.068399 0.087384 0.073895 0.068199 0.062903 0.064202 0.058506 0.067599 0.080090 0.065701 0.059405 0.057707 0.068798 0.057607 
0.067399 0.078991 0.082188 0.065901 0.060804 0.059405 0.074594 0.059805 0.064602 0.071297 0.063802 0.059505 0.065201 0.065501 0.061004 
0.051212 0.066900 0.081089 0.077192 0.068798 0.054909 0.061004 0.052611 0.072396 0.075294 0.062003 0.068299 0.065601 0.073095 0.069598 
0.065601 0.063602 0.079390 0.073995 0.072396 0.054309 0.056707 0.067599 0.071996 0.081389 0.053510 0.065601 0.068998 0.065501 0.059405 
0.062003 0.070697 0.084487 0.067100 0.064901 0.060305 0.070997 0.067499 0.067999 0.068399 0.062403 0.067100 0.064002 0.070097 0.052011 
0.057907 0.073295 0.072496 0.069198 0.061504 0.068199 0.057707 0.061004 0.077992 0.081389 0.059206 0.071896 0.064701 0.077092 0.046415 
0.064302 0.067399 0.089183 0.078791 0.059705 0.048314 0.066800 0.057107 0.059405 0.084387 0.067899 0.061004 0.060105 0.065201 0.070397 
0.052311 0.066000 0.080590 0.076093 0.069098 0.057407 0.075593 0.060405 0.077292 0.064102 0.063902 0.073595 0.060305 0.071496 0.051811 
0.062903 0.068299 0.073495 0.060405 0.072196 0.061404 0.065601 0.064402 0.066400 0.082288 0.068898 0.066300 0.065001 0.064402 0.058006 
0.064801 0.069798 0.076593 0.072296 0.068099 0.061104 0.065501 0.056108 0.072296 0.072096 0.059006 0.062403 0.068798 0.064002 0.067100 
0.075993 0.068798 0.065401 0.069098 0.071097 0.060405 0.064502 0.063702 0.070997 0.081589 0.057507 0.057107 0.056408 0.072695 0.064701 
0.059405 0.073195 0.071696 0.074794 0.068599 0.056308 0.063702 0.056907 0.060505 0.077292 0.064901 0.062703 0.069398 0.068998 0.071596 
0.065101 0.070697 0.074794 0.065701 0.063502 0.057607 0.064002 0.061704 0.078791 0.082488 0.054709 0.067200 0.061904 0.063402 0.068399 
0.070997 0.066600 0.081889 0.073195 0.068798 0.060605 0.057007 0.064402 0.067899 0.074294 0.066500 0.061304 0.060804 0.064901 0.060804 
0.062103 0.068099 0.078991 0.058406 0.068898 0.054409 0.066800 0.063303 0.069398 0.089683 0.056308 0.062803 0.063902 0.070197 0.066700 
0.068299 0.064502 0.081089 0.066900 0.067000 0.066700 0.058506 0.060605 0.071896 0.082588 0.056308 0.059306 0.066600 0.070397 0.059306 
0.062403 0.073395 0.071896 0.074994 0.073695 0.065601 0.055009 0.059805 0.066000 0.067699 0.066600 0.061404 0.071796 0.069198 0.060505 
0.062403 0.066300 0.084487 0.074794 0.070397 0.050712 0.057907 0.069098 0.063602 0.072795 0.049413 0.065101 0.064102 0.081689 0.067200 
0.066000 0.067599 0.071996 0.069398 0.066100 0.056508 0.065501 0.063402 0.067699 0.079590 0.056907 0.062303 0.074294 0.070197 0.062503 
0.062303 0.068099 0.070997 0.071896 0.069298 0.048514 0.066000 0.063402 0.071097 0.069498 0.070397 0.063303 0.071297 0.067599 0.066300 
0.065701 0.062003 0.076393 0.069198 0.077692 0.048813 0.059905 0.062703 0.071396 0.085086 0.059306 0.058906 0.075893 0.070197 0.056807 
0.065101 0.065701 0.086785 0.070197 0.067100 0.064102 0.068199 0.067499 0.066800 0.071496 0.048214 0.067100 0.064302 0.064602 0.062803 
0.064602 0.073795 0.067599 0.077592 0.064801 0.059705 0.068299 0.063103 0.074594 0.071097 0.059306 0.060005 0.066600 0.077292 0.051611 
0.070897 0.066300 0.075493 0.072596 0.060605 0.057107 0.069398 0.056907 0.076692 0.074294 0.066300 0.055508 0.072196 0.069898 0.055808 
0.068099 0.062803 0.068998 0.070097 0.070197 0.060704 0.069398 0.049613 0.075693 0.082188 0.054909 0.069198 0.068898 0.066700 0.062503 
0.060105 0.069198 0.084786 0.070297 0.064102 0.061204 0.063203 0.062303 0.057907 0.078691 0.068199 0.065801 0.065701 0.065901 0.062603 
0.051012 0.059905 0.083387 0.076593 0.070497 0.056907 0.069898 0.059006 0.058406 0.080190 0.070297 0.065501 0.063602 0.068499 0.066300 
0.052311 0.071097 0.089183 0.067200 0.060005 0.053410 0.067200 0.072396 0.060904 0.088584 0.054709 0.058006 0.065901 0.076293 0.062803 
0.072596 0.070897 0.072695 0.073795 0.065701 0.059306 0.067599 0.066800 0.068898 0.071197 0.060505 0.058606 0.062303 0.065101 0.064002 
0.051611 0.076393 0.074994 0.081589 0.068798 0.056608 0.071696 0.065201 0.065601 0.078391 0.057407 0.060305 0.062103 0.065901 0.063402 
0.066300 0.068998 0.076792 0.070597 0.068299 0.063203 0.054809 0.060704 0.076293 0.067699 0.061504 0.060904 0.075593 0.064302 0.064002 
0.052511 0.066600 0.078791 0.076093 0.064002 0.056108 0.059306 0.061404 0.071496 0.082788 0.057207 0.068499 0.069398 0.078091 0.057707 
0.056108 0.077592 0.087085 0.068499 0.068499 0.052411 0.066800 0.064701 0.060505 0.076692 0.061604 0.060704 0.069298 0.068399 0.061104 
0.066700 0.067300 0.069398 0.067000 0.069198 0.051212 0.076493 0.069598 0.076892 0.075393 0.059905 0.056308 0.068798 0.061704 0.064102 
0.057007 0.065001 0.079291 0.070897 0.081589 0.068499 0.065601 0.061604 0.071496 0.073395 0.055708 0.053510 0.064302 0.068998 0.063103 
0.060804 0.082188 0.074194 0.065901 0.067399 0.044617 0.069498 0.066200 0.069098 0.077492 0.060605 0.061404 0.062403 0.075693 0.062503 
0.068599 0.068199 0.080190 0.067699 0.069398 0.055209 0.056308 0.074094 0.071996 0.081689 0.056807 0.063602 0.067799 0.066000 0.052411 
0.067399 0.066600 0.070997 0.065601 0.064801 0.061204 0.071396 0.062903 0.074794 0.075194 0.059705 0.064801 0.068898 0.065901 0.059805 
0.061704 0.063702 0.083587 0.073095 0.066900 0.065901 0.055708 0.068998 0.066000 0.069498 0.060005 0.058606 0.064202 0.077492 0.064602 
0.050012 0.066300 0.081789 0.066900 0.052011 0.062803 0.063402 0.064602 0.080290 0.080590 0.068099 0.067599 0.065801 0.061604 0.068199 
0.058006 0.069598 0.084786 0.082588 0.065601 0.060605 0.054309 0.066100 0.071097 0.078691 0.059405 0.054909 0.067699 0.069498 0.057107 
0.059106 0.078991 0.075693 0.081389 0.064602 0.056408 0.063303 0.058906 0.063502 0.064801 0.078291 0.059505 0.070697 0.061704 0.063103 
0.076892 0.073495 0.079291 0.066300 0.057107 0.055608 0.069298 0.064801 0.066700 0.073395 0.057307 0.064801 0.065001 0.070597 0.059405 
0.061304 0.071496 0.077692 0.074294 0.061404 0.060105 0.055608 0.064002 0.076093 0.078191 0.056907 0.063303 0.061004 0.074594 0.064002 
0.061904 0.062903 0.080590 0.063902 0.070797 0.062803 0.069798 0.067399 0.070597 0.076093 0.055109 0.067999 0.062403 0.068798 0.058906 
0.067699 0.064901 0.088883 0.075893 0.070597 0.058206 0.058106 0.061804 0.065801 0.070597 0.061304 0.066400 0.065201 0.061204 0.063402 
0.069798 0.083387 0.066100 0.078391 0.078091 0.059006 0.061504 0.056408 0.057707 0.080989 0.055908 0.055608 0.057907 0.070697 0.068499 
0.072296 0.060105 0.077692 0.066300 0.061004 0.061504 0.069398 0.074494 0.059306 0.068998 0.062503 0.065701 0.061804 0.077292 0.061604 
0.071496 0.071396 0.078491 0.077892 0.070597 0.067300 0.064901 0.061104 0.072096 0.071396 0.055708 0.060904 0.061204 0.064102 0.051411 
0.057807 0.078491 0.072196 0.072995 0.063502 0.053410 0.066300 0.060804 0.067200 0.080490 0.058906 0.065301 0.072895 0.066900 0.062803 
0.063003 0.062903 0.085186 0.066800 0.068299 0.051411 0.058306 0.067200 0.075194 0.079790 0.054609 0.060704 0.078691 0.069598 0.058306 
0.060105 0.070997 0.079790 0.065301 0.066800 0.056508 0.064801 0.072895 0.066700 0.084587 0.064002 0.062703 0.070797 0.058106 0.055908 
0.057807 0.074594 0.077392 0.066700 0.069998 0.058206 0.064502 0.066900 0.073695 0.078591 0.052910 0.059306 0.071197 0.069498 0.058706 
0.061504 0.066100 0.076193 0.072995 0.075294 0.059106 0.067399 0.051911 0.066600 0.073395 0.070997 0.065301 0.063103 0.065401 0.064701 
0.059306 0.062203 0.075893 0.077092 0.064701 0.063003 0.062503 0.052411 0.077192 0.085686 0.062903 0.062403 0.066600 0.066500 0.061604 
0.066100 0.072296 0.079191 0.065601 0.067200 0.053610 0.053310 0.066200 0.061904 0.077592 0.065001 0.072196 0.064602 0.068898 0.066300 
0.056508 0.069498 0.082088 0.067599 0.070197 0.050712 0.061604 0.068898 0.067899 0.073295 0.058206 0.067499 0.062503 0.071496 0.071996 
0.061404 0.067899 0.076593 0.065901 0.074794 0.058306 0.060405 0.053310 0.067000 0.084587 0.063602 0.066400 0.065101 0.071396 0.063303 
0.070997 0.078391 0.090882 0.070297 0.065101 0.060904 0.072795 0.051212 0.061704 0.078991 0.052011 0.059805 0.064502 0.063402 0.059006 
0.061804 0.064202 0.083887 0.076293 0.075294 0.060205 0.060005 0.062803 0.064002 0.077392 0.059705 0.059805 0.064502 0.067000 0.063103 
0.062103 0.071596 0.074494 0.071696 0.076992 0.053910 0.068998 0.061104 0.066800 0.075593 0.060804 0.060804 0.063602 0.065801 0.065701 
0.059306 0.067100 0.085886 0.068099 0.066500 0.058706 0.074994 0.061604 0.066900 0.083288 0.061404 0.067000 0.053610 0.066200 0.059405 
0.065501 0.066400 0.075593 0.060405 0.067799 0.060105 0.078091 0.062203 0.064502 0.083587 0.053210 0.062403 0.070097 0.068898 0.061204 
0.070797 0.070997 0.075893 0.077292 0.057207 0.059006 0.078391 0.058506 0.067599 0.075593 0.057607 0.061604 0.062403 0.071496 0.055608 
0.060505 0.072396 0.076193 0.072496 0.062903 0.056907 0.065801 0.062503 0.070797 0.082488 0.059306 0.060505 0.066800 0.070297 0.060105 
0.064901 0.065801 0.079990 0.077792 0.069498 0.068898 0.057007 0.061104 0.069698 0.080190 0.055508 0.059905 0.060205 0.073295 0.056208 
0.055009 0.067799 0.075993 0.069898 0.071896 0.063802 0.057407 0.066700 0.063602 0.085086 0.063702 0.064302 0.063602 0.063802 0.067399 
0.062303 0.064502 0.082388 0.072396 0.057107 0.061304 0.064602 0.058206 0.076992 0.079490 0.055908 0.064801 0.058006 0.080290 0.061704 
0.061904 0.068599 0.080290 0.085686 0.070097 0.055508 0.069298 0.059605 0.072096 0.074494 0.059206 0.067399 0.056508 0.065301 0.054009 
0.066400 0.069298 0.075793 0.076093 0.064102 0.061104 0.070397 0.062603 0.072895 0.070397 0.060005 0.067000 0.055908 0.064402 0.063602 
0.058206 0.061104 0.080789 0.066200 0.066900 0.060505 0.072695 0.060704 0.065301 0.081989 0.050112 0.068698 0.074694 0.065801 0.066300 
0.054709 0.077992 0.083787 0.072196 0.072795 0.059805 0.060904 0.064602 0.070497 0.072196 0.063602 0.063702 0.060105 0.069198 0.053910 
0.071297 0.071396 0.093180 0.059905 0.064801 0.054509 0.075593 0.059206 0.067899 0.082188 0.052311 0.061504 0.061804 0.066200 0.058206 
0.070397 0.077792 0.076493 0.070097 0.053710 0.064801 0.060505 0.064302 0.071696 0.068898 0.060505 0.062803 0.059306 0.075194 0.063502 
0.069898 0.067100 0.079690 0.068698 0.064502 0.062803 0.059206 0.066200 0.073495 0.080190 0.062203 0.058306 0.054209 0.069798 0.063702 
0.062403 0.074394 0.072396 0.067100 0.056807 0.063702 0.066300 0.072396 0.072695 0.080989 0.058406 0.058606 0.068299 0.076692 0.048813 
0.059805 0.063902 0.076692 0.071197 0.063802 0.065501 0.060904 0.067899 0.069698 0.078791 0.062203 0.065801 0.063303 0.071696 0.058806 
0.058406 0.067000 0.077492 0.063003 0.067799 0.058606 0.061404 0.058506 0.069098 0.084287 0.068199 0.065801 0.070697 0.073795 0.055908 
0.067799 0.066000 0.086285 0.077892 0.064002 0.071396 0.061504 0.065201 0.073095 0.066200 0.060305 0.051212 0.067499 0.063103 0.058506 
0.071796 0.059905 0.094879 0.069198 0.066300 0.055309 0.063502 0.056608 0.068599 0.067399 0.068698 0.063203 0.060605 0.074994 0.059006 
0.065401 0.065301 0.082688 0.068399 0.063402 0.067200 0.062003 0.059405 0.071496 0.069298 0.061104 0.058506 0.074694 0.072496 0.058606 
0.057307 0.061904 0.089783 0.071097 0.065401 0.065501 0.058906 0.066500 0.082688 0.074794 0.053310 0.057307 0.067799 0.068599 0.059106 
0.072496 0.072795 0.072296 0.066800 0.064502 0.058506 0.053310 0.057007 0.062403 0.072695 0.060505 0.064202 0.072895 0.080190 0.069398 
0.061404 0.079690 0.081289 0.073095 0.071297 0.066600 0.054509 0.058506 0.061704 0.076193 0.052011 0.063003 0.062703 0.074094 0.063902 
0.066800 0.071596 0.077492 0.077092 0.060305 0.056807 0.063702 0.066500 0.074094 0.068698 0.059505 0.061804 0.059905 0.070897 0.064801 
0.066200 0.072196 0.076792 0.075094 0.068499 0.063502 0.061804 0.070597 0.064602 0.073295 0.051312 0.069198 0.059905 0.063602 0.063402 
0.070497 0.062403 0.084487 0.067699 0.063103 0.053310 0.062303 0.059306 0.076093 0.086585 0.063103 0.067100 0.070597 0.062403 0.051012 
0.061604 0.067999 0.064801 0.070597 0.066300 0.063602 0.069998 0.058106 0.075893 0.077892 0.058206 0.065301 0.064202 0.080390 0.055109 
0.068499 0.069798 0.079590 0.067699 0.075493 0.058306 0.059605 0.058406 0.073595 0.072995 0.060605 0.060605 0.065201 0.067100 0.062503 
0.067799 0.082088 0.082188 0.064202 0.059206 0.069998 0.062003 0.057407 0.065401 0.075793 0.067599 0.061004 0.062103 0.066400 0.056807 
0.060904 0.072196 0.073895 0.071097 0.070997 0.071097 0.066400 0.067699 0.067300 0.073795 0.059605 0.066200 0.049113 0.071396 0.058306 
0.066400 0.063502 0.084487 0.066900 0.069598 0.063402 0.062303 0.059106 0.066300 0.073095 0.063103 0.065001 0.061004 0.067300 0.068499 
0.069698 0.062803 0.077492 0.068299 0.072895 0.059705 0.064302 0.066600 0.061904 0.077892 0.054309 0.067100 0.065501 0.077492 0.054009 
0.067999 0.069698 0.079091 0.079990 0.068798 0.060704 0.058606 0.065401 0.060305 0.074194 0.060704 0.057907 0.072596 0.067000 0.057007 
0.063802 0.072496 0.083687 0.074694 0.068099 0.058106 0.066400 0.069498 0.067200 0.071496 0.056707 0.055209 0.069698 0.063502 0.059405 
0.068199 0.075893 0.075294 0.076593 0.061204 0.057607 0.060804 0.056608 0.078791 0.078491 0.061204 0.059805 0.070297 0.062303 0.056907 
0.070897 0.059805 0.081689 0.067699 0.070097 0.057007 0.060505 0.065101 0.063502 0.075294 0.056108 0.065501 0.078991 0.071696 0.056108 
0.053110 0.080689 0.082288 0.073195 0.064901 0.059805 0.063602 0.061004 0.070397 0.077892 0.045716 0.062003 0.071197 0.071896 0.062303 
0.059006 0.062603 0.073095 0.068599 0.073395 0.057407 0.057107 0.056707 0.074594 0.076193 0.062003 0.080390 0.061304 0.073495 0.064102 
0.054109 0.071596 0.074594 0.068998 0.066900 0.064602 0.058006 0.059306 0.069498 0.074594 0.068299 0.067699 0.072596 0.068299 0.060904 
0.052810 0.073695 0.082788 0.070197 0.070497 0.057107 0.062203 0.060904 0.076493 0.070297 0.061304 0.056907 0.068399 0.076293 0.060105 
0.059805 0.065901 0.079091 0.082388 0.072496 0.060704 0.067100 0.073195 0.073895 0.064801 0.057307 0.055808 0.059605 0.068798 0.059106 
0.060605 0.064102 0.075194 0.065501 0.070697 0.052011 0.073095 0.057707 0.068798 0.080590 0.063602 0.069798 0.068199 0.065201 0.064901 
0.077392 0.067599 0.082188 0.069798 0.066500 0.066100 0.060505 0.058506 0.066300 0.076093 0.052910 0.067000 0.066900 0.068898 0.053310 
0.064002 0.060405 0.081289 0.064202 0.068099 0.064302 0.070897 0.062203 0.074994 0.079291 0.061304 0.059206 0.057107 0.074094 0.058606 
0.060305 0.077192 0.083088 0.064901 0.069098 0.062203 0.063103 0.068698 0.074194 0.068698 0.059805 0.066000 0.066000 0.059405 0.057307 
0.062603 0.072096 0.086885 0.066400 0.069198 0.051212 0.073595 0.072795 0.068898 0.068499 0.054209 0.064202 0.062703 0.065901 0.060804 
0.068499 0.056508 0.082088 0.061304 0.058606 0.059206 0.070597 0.069198 0.072296 0.072895 0.068599 0.057707 0.066800 0.068499 0.067200 
0.074094 0.073095 0.083188 0.066700 0.060205 0.056508 0.064801 0.064102 0.070197 0.073895 0.056707 0.068199 0.067000 0.063203 0.058106 
0.062503 0.070797 0.081289 0.067300 0.065001 0.052411 0.063802 0.069298 0.066900 0.079790 0.062103 0.065201 0.063502 0.071097 0.059006 
0.066800 0.063702 0.070797 0.070797 0.070797 0.064502 0.063902 0.063702 0.057207 0.084686 0.060205 0.069098 0.070997 0.069098 0.053710 
0.058906 0.067899 0.085886 0.069398 0.072496 0.055508 0.072995 0.055508 0.062503 0.079091 0.061304 0.067999 0.065101 0.060405 0.065001 
0.073695 0.073295 0.076792 0.078691 0.058906 0.049413 0.059206 0.066000 0.072396 0.079790 0.063702 0.052511 0.071596 0.072396 0.051611 
0.060605 0.064602 0.068898 0.070397 0.062603 0.064502 0.068599 0.062703 0.078391 0.085286 0.066600 0.061204 0.064202 0.063702 0.057707 
0.067599 0.075693 0.083188 0.066300 0.073695 0.050912 0.064801 0.068299 0.064901 0.085686 0.052910 0.065301 0.057307 0.068798 0.054609 
0.055708 0.067100 0.085386 0.068499 0.062803 0.059905 0.066600 0.068599 0.070097 0.077192 0.066500 0.061504 0.067699 0.064202 0.058206 
0.065601 0.075593 0.075693 0.070397 0.060105 0.057407 0.064602 0.066000 0.073395 0.072296 0.048813 0.064901 0.072995 0.063502 0.068698 
0.064701 0.070197 0.069598 0.076892 0.064502 0.066300 0.067799 0.064901 0.075593 0.081689 0.057807 0.063502 0.060205 0.060005 0.056308 
0.061304 0.064801 0.085486 0.080190 0.070597 0.053810 0.065501 0.067699 0.061104 0.084187 0.059705 0.058906 0.062603 0.064202 0.059905 
0.065201 0.065801 0.078991 0.056807 0.060505 0.064602 0.056408 0.066000 0.077092 0.080989 0.066000 0.067899 0.061204 0.068698 0.063802 
0.061104 0.076293 0.082988 0.061304 0.066400 0.049913 0.062803 0.070397 0.070497 0.077092 0.052211 0.065001 0.076493 0.060904 0.066600 
0.067799 0.066400 0.080490 0.073195 0.067200 0.066600 0.074594 0.057307 0.064002 0.072296 0.050012 0.061004 0.068099 0.067599 0.063402 
0.061204 0.065301 0.076692 0.071197 0.070797 0.056807 0.066500 0.063303 0.069498 0.083288 0.059605 0.062703 0.069398 0.071297 0.052411 
0.058606 0.067499 0.074894 0.074994 0.068499 0.062003 0.068399 0.065301 0.068898 0.078291 0.065701 0.062503 0.068599 0.064801 0.051012 
