0.004184 0.004184 0.991632 
0.002865 0.002865 0.994269 
0.002278 0.002278 0.995444 
0.014540 0.001616 0.983845 
0.000432 0.000432 0.999137 
0.000220 0.001540 0.998240 
0.000921 0.000184 0.998895 
0.000459 0.000153 0.999388 
0.000151 0.000151 0.999697 
0.000148 0.000148 0.999703 
0.000108 0.000108 0.999784 
0.000106 0.000106 0.999788 
0.002175 0.000104 0.997721 
0.046808 0.000092 0.953101 
0.281444 0.000067 0.718490 
0.429378 0.000054 0.570568 
0.435079 0.000269 0.564652 
0.435936 0.000053 0.564011 
0.435780 0.000052 0.564168 
0.567159 0.000121 0.432721 
0.583801 0.000039 0.416160 
0.580595 0.000038 0.419367 
0.636464 0.000098 0.363438 
0.648307 0.000033 0.351661 
0.655713 0.000093 0.344195 
0.658208 0.005465 0.336327 
0.623699 0.087020 0.289281 
0.626047 0.083591 0.290362 
0.595826 0.123400 0.280774 
0.600739 0.122275 0.276986 
0.588362 0.140164 0.271474 
0.563709 0.171940 0.264352 
0.549317 0.196567 0.254116 
0.545809 0.204602 0.249588 
0.540982 0.204877 0.254141 
0.541994 0.214898 0.243108 
0.536412 0.218472 0.245116 
0.532697 0.222312 0.244991 
0.504898 0.256031 0.239072 
0.469674 0.303297 0.227029 
0.468410 0.306409 0.225181 
0.459660 0.319224 0.221115 
0.460469 0.325915 0.213616 
0.435680 0.360404 0.203916 
0.428007 0.360641 0.211352 
0.422530 0.381605 0.195865 
0.399689 0.405525 0.194785 
0.388542 0.425378 0.186080 
