0.0569728 0.039966 0.00085034 0.00085034 0.0110544 0.00935374 0.0314626 0.0127551 0.00255102 0.00255102 0.346088 0.00085034 0.444728 0.00255102 0.0365646 0.00085034 
0.00714286 0.00714286 0.00714286 0.221429 0.00714286 0.00714286 0.0928571 0.0214286 0.25 0.00714286 0.0214286 0.0214286 0.0214286 0.0642857 0.164286 0.0785714 
0.0619048 0.0333333 0.0142857 0.0047619 0.0047619 0.0619048 0.0238095 0.0047619 0.490476 0.0047619 0.0047619 0.0238095 0.0047619 0.0047619 0.0428571 0.214286 
0.0131579 0.0657895 0.0131579 0.0131579 0.0394737 0.0394737 0.0921053 0.0131579 0.0131579 0.0394737 0.0921053 0.0131579 0.118421 0.171053 0.171053 0.0921053 
0.0625 0.0336538 0.0336538 0.0336538 0.0432692 0.0240385 0.177885 0.0144231 0.100962 0.129808 0.158654 0.00480769 0.0240385 0.0144231 0.120192 0.0240385 
0.122222 0.211111 0.0111111 0.0111111 0.0777778 0.0333333 0.122222 0.0333333 0.0555556 0.0111111 0.0111111 0.0111111 0.0777778 0.0111111 0.1 0.1 
0.00414594 0.0820896 0.299337 0.00248756 0.000829187 0.000829187 0.0572139 0.0505804 0.0290216 0.00580431 0.0389718 0.000829187 0.229685 0.171642 0.000829187 0.0257048 
0.0108696 0.0405138 0.271739 0.000988142 0.000988142 0.00296443 0.0978261 0.0148221 0.000988142 0.00494071 0.0266798 0.0128458 0.313241 0.16502 0.0266798 0.00889328 
0.000688705 0.00619835 0.0103306 0.0172176 0.00344353 0.0144628 0.62741 0.00757576 0.000688705 0.00619835 0.000688705 0.0172176 0.208678 0.0268595 0.0488981 0.00344353 
0.0189873 0.00632911 0.0316456 0.0189873 0.00632911 0.0189873 0.0189873 0.00632911 0.398734 0.00632911 0.00632911 0.00632911 0.00632911 0.411392 0.0189873 0.0189873 
0.00657895 0.00657895 0.0197368 0.00657895 0.0328947 0.0855263 0.0197368 0.0197368 0.0592105 0.00657895 0.0197368 0.00657895 0.0328947 0.0460526 0.585526 0.0460526 
0.0105882 0.0129412 0.02 0.00823529 0.0176471 0.00352941 0.0576471 0.00117647 0.00588235 0.269412 0.0811765 0.00117647 0.351765 0.0223529 0.1 0.0364706 
0.0046729 0.0046729 0.0140187 0.0046729 0.0046729 0.0046729 0.0233645 0.0046729 0.0046729 0.0046729 0.163551 0.0420561 0.107477 0.088785 0.5 0.0233645 
0.0217391 0.0217391 0.0217391 0.0217391 0.195652 0.0217391 0.0217391 0.0652174 0.0217391 0.0652174 0.282609 0.0217391 0.108696 0.0652174 0.0217391 0.0217391 
0.0293315 0.000682128 0.00204638 0.000682128 0.00204638 0.000682128 0.000682128 0.00204638 0.0443383 0.000682128 0.000682128 0.0184175 0.370396 0.386767 0.109823 0.0306958 
0.198925 0.295699 0.00537634 0.00537634 0.00537634 0.016129 0.112903 0.00537634 0.00537634 0.134409 0.00537634 0.0268817 0.00537634 0.00537634 0.016129 0.155914 
0.00155763 0.101246 0.00155763 0.00155763 0.00155763 0.00155763 0.0046729 0.0109034 0.0046729 0.00155763 0.0140187 0.00155763 0.207165 0.0046729 0.0389408 0.602804 
0.0267857 0.199405 0.00892857 0.0267857 0.0208333 0.0267857 0.0565476 0.00892857 0.0386905 0.00892857 0.0863095 0.00297619 0.235119 0.00892857 0.21131 0.0327381 
0.00925926 0.00185185 0.00185185 0.00185185 0.00185185 0.0166667 0.0388889 0.0166667 0.0759259 0.00185185 0.00185185 0.00185185 0.205556 0.00185185 0.461111 0.161111 
0.00561798 0.00561798 0.00561798 0.00561798 0.00561798 0.657303 0.00561798 0.0168539 0.00561798 0.00561798 0.00561798 0.00561798 0.241573 0.00561798 0.0168539 0.00561798 
0.0568182 0.0340909 0.0113636 0.0113636 0.0340909 0.0113636 0.0113636 0.0340909 0.0340909 0.0113636 0.0113636 0.0113636 0.147727 0.0113636 0.0568182 0.511364 
0.00588235 0.0529412 0.00588235 0.0176471 0.0294118 0.00588235 0.00588235 0.00588235 0.00588235 0.0294118 0.0176471 0.00588235 0.123529 0.0529412 0.135294 0.5 
0.00625 0.01875 0.00625 0.06875 0.06875 0.01875 0.03125 0.03125 0.20625 0.06875 0.00625 0.04375 0.04375 0.04375 0.23125 0.10625 
0.0301205 0.114458 0.0180723 0.0060241 0.0060241 0.0060241 0.0421687 0.0542169 0.174699 0.0662651 0.0421687 0.0301205 0.0180723 0.162651 0.150602 0.0783133 
0.00803571 0.05625 0.00446429 0.0169643 0.00267857 0.00982143 0.0294643 0.0241071 0.0544643 0.00625 0.0419643 0.00625 0.274107 0.00803571 0.452679 0.00446429 
0.0431034 0.00862069 0.00862069 0.112069 0.00862069 0.00862069 0.577586 0.00862069 0.00862069 0.00862069 0.00862069 0.00862069 0.112069 0.0258621 0.00862069 0.0431034 
0.347534 0.000747384 0.00224215 0.000747384 0.0859492 0.00224215 0.000747384 0.00523169 0.117339 0.000747384 0.000747384 0.00224215 0.34006 0.0246637 0.0620329 0.00672646 
0.00413223 0.0785124 0.0702479 0.00413223 0.301653 0.0123967 0.00413223 0.0785124 0.0785124 0.0371901 0.161157 0.00413223 0.0619835 0.00413223 0.0289256 0.0702479 
0.0257353 0.158088 0.00367647 0.00367647 0.0698529 0.496324 0.0110294 0.00367647 0.00367647 0.0110294 0.00367647 0.0992647 0.0551471 0.0183824 0.0257353 0.0110294 
0.0972222 0.0138889 0.0138889 0.0138889 0.263889 0.0972222 0.0138889 0.0138889 0.0138889 0.0138889 0.0138889 0.180556 0.0138889 0.0138889 0.0416667 0.180556 
0.00666667 0.02 0.02 0.00666667 0.02 0.00666667 0.22 0.00666667 0.113333 0.02 0.113333 0.02 0.00666667 0.0466667 0.0733333 0.3 
0.00110375 0.00110375 0.00331126 0.00331126 0.00110375 0.43819 0.00331126 0.00110375 0.00110375 0.00331126 0.00110375 0.00110375 0.356512 0.00110375 0.182119 0.00110375 
0.0125 0.0208333 0.00416667 0.0208333 0.00416667 0.00416667 0.270833 0.0125 0.0208333 0.00416667 0.00416667 0.0125 0.0541667 0.0208333 0.00416667 0.529167 
0.000894454 0.000894454 0.000894454 0.0563506 0.009839 0.000894454 0.00626118 0.00268336 0.0742397 0.0187835 0.000894454 0.00447227 0.160107 0.124329 0.000894454 0.537567 
0.00205761 0.00205761 0.00205761 0.00205761 0.00205761 0.0144033 0.00205761 0.00205761 0.0802469 0.00205761 0.00205761 0.00205761 0.273663 0.00205761 0.236626 0.372428 
0.02 0.0866667 0.02 0.00666667 0.02 0.06 0.14 0.00666667 0.00666667 0.02 0.00666667 0.0333333 0.0333333 0.0866667 0.00666667 0.446667 
0.139706 0.0220588 0.0367647 0.0220588 0.0220588 0.0220588 0.0220588 0.00735294 0.0220588 0.00735294 0.198529 0.00735294 0.330882 0.0220588 0.0367647 0.0808824 
0.0113924 0.0291139 0.00126582 0.0139241 0.0265823 0.00126582 0.0518987 0.00632911 0.105063 0.00379747 0.0291139 0.00126582 0.0139241 0.00632911 0.439241 0.259494 
0.00241935 0.000806452 0.0282258 0.0879032 0.000806452 0.00403226 0.216935 0.000806452 0.165323 0.0814516 0.234677 0.000806452 0.0266129 0.144355 0.00403226 0.000806452 
0.0277778 0.0277778 0.0277778 0.0277778 0.0277778 0.0277778 0.0277778 0.0277778 0.0277778 0.0277778 0.0277778 0.0277778 0.0277778 0.0277778 0.583333 0.0277778 
0.0164835 0.126374 0.00549451 0.00549451 0.0164835 0.0274725 0.00549451 0.181319 0.00549451 0.0164835 0.00549451 0.115385 0.192308 0.0274725 0.247253 0.00549451 
0.0586207 0.0103448 0.0103448 0.00344828 0.0103448 0.0517241 0.00344828 0.0172414 0.0103448 0.00344828 0.0103448 0.00344828 0.286207 0.0103448 0.506897 0.00344828 
0.166667 0.0185185 0.0555556 0.0185185 0.0185185 0.0185185 0.0925926 0.0185185 0.0185185 0.0185185 0.166667 0.0185185 0.12963 0.166667 0.0185185 0.0555556 
0.157143 0.0714286 0.0428571 0.0142857 0.185714 0.0142857 0.0428571 0.0428571 0.0714286 0.0142857 0.0714286 0.0142857 0.0428571 0.0142857 0.0142857 0.185714 
0.0221675 0.0615764 0.0172414 0.00738916 0.00246305 0.00246305 0.0172414 0.0270936 0.337438 0.00246305 0.046798 0.0172414 0.00738916 0.0172414 0.41133 0.00246305 
0.127119 0.262712 0.0423729 0.00847458 0.0423729 0.00847458 0.00847458 0.0254237 0.00847458 0.00847458 0.0254237 0.00847458 0.00847458 0.00847458 0.00847458 0.398305 
0.00183599 0.0250918 0.00183599 0.00673195 0.000611995 0.000611995 0.00673195 0.000611995 0.0397797 0.000611995 0.00183599 0.0348837 0.116891 0.000611995 0.000611995 0.76071 
0.0119792 0.00364583 0.0328125 0.0015625 0.00364583 0.00364583 0.0755208 0.0015625 0.0015625 0.000520833 0.0046875 0.0078125 0.315104 0.0255208 0.509896 0.000520833 
0.0595238 0.0357143 0.0119048 0.0357143 0.130952 0.0119048 0.0119048 0.0357143 0.0119048 0.0357143 0.0119048 0.0357143 0.0119048 0.0595238 0.488095 0.0119048 
0.0127479 0.0495751 0.00424929 0.00141643 0.00141643 0.00141643 0.00141643 0.00141643 0.0127479 0.0524079 0.0439093 0.00424929 0.270538 0.00141643 0.505666 0.0354108 
0.00083612 0.00250836 0.00250836 0.0041806 0.00083612 0.00250836 0.00250836 0.00083612 0.0192308 0.00250836 0.0041806 0.00083612 0.149666 0.00083612 0.00585284 0.800167 
0.00066313 0.045756 0.00198939 0.00198939 0.00464191 0.0112732 0.00198939 0.00066313 0.151857 0.00331565 0.00066313 0.00066313 0.10809 0.665119 0.00066313 0.00066313 
0.00237718 0.00237718 0.00396197 0.00237718 0.0134707 0.392235 0.000792393 0.00237718 0.00396197 0.000792393 0.000792393 0.00396197 0.276545 0.00871632 0.284469 0.000792393 
0.12963 0.0185185 0.0555556 0.0185185 0.0185185 0.0185185 0.0185185 0.0185185 0.0185185 0.0185185 0.166667 0.0185185 0.0185185 0.0185185 0.277778 0.166667 
0.0178571 0.0535714 0.0535714 0.160714 0.0178571 0.0178571 0.0178571 0.0178571 0.0178571 0.0178571 0.0535714 0.0178571 0.0178571 0.0178571 0.0892857 0.410714 
0.019685 0.011811 0.011811 0.0275591 0.00393701 0.011811 0.00393701 0.00393701 0.0433071 0.019685 0.515748 0.00393701 0.30315 0.00393701 0.00393701 0.011811 
0.000961538 0.0528846 0.000961538 0.0125 0.000961538 0.00288462 0.0221154 0.000961538 0.0240385 0.0125 0.599038 0.000961538 0.239423 0.0125 0.00480769 0.0125 
0.00214592 0.0107296 0.00643777 0.00214592 0.00214592 0.0236052 0.00214592 0.00643777 0.0107296 0.00643777 0.00214592 0.00214592 0.409871 0.0193133 0.491416 0.00214592 
0.000826446 0.000826446 0.0140496 0.00247934 0.00247934 0.0190083 0.0239669 0.000826446 0.0900826 0.0404959 0.00247934 0.00909091 0.154545 0.212397 0.412397 0.0140496 
0.0138889 0.0138889 0.0138889 0.0138889 0.0416667 0.0138889 0.0138889 0.0138889 0.0138889 0.0416667 0.0138889 0.0138889 0.0138889 0.0138889 0.597222 0.152778 
0.106061 0.0151515 0.0454545 0.136364 0.0454545 0.106061 0.106061 0.0454545 0.0151515 0.0151515 0.227273 0.0454545 0.0151515 0.0151515 0.0454545 0.0151515 
0.02 0.02 0.06 0.02 0.02 0.02 0.02 0.02 0.02 0.02 0.06 0.02 0.02 0.02 0.18 0.46 
0.00203804 0.00475543 0.0101902 0.000679348 0.0129076 0.0631793 0.0101902 0.00339674 0.0536685 0.00203804 0.409647 0.00203804 0.261549 0.0210598 0.141984 0.000679348 
0.0142857 0.0142857 0.0714286 0.0142857 0.0142857 0.0428571 0.357143 0.0428571 0.0142857 0.128571 0.0142857 0.0142857 0.0142857 0.214286 0.0142857 0.0142857 
0.0135135 0.0405405 0.0045045 0.0045045 0.0765766 0.0945946 0.0405405 0.0315315 0.0045045 0.0585586 0.0045045 0.0045045 0.157658 0.0135135 0.418919 0.0315315 
0.00980392 0.147059 0.0686275 0.00980392 0.0490196 0.00980392 0.00980392 0.00980392 0.00980392 0.00980392 0.186275 0.00980392 0.147059 0.00980392 0.0294118 0.284314 
0.0125 0.0125 0.0125 0.0375 0.0375 0.0125 0.0125 0.0125 0.0375 0.0125 0.0625 0.0125 0.0125 0.1125 0.0125 0.5875 
0.0121951 0.0512195 0.00243902 0.00243902 0.00243902 0.00731707 0.0268293 0.0121951 0.114634 0.00243902 0.00243902 0.00243902 0.114634 0.00243902 0.00243902 0.641463 
0.00757576 0.0530303 0.00757576 0.0227273 0.0378788 0.0227273 0.0681818 0.0227273 0.00757576 0.0530303 0.00757576 0.0227273 0.174242 0.0681818 0.325758 0.0984848 
0.0837838 0.0189189 0.0837838 0.0243243 0.0405405 0.0243243 0.00810811 0.0189189 0.1 0.0027027 0.154054 0.00810811 0.256757 0.164865 0.0027027 0.00810811 
0.0172414 0.0172414 0.0172414 0.0172414 0.0172414 0.0172414 0.12069 0.155172 0.0862069 0.0517241 0.0517241 0.0172414 0.0172414 0.0862069 0.12069 0.189655 
0.0641026 0.0128205 0.0128205 0.0128205 0.0128205 0.115385 0.0641026 0.0384615 0.0897436 0.0128205 0.0128205 0.0128205 0.0128205 0.0641026 0.448718 0.0128205 
0.00786838 0.00500715 0.000715308 0.0164521 0.0207439 0.00500715 0.0350501 0.000715308 0.0164521 0.000715308 0.00500715 0.000715308 0.328326 0.000715308 0.54721 0.009299 
0.0192308 0.0192308 0.0192308 0.0576923 0.25 0.0192308 0.211538 0.0192308 0.0192308 0.0192308 0.0576923 0.0192308 0.0192308 0.0192308 0.211538 0.0192308 
0.000868056 0.000868056 0.000868056 0.0407986 0.00607639 0.00260417 0.00434028 0.00260417 0.00954861 0.00954861 0.49566 0.000868056 0.250868 0.0164931 0.00434028 0.153646 
0.00254669 0.0212224 0.00254669 0.000848896 0.000848896 0.000848896 0.00254669 0.0110357 0.065365 0.000848896 0.000848896 0.0449915 0.185908 0.522071 0.00933786 0.128183 
0.016129 0.016129 0.016129 0.0483871 0.016129 0.016129 0.016129 0.016129 0.016129 0.016129 0.016129 0.435484 0.0806452 0.0483871 0.0806452 0.145161 
0.00526316 0.0263158 0.0473684 0.321053 0.00526316 0.1 0.00526316 0.0578947 0.0578947 0.0157895 0.00526316 0.0684211 0.00526316 0.0157895 0.0473684 0.215789 
0.0714286 0.0510204 0.0306122 0.0102041 0.0102041 0.234694 0.0102041 0.0102041 0.0510204 0.0102041 0.0102041 0.0102041 0.0102041 0.0306122 0.438776 0.0102041 
0.0657895 0.118421 0.0657895 0.0131579 0.0131579 0.0131579 0.0394737 0.0131579 0.0131579 0.223684 0.0921053 0.197368 0.0657895 0.0131579 0.0394737 0.0131579 
0.0319149 0.0319149 0.0106383 0.0106383 0.0106383 0.223404 0.0106383 0.0106383 0.0531915 0.0744681 0.0319149 0.0531915 0.0531915 0.308511 0.0744681 0.0106383 
0.0575 0.3025 0.0775 0.0375 0.0075 0.1375 0.2125 0.0025 0.0725 0.0025 0.0025 0.0175 0.0275 0.0275 0.0125 0.0025 
0.0192308 0.0961538 0.0192308 0.0192308 0.0192308 0.0192308 0.0576923 0.0576923 0.0192308 0.0576923 0.0192308 0.0192308 0.0192308 0.0961538 0.173077 0.288462 
0.0135135 0.0135135 0.0135135 0.0135135 0.0135135 0.0675676 0.0405405 0.0135135 0.0405405 0.0135135 0.0945946 0.0135135 0.175676 0.0135135 0.445946 0.0135135 
0.0106383 0.117021 0.0106383 0.0106383 0.223404 0.0106383 0.244681 0.0106383 0.0319149 0.0531915 0.0531915 0.0319149 0.159574 0.0106383 0.0106383 0.0106383 
0.00277778 0.0583333 0.00277778 0.00277778 0.00277778 0.00833333 0.0305556 0.00277778 0.119444 0.00277778 0.00277778 0.00277778 0.0583333 0.00277778 0.00277778 0.697222 
0.09 0.05 0.01 0.01 0.15 0.01 0.01 0.01 0.01 0.01 0.27 0.01 0.07 0.01 0.15 0.13 
0.0147059 0.0147059 0.0735294 0.0147059 0.0441176 0.0735294 0.132353 0.0147059 0.0147059 0.0147059 0.0441176 0.0147059 0.0147059 0.426471 0.0735294 0.0147059 
0.00357654 0.00214592 0.000715308 0.000715308 0.000715308 0.00357654 0.00357654 0.000715308 0.00214592 0.00214592 0.009299 0.623033 0.261087 0.0851216 0.000715308 0.000715308 
0.00316456 0.00316456 0.00949367 0.00949367 0.00316456 0.00316456 0.00316456 0.00316456 0.028481 0.00316456 0.0158228 0.00316456 0.00316456 0.0158228 0.00316456 0.889241 
0.15 0.0166667 0.0166667 0.0166667 0.0166667 0.05 0.0166667 0.0166667 0.0833333 0.0166667 0.0166667 0.0166667 0.05 0.116667 0.0833333 0.316667 
0.0121951 0.00406504 0.0203252 0.0365854 0.00406504 0.0121951 0.0934959 0.0284553 0.0284553 0.0691057 0.117886 0.0284553 0.00406504 0.191057 0.264228 0.0853659 
0.0892857 0.0535714 0.0178571 0.0178571 0.0178571 0.0178571 0.0178571 0.0178571 0.0178571 0.0535714 0.0178571 0.0535714 0.0535714 0.0178571 0.0892857 0.446429 
0.00259067 0.0941278 0.000863558 0.00259067 0.00259067 0.000863558 0.0284974 0.00259067 0.000863558 0.00259067 0.000863558 0.00259067 0.258204 0.00259067 0.58981 0.00777202 
0.0135135 0.0135135 0.0405405 0.0135135 0.0405405 0.0135135 0.0405405 0.0135135 0.0405405 0.0135135 0.0135135 0.0135135 0.0675676 0.0135135 0.0135135 0.635135 
0.0102041 0.112245 0.0714286 0.0306122 0.0306122 0.0714286 0.0306122 0.0102041 0.0102041 0.0306122 0.0510204 0.0306122 0.397959 0.0102041 0.0714286 0.0306122 
0.0164474 0.108553 0.0164474 0.0164474 0.00328947 0.00328947 0.00986842 0.00328947 0.0493421 0.00328947 0.00328947 0.00328947 0.00986842 0.0296053 0.0164474 0.707237 
0.00143403 0.0176864 0.000478011 0.000478011 0.000478011 0.00717017 0.0109943 0.00143403 0.291109 0.00239006 0.00334608 0.000478011 0.0855641 0.00334608 0.194551 0.379063 
0.000880282 0.0713028 0.000880282 0.00792254 0.000880282 0.504401 0.00264085 0.000880282 0.0871479 0.000880282 0.00264085 0.00440141 0.310739 0.00264085 0.000880282 0.000880282 
0.0164234 0.0857664 0.00547445 0.00182482 0.0164234 0.00912409 0.308394 0.00182482 0.169708 0.0164234 0.00182482 0.00182482 0.00547445 0.00182482 0.104015 0.25365 
0.00568182 0.164773 0.0397727 0.00568182 0.00568182 0.00568182 0.232955 0.0170455 0.00568182 0.0170455 0.0284091 0.00568182 0.00568182 0.0511364 0.3125 0.0965909 
0.016129 0.0483871 0.016129 0.016129 0.0483871 0.016129 0.016129 0.0483871 0.016129 0.016129 0.016129 0.016129 0.016129 0.016129 0.66129 0.016129 
0.0394737 0.0657895 0.0131579 0.0394737 0.0131579 0.0131579 0.0394737 0.0131579 0.0131579 0.0131579 0.0131579 0.0394737 0.144737 0.0131579 0.0921053 0.434211 
0.00229008 0.00229008 0.000763359 0.00992366 0.000763359 0.0175573 0.0419847 0.000763359 0.150382 0.00229008 0.432824 0.000763359 0.0648855 0.246565 0.0251908 0.000763359 
0.0714286 0.0102041 0.0102041 0.0306122 0.0510204 0.0306122 0.112245 0.0102041 0.0306122 0.112245 0.173469 0.0306122 0.0102041 0.193878 0.112245 0.0102041 
0.00819672 0.18306 0.0300546 0.0245902 0.0846995 0.0628415 0.00819672 0.00273224 0.0901639 0.057377 0.0300546 0.00273224 0.00819672 0.00819672 0.29235 0.106557 
0.00285714 0.00857143 0.00285714 0.00285714 0.0257143 0.0371429 0.442857 0.00285714 0.0885714 0.00857143 0.111429 0.00285714 0.00285714 0.02 0.237143 0.00285714 
0.0125 0.0125 0.0625 0.0125 0.0125 0.1375 0.0375 0.0125 0.0125 0.0125 0.0625 0.0375 0.0875 0.4375 0.0375 0.0125 
0.0078534 0.0410122 0.0008726 0.0008726 0.0008726 0.24171 0.0287958 0.0008726 0.0183246 0.0008726 0.123037 0.0026178 0.074171 0.428447 0.0200698 0.0095986 
0.0128205 0.0641026 0.0128205 0.0384615 0.0384615 0.0384615 0.0128205 0.0897436 0.0641026 0.0641026 0.0384615 0.0128205 0.0128205 0.0128205 0.423077 0.0641026 
0.0168539 0.00561798 0.00561798 0.0280899 0.0168539 0.162921 0.00561798 0.00561798 0.00561798 0.00561798 0.0168539 0.00561798 0.0505618 0.00561798 0.207865 0.455056 
0.000869565 0.0373913 0.000869565 0.000869565 0.0026087 0.127826 0.1 0.000869565 0.00434783 0.000869565 0.000869565 0.369565 0.254783 0.0269565 0.0495652 0.0217391 
0.180556 0.0138889 0.0138889 0.125 0.0416667 0.0972222 0.0138889 0.0972222 0.0138889 0.0138889 0.0138889 0.0138889 0.319444 0.0138889 0.0138889 0.0138889 
0.0114504 0.0114504 0.0114504 0.00381679 0.00381679 0.0114504 0.141221 0.00381679 0.171756 0.00381679 0.00381679 0.00381679 0.103053 0.461832 0.0496183 0.00381679 
0.390819 0.00372208 0.0186104 0.00124069 0.0483871 0.0136476 0.00124069 0.00124069 0.0310174 0.016129 0.00868486 0.00372208 0.390819 0.00372208 0.0434243 0.0235732 
0.00543478 0.0163043 0.048913 0.0271739 0.00543478 0.00543478 0.00543478 0.00543478 0.00543478 0.0163043 0.0271739 0.00543478 0.179348 0.00543478 0.00543478 0.63587 
0.0735294 0.0441176 0.0147059 0.0441176 0.308824 0.0441176 0.0735294 0.0147059 0.0735294 0.0147059 0.0147059 0.102941 0.0441176 0.0735294 0.0441176 0.0147059 
0.00714286 0.0404762 0.00714286 0.00238095 0.00238095 0.0166667 0.735714 0.00238095 0.107143 0.0214286 0.0261905 0.00238095 0.00238095 0.0166667 0.00238095 0.00714286 
0.0568862 0.0209581 0.0149701 0.00299401 0.0269461 0.134731 0.0149701 0.0389222 0.176647 0.00299401 0.0209581 0.0149701 0.0329341 0.00299401 0.416168 0.0209581 
0.0178571 0.375 0.0178571 0.196429 0.0535714 0.0178571 0.0178571 0.0178571 0.0178571 0.0178571 0.0178571 0.0178571 0.0178571 0.0178571 0.125 0.0535714 
0.0912698 0.00396825 0.00396825 0.0198413 0.00396825 0.0277778 0.0119048 0.0277778 0.0119048 0.00396825 0.00396825 0.00396825 0.162698 0.146825 0.448413 0.0277778 
0.00684932 0.00684932 0.00684932 0.0205479 0.0205479 0.00684932 0.732877 0.0205479 0.0205479 0.00684932 0.00684932 0.00684932 0.0479452 0.0205479 0.00684932 0.0616438 
0.0116773 0.0244161 0.00106157 0.00318471 0.00955414 0.007431 0.00106157 0.00106157 0.066879 0.00955414 0.00106157 0.00106157 0.170913 0.177282 0.510616 0.00318471 
0.0423729 0.0762712 0.0423729 0.00847458 0.0423729 0.0254237 0.194915 0.00847458 0.0254237 0.127119 0.00847458 0.0254237 0.00847458 0.211864 0.0423729 0.110169 
0.000807754 0.0266559 0.000807754 0.424071 0.000807754 0.131664 0.0088853 0.00726979 0.120355 0.0105008 0.0347334 0.0379645 0.120355 0.000807754 0.0088853 0.0654281 
0.00379747 0.00379747 0.00632911 0.00886076 0.00126582 0.28481 0.00886076 0.00126582 0.00126582 0.00632911 0.00126582 0.00379747 0.444304 0.00379747 0.218987 0.00126582 
0.136463 0.00327511 0.00764192 0.0010917 0.00982533 0.00764192 0.413755 0.00545852 0.0316594 0.0010917 0.0360262 0.0010917 0.175764 0.0753275 0.0884279 0.00545852 
0.00296912 0.00890736 0.00178147 0.010095 0.0290974 0.00534442 0.0469121 0.00534442 0.327197 0.00178147 0.379454 0.000593824 0.105107 0.0659145 0.00771971 0.00178147 
0.00272331 0.000544662 0.00381264 0.00272331 0.000544662 0.000544662 0.148693 0.284858 0.0179739 0.00381264 0.000544662 0.000544662 0.377451 0.149782 0.00381264 0.00163399 
0.0136103 0.0136103 0.000716332 0.00644699 0.002149 0.0207736 0.0838109 0.317335 0.0508596 0.00787966 0.00501433 0.00501433 0.202722 0.241404 0.000716332 0.027937 
0.0280899 0.00561798 0.0505618 0.00561798 0.0168539 0.00561798 0.634831 0.0730337 0.0168539 0.00561798 0.00561798 0.00561798 0.0393258 0.0168539 0.0730337 0.0168539 
0.00409836 0.054918 0.000819672 0.000819672 0.00245902 0.00409836 0.0729508 0.000819672 0.000819672 0.000819672 0.000819672 0.0057377 0.158197 0.000819672 0.0221311 0.669672 
0.000848896 0.0398981 0.0110357 0.00594228 0.000848896 0.00424448 0.0127334 0.00254669 0.0314092 0.000848896 0.000848896 0.00594228 0.128183 0.024618 0.673175 0.0568761 
0.03125 0.00625 0.00625 0.00625 0.00625 0.01875 0.00625 0.00625 0.00625 0.00625 0.06875 0.20625 0.00625 0.00625 0.03125 0.58125 
0.0646552 0.00431034 0.00431034 0.00431034 0.0215517 0.0732759 0.0387931 0.0474138 0.00431034 0.012931 0.0387931 0.0301724 0.142241 0.00431034 0.366379 0.142241 
0.000683995 0.00478796 0.0170999 0.00478796 0.000683995 0.0663475 0.0978112 0.0116279 0.20725 0.00478796 0.0116279 0.00615595 0.175787 0.0499316 0.338577 0.00205198 
0.00060241 0.0451807 0.00060241 0.00060241 0.0114458 0.00301205 0.560843 0.00060241 0.0355422 0.00783133 0.00301205 0.00301205 0.323494 0.00180723 0.00180723 0.00060241 
0.474432 0.00662879 0.00094697 0.0710227 0.00284091 0.0198864 0.00284091 0.00094697 0.0104167 0.00094697 0.0123106 0.00284091 0.243371 0.09375 0.0520833 0.00473485 
0.0669903 0.0514563 0.0475728 0.0378641 0.00873786 0.0223301 0.0786408 0.000970874 0.0669903 0.276699 0.000970874 0.0126214 0.212621 0.0514563 0.0436893 0.0203883 
0.00095057 0.0408745 0.00095057 0.00095057 0.00095057 0.00285171 0.0807985 0.00285171 0.0579848 0.00285171 0.00285171 0.00095057 0.204373 0.55038 0.0313688 0.0180608 
0.0959596 0.0353535 0.00505051 0.00505051 0.0454545 0.00505051 0.00505051 0.00505051 0.19697 0.00505051 0.0151515 0.00505051 0.00505051 0.0151515 0.00505051 0.550505 
0.0838926 0.0033557 0.0167785 0.0100671 0.0033557 0.0033557 0.0033557 0.0033557 0.0234899 0.0100671 0.0503356 0.0033557 0.11745 0.0033557 0.0100671 0.654362 
0.138514 0.00337838 0.0101351 0.0101351 0.00337838 0.00337838 0.0101351 0.00337838 0.0101351 0.00337838 0.0168919 0.0101351 0.0168919 0.0168919 0.0101351 0.733108 
0.00531915 0.0265957 0.0393617 0.488298 0.00106383 0.00106383 0.00106383 0.00957447 0.254255 0.0478723 0.00319149 0.0414894 0.0670213 0.00106383 0.00106383 0.0117021 
0.0047749 0.000682128 0.00204638 0.00613915 0.000682128 0.00204638 0.0047749 0.000682128 0.134379 0.546385 0.000682128 0.000682128 0.193042 0.101637 0.000682128 0.000682128 
0.00473186 0.00473186 0.0141956 0.00157729 0.00157729 0.00157729 0.00157729 0.00157729 0.0678233 0.0236593 0.0236593 0.00157729 0.011041 0.00473186 0.0362776 0.799685 
0.0119048 0.0119048 0.0119048 0.0119048 0.0119048 0.0833333 0.0119048 0.0119048 0.0357143 0.0595238 0.0119048 0.0595238 0.178571 0.0357143 0.440476 0.0119048 
0.0151515 0.0151515 0.0151515 0.0454545 0.106061 0.0151515 0.0151515 0.0151515 0.0151515 0.0151515 0.136364 0.0454545 0.0151515 0.19697 0.0151515 0.318182 
0.103774 0.00943396 0.103774 0.00943396 0.0471698 0.00943396 0.179245 0.0849057 0.0849057 0.00943396 0.0283019 0.00943396 0.00943396 0.0283019 0.216981 0.0660377 
0.0057377 0.000819672 0.0188525 0.00245902 0.0155738 0.00737705 0.097541 0.000819672 0.202459 0.000819672 0.000819672 0.000819672 0.135246 0.169672 0.338525 0.00245902 
0.00352609 0.000705219 0.000705219 0.00211566 0.000705219 0.000705219 0.00211566 0.00493653 0.000705219 0.000705219 0.481664 0.000705219 0.49859 0.000705219 0.000705219 0.000705219 
0.000645995 0.0381137 0.00193798 0.00710594 0.000645995 0.0122739 0.0290698 0.00322997 0.147933 0.0562016 0.00322997 0.000645995 0.0355297 0.144057 0.427003 0.0923773 
0.00396825 0.00555556 0.000793651 0.00238095 0.000793651 0.00238095 0.00238095 0.00238095 0.000793651 0.000793651 0.000793651 0.000793651 0.494444 0.478571 0.00238095 0.000793651 
0.00490196 0.00490196 0.000980392 0.000980392 0.00294118 0.00294118 0.00294118 0.000980392 0.195098 0.000980392 0.000980392 0.583333 0.183333 0.00490196 0.00882353 0.000980392 
0.0108878 0.00586265 0.000837521 0.00586265 0.0108878 0.000837521 0.144891 0.00251256 0.059464 0.00251256 0.0527638 0.0041876 0.10469 0.0293132 0.5067 0.0577889 
0.00561798 0.00561798 0.0280899 0.455056 0.00561798 0.00561798 0.0168539 0.00561798 0.0505618 0.0730337 0.0842697 0.0617978 0.00561798 0.0505618 0.0955056 0.0505618 
0.00574713 0.235632 0.00574713 0.0747126 0.0517241 0.155172 0.0402299 0.00574713 0.00574713 0.0402299 0.0172414 0.00574713 0.00574713 0.0172414 0.327586 0.00574713 
0.000662252 0.00463576 0.0165563 0.00198675 0.00331126 0.000662252 0.0152318 0.00331126 0.0218543 0.000662252 0.00198675 0.339735 0.522517 0.0655629 0.000662252 0.000662252 
0.0172414 0.0172414 0.0172414 0.0172414 0.12069 0.0172414 0.155172 0.0517241 0.0172414 0.0172414 0.258621 0.0172414 0.0172414 0.189655 0.0172414 0.0517241 
0.0416667 0.0138889 0.0231481 0.00462963 0.00462963 0.0138889 0.0231481 0.0509259 0.00462963 0.0138889 0.0416667 0.00462963 0.273148 0.0694444 0.412037 0.00462963 
0.00555556 0.194444 0.0166667 0.00555556 0.00555556 0.0611111 0.05 0.0388889 0.05 0.0166667 0.00555556 0.00555556 0.0833333 0.0611111 0.161111 0.238889 
0.0174419 0.25 0.00581395 0.00581395 0.00581395 0.0872093 0.0174419 0.00581395 0.00581395 0.00581395 0.00581395 0.00581395 0.0290698 0.00581395 0.284884 0.261628 
0.015625 0.192708 0.078125 0.0677083 0.0885417 0.00520833 0.00520833 0.00520833 0.00520833 0.00520833 0.00520833 0.00520833 0.00520833 0.00520833 0.0885417 0.421875 
0.0581395 0.0116279 0.0116279 0.0116279 0.0581395 0.0116279 0.0116279 0.0813953 0.0581395 0.0813953 0.127907 0.0116279 0.0581395 0.0581395 0.0813953 0.267442 
0.123494 0.0692771 0.00301205 0.0210843 0.00301205 0.0512048 0.292169 0.00301205 0.0451807 0.00301205 0.00301205 0.0271084 0.0451807 0.0150602 0.262048 0.0331325 
0.00214592 0.00643777 0.0407725 0.00643777 0.00214592 0.00214592 0.22103 0.0236052 0.148069 0.0236052 0.00214592 0.027897 0.00214592 0.0579399 0.43133 0.00214592 
0.00216138 0.00216138 0.000720461 0.000720461 0.0136888 0.00360231 0.0842939 0.00504323 0.0525937 0.00360231 0.0151297 0.000720461 0.313401 0.0136888 0.477666 0.0108069 
0.00106838 0.00320513 0.00320513 0.00747863 0.00320513 0.00534188 0.0138889 0.00106838 0.00106838 0.00106838 0.44765 0.00106838 0.490385 0.0181624 0.00106838 0.00106838 
0.00130208 0.0585938 0.00911458 0.00911458 0.00130208 0.00911458 0.00390625 0.00390625 0.00390625 0.00911458 0.00651042 0.00130208 0.0690104 0.00130208 0.00130208 0.811198 
0.00144928 0.0478261 0.00144928 0.00434783 0.00144928 0.708696 0.0449275 0.00144928 0.0246377 0.00144928 0.00434783 0.00724638 0.042029 0.00144928 0.102899 0.00434783 
0.000825083 0.104785 0.0156766 0.438119 0.00412541 0.0519802 0.0437294 0.000825083 0.000825083 0.0140264 0.000825083 0.000825083 0.180693 0.000825083 0.00412541 0.137789 
0.00833333 0.075 0.00833333 0.00833333 0.025 0.025 0.00833333 0.00833333 0.0916667 0.0416667 0.0416667 0.191667 0.208333 0.108333 0.00833333 0.141667 
0.00203252 0.103659 0.00609756 0.00609756 0.00203252 0.0101626 0.270325 0.00203252 0.00203252 0.00203252 0.0386179 0.00203252 0.180894 0.00203252 0.367886 0.00203252 
0.003125 0.021875 0.015625 0.021875 0.003125 0.021875 0.059375 0.003125 0.071875 0.003125 0.015625 0.003125 0.096875 0.171875 0.078125 0.409375 
0.0019084 0.372137 0.00954198 0.0019084 0.0400763 0.028626 0.0019084 0.0019084 0.028626 0.00954198 0.124046 0.0019084 0.169847 0.0019084 0.146947 0.0591603 
0.0136612 0.079235 0.538251 0.0464481 0.00273224 0.0191257 0.00819672 0.00273224 0.155738 0.0136612 0.00273224 0.068306 0.00273224 0.0355191 0.00273224 0.00819672 
0.000897666 0.024237 0.000897666 0.0152603 0.000897666 0.00987433 0.000897666 0.00448833 0.121185 0.000897666 0.324057 0.002693 0.0942549 0.101436 0.0547576 0.243268 
0.0648148 0.0277778 0.00925926 0.101852 0.00925926 0.00925926 0.00925926 0.00925926 0.00925926 0.0462963 0.0648148 0.268519 0.0277778 0.00925926 0.268519 0.0648148 
0.0215517 0.00718391 0.00143678 0.0158046 0.00431034 0.466954 0.00431034 0.00431034 0.00143678 0.00718391 0.0215517 0.012931 0.168103 0.0531609 0.208333 0.00143678 
0.000665779 0.0312916 0.000665779 0.00599201 0.000665779 0.0206391 0.0246338 0.00199734 0.183089 0.000665779 0.00199734 0.000665779 0.039281 0.646471 0.0153129 0.0259654 
0.0105485 0.00271248 0.00150693 0.0412899 0.00391802 0.0021097 0.0961423 0.00150693 0.083484 0.000301386 0.000301386 0.4783 0.238999 0.00632911 0.0322483 0.000301386 
0.0010989 0.00989011 0.0010989 0.0032967 0.0032967 0.383516 0.0142857 0.0010989 0.0010989 0.0120879 0.0032967 0.00549451 0.150549 0.381319 0.00989011 0.0186813 
0.0254237 0.00282486 0.00282486 0.00282486 0.0141243 0.00282486 0.115819 0.0141243 0.00282486 0.00282486 0.00847458 0.00282486 0.0932203 0.392655 0.245763 0.0706215 
0.0945946 0.0135135 0.0135135 0.0135135 0.0135135 0.0135135 0.0405405 0.0135135 0.0135135 0.0135135 0.0135135 0.0135135 0.0135135 0.121622 0.0135135 0.581081 
0.00150602 0.0105422 0.00753012 0.0286145 0.00150602 0.00150602 0.15512 0.0135542 0.0135542 0.00451807 0.0195783 0.00451807 0.230422 0.00451807 0.00150602 0.501506 
0.0773913 0.143478 0.000869565 0.0026087 0.0147826 0.000869565 0.0791304 0.0530435 0.00956522 0.000869565 0.273913 0.000869565 0.270435 0.00608696 0.0026087 0.0634783 
0.0316456 0.056962 0.00632911 0.00632911 0.00632911 0.00632911 0.0189873 0.0443038 0.0316456 0.00632911 0.00632911 0.00632911 0.00632911 0.0949367 0.373418 0.297468 
0.000994036 0.164016 0.0168986 0.0208748 0.00695825 0.00298211 0.422465 0.00497018 0.116302 0.136183 0.00298211 0.00298211 0.0964215 0.000994036 0.00298211 0.000994036 
0.00806452 0.00268817 0.00268817 0.00268817 0.00268817 0.0134409 0.00268817 0.00806452 0.0134409 0.00268817 0.00268817 0.00268817 0.244624 0.00806452 0.00268817 0.680108 
0.0112434 0.0892857 0.000661376 0.0218254 0.000661376 0.0535714 0.077381 0.0271164 0.167328 0.00198413 0.0496032 0.000661376 0.0297619 0.454365 0.0125661 0.00198413 
0.00591216 0.0194257 0.00422297 0.321791 0.00253378 0.0532095 0.0599662 0.000844595 0.164696 0.000844595 0.000844595 0.000844595 0.105574 0.0734797 0.181588 0.00422297 
0.000537057 0.0349087 0.0606874 0.0918367 0.0112782 0.00698174 0.00590763 0.0177229 0.629968 0.00161117 0.00483351 0.0252417 0.0896885 0.000537057 0.0177229 0.000537057 
0.00215208 0.00215208 0.00071736 0.650646 0.00071736 0.00071736 0.00071736 0.00215208 0.00215208 0.00645624 0.00071736 0.00071736 0.319225 0.0035868 0.00645624 0.00071736 
0.00340136 0.0442177 0.0238095 0.159864 0.00340136 0.207483 0.0102041 0.00340136 0.221088 0.0646259 0.0102041 0.0442177 0.119048 0.0442177 0.037415 0.00340136 
0.0192308 0.0192308 0.134615 0.25 0.0961538 0.0192308 0.0192308 0.0576923 0.0961538 0.0576923 0.0192308 0.0576923 0.0961538 0.0192308 0.0192308 0.0192308 
0.000840336 0.00588235 0.000840336 0.0260504 0.00420168 0.000840336 0.0109244 0.000840336 0.0394958 0.00588235 0.0109244 0.00756303 0.236134 0.582353 0.00420168 0.0630252 
0.000613497 0.17362 0.00306748 0.0153374 0.00306748 0.000613497 0.00920245 0.00429448 0.0104294 0.00184049 0.00674847 0.507362 0.252147 0.000613497 0.00797546 0.00306748 
0.0294118 0.0294118 0.0882353 0.0294118 0.264706 0.0294118 0.0294118 0.0294118 0.0882353 0.147059 0.0294118 0.0882353 0.0294118 0.0294118 0.0294118 0.0294118 
0.0178571 0.0178571 0.0535714 0.267857 0.232143 0.0178571 0.0178571 0.0535714 0.0178571 0.0892857 0.0178571 0.0178571 0.125 0.0178571 0.0178571 0.0178571 
0.175676 0.0405405 0.0135135 0.0135135 0.391892 0.0405405 0.0135135 0.0135135 0.0135135 0.121622 0.0675676 0.0405405 0.0135135 0.0135135 0.0135135 0.0135135 
0.00195312 0.00195312 0.115234 0.0800781 0.0136719 0.564453 0.0136719 0.0488281 0.00195312 0.00195312 0.00195312 0.00195312 0.138672 0.00585938 0.00195312 0.00585938 
0.00410509 0.0779967 0.000821018 0.470443 0.0106732 0.00574713 0.0550082 0.000821018 0.0517241 0.00574713 0.000821018 0.00574713 0.199507 0.00738916 0.0106732 0.092775 
0.0178571 0.0535714 0.0178571 0.0178571 0.0178571 0.0535714 0.0178571 0.0178571 0.0178571 0.0178571 0.303571 0.0178571 0.0178571 0.339286 0.0178571 0.0535714 
0.000683995 0.00752394 0.000683995 0.0567715 0.000683995 0.00205198 0.0170999 0.00752394 0.00341997 0.0102599 0.0280438 0.00205198 0.263338 0.591655 0.000683995 0.00752394 
0.118421 0.144737 0.0657895 0.0131579 0.0131579 0.0131579 0.0131579 0.0131579 0.0657895 0.171053 0.0131579 0.0131579 0.0394737 0.0131579 0.276316 0.0131579 
0.0405405 0.0135135 0.0945946 0.0945946 0.0675676 0.0135135 0.0405405 0.0135135 0.0405405 0.0135135 0.0135135 0.0945946 0.0135135 0.391892 0.0405405 0.0135135 
0.02 0.06 0.06 0.42 0.02 0.02 0.02 0.06 0.06 0.06 0.02 0.02 0.02 0.02 0.06 0.06 
0.0657895 0.0131579 0.0131579 0.460526 0.144737 0.0131579 0.0131579 0.0657895 0.0657895 0.0657895 0.0131579 0.0131579 0.0131579 0.0131579 0.0131579 0.0131579 
0.0849359 0.00160256 0.00480769 0.161859 0.00480769 0.00160256 0.0112179 0.00160256 0.00160256 0.517628 0.0176282 0.00160256 0.174679 0.00160256 0.00801282 0.00480769 
0.091133 0.0369458 0.00246305 0.0862069 0.0270936 0.00738916 0.00738916 0.0320197 0.0418719 0.480296 0.00246305 0.00246305 0.169951 0.00738916 0.00246305 0.00246305 
0.109756 0.109756 0.0121951 0.182927 0.0121951 0.0121951 0.0121951 0.0365854 0.0121951 0.0853659 0.0121951 0.0121951 0.353659 0.0121951 0.0121951 0.0121951 
0.660542 0.000301205 0.000903614 0.000903614 0.00271084 0.000301205 0.00210843 0.000903614 0.000301205 0.000301205 0.000301205 0.00150602 0.326807 0.000903614 0.000301205 0.000903614 
0.386792 0.216981 0.00943396 0.0471698 0.0283019 0.00943396 0.00943396 0.00943396 0.0283019 0.0849057 0.00943396 0.0283019 0.0471698 0.00943396 0.00943396 0.0660377 
0.0668663 0.00698603 0.000998004 0.0748503 0.00299401 0.0169661 0.000998004 0.434132 0.000998004 0.0469062 0.000998004 0.0229541 0.282435 0.00299401 0.000998004 0.0369261 
0.152778 0.0138889 0.0138889 0.0972222 0.0416667 0.0138889 0.0138889 0.319444 0.0694444 0.0972222 0.0138889 0.0138889 0.0972222 0.0138889 0.0138889 0.0138889 
0.00555556 0.00111111 0.0144444 0.236667 0.00555556 0.0122222 0.00555556 0.00111111 0.0166667 0.505556 0.00333333 0.00111111 0.107778 0.00333333 0.00111111 0.0788889 
0.025 0.075 0.025 0.025 0.125 0.075 0.025 0.125 0.025 0.175 0.075 0.025 0.025 0.025 0.075 0.075 
0.000628931 0.0660377 0.000628931 0.764151 0.000628931 0.000628931 0.00440252 0.000628931 0.111321 0.000628931 0.000628931 0.000628931 0.0408805 0.00314465 0.000628931 0.00440252 
0.00746269 0.0373134 0.00746269 0.0522388 0.126866 0.0223881 0.0223881 0.00746269 0.0223881 0.171642 0.00746269 0.141791 0.291045 0.00746269 0.0223881 0.0522388 
0.0555556 0.166667 0.0555556 0.0185185 0.0555556 0.203704 0.0185185 0.0185185 0.0185185 0.0185185 0.0185185 0.0555556 0.0185185 0.166667 0.0185185 0.0925926 
0.2125 0.0125 0.0375 0.0125 0.0125 0.0875 0.0375 0.0125 0.1375 0.1125 0.0375 0.2125 0.0125 0.0125 0.0125 0.0375 
0.0138889 0.0416667 0.0138889 0.319444 0.0138889 0.0138889 0.0138889 0.0138889 0.0138889 0.0972222 0.0138889 0.125 0.0138889 0.0416667 0.0138889 0.236111 
0.06 0.02 0.02 0.26 0.02 0.06 0.02 0.02 0.02 0.02 0.22 0.02 0.02 0.02 0.1 0.1 
0.00996377 0.0335145 0.417572 0.116848 0.00271739 0.000905797 0.00996377 0.000905797 0.0190217 0.000905797 0.000905797 0.00271739 0.189312 0.000905797 0.000905797 0.192935 
0.0138889 0.0416667 0.0138889 0.0138889 0.0138889 0.0138889 0.0138889 0.0138889 0.0694444 0.180556 0.458333 0.0138889 0.0972222 0.0138889 0.0138889 0.0138889 
0.0277778 0.0277778 0.0277778 0.194444 0.0277778 0.0277778 0.0277778 0.0277778 0.0833333 0.25 0.138889 0.0277778 0.0277778 0.0277778 0.0277778 0.0277778 
0.0227273 0.0227273 0.204545 0.0227273 0.0227273 0.0227273 0.0227273 0.0227273 0.0227273 0.0227273 0.113636 0.0227273 0.295455 0.0227273 0.0681818 0.0681818 
0.185714 0.1 0.0428571 0.271429 0.0428571 0.0142857 0.0142857 0.0428571 0.0142857 0.0428571 0.0142857 0.0428571 0.0142857 0.0142857 0.0142857 0.128571 
0.224138 0.0862069 0.0517241 0.12069 0.0517241 0.0172414 0.0172414 0.0172414 0.0862069 0.0172414 0.0172414 0.0862069 0.0517241 0.0172414 0.0172414 0.12069 
0.128571 0.0142857 0.1 0.242857 0.0714286 0.0142857 0.0714286 0.0142857 0.0428571 0.0142857 0.0142857 0.0142857 0.185714 0.0428571 0.0142857 0.0142857 
0.00071736 0.00071736 0.00071736 0.0337159 0.00071736 0.00071736 0.00215208 0.00215208 0.0394548 0.00215208 0.693687 0.00215208 0.211621 0.00645624 0.00071736 0.00215208 
0.00413223 0.0289256 0.119835 0.334711 0.0123967 0.00413223 0.00413223 0.161157 0.0123967 0.0206612 0.0619835 0.0206612 0.00413223 0.11157 0.0371901 0.0619835 
0.0121951 0.0365854 0.0609756 0.0609756 0.0121951 0.109756 0.0121951 0.0121951 0.0121951 0.0121951 0.0365854 0.0365854 0.158537 0.0121951 0.0121951 0.402439 
0.310811 0.121622 0.0135135 0.0945946 0.0405405 0.0135135 0.0135135 0.0135135 0.0675676 0.0135135 0.0135135 0.202703 0.0135135 0.0135135 0.0405405 0.0135135 
0.00740132 0.0123355 0.0172697 0.0271382 0.00740132 0.00740132 0.000822368 0.0254934 0.0962171 0.0123355 0.000822368 0.310033 0.449836 0.00246711 0.0222039 0.000822368 
0.0714286 0.00946644 0.00946644 0.432874 0.00430293 0.0920826 0.0060241 0.0215146 0.0473322 0.0421687 0.000860585 0.000860585 0.0697074 0.107573 0.000860585 0.0834768 
0.0034965 0.0314685 0.0174825 0.0454545 0.416084 0.0034965 0.0594406 0.0104895 0.0034965 0.0034965 0.0034965 0.0034965 0.374126 0.0034965 0.0034965 0.0174825 
0.05 0.200909 0.0172727 0.41 0.0118182 0.000909091 0.000909091 0.0136364 0.00454545 0.00272727 0.00454545 0.03 0.239091 0.00636364 0.000909091 0.00636364 
0.15 0.0166667 0.0166667 0.416667 0.05 0.0166667 0.05 0.0166667 0.15 0.0166667 0.0166667 0.0166667 0.0166667 0.0166667 0.0166667 0.0166667 
0.0172414 0.0862069 0.0172414 0.568966 0.0172414 0.0172414 0.0172414 0.0172414 0.12069 0.0172414 0.0172414 0.0172414 0.0172414 0.0172414 0.0172414 0.0172414 
0.0263158 0.0263158 0.0263158 0.131579 0.184211 0.0263158 0.0263158 0.0263158 0.289474 0.0263158 0.0263158 0.0789474 0.0263158 0.0263158 0.0263158 0.0263158 
0.0192308 0.0192308 0.0192308 0.0192308 0.288462 0.0961538 0.0961538 0.134615 0.0192308 0.0192308 0.0961538 0.0961538 0.0192308 0.0192308 0.0192308 0.0192308 
0.000896057 0.00268817 0.00448029 0.00448029 0.00268817 0.000896057 0.00268817 0.000896057 0.108423 0.00448029 0.000896057 0.524194 0.319892 0.000896057 0.0206093 0.000896057 
0.0013587 0.00679348 0.00679348 0.721467 0.0013587 0.0013587 0.0258152 0.0013587 0.0774457 0.00407609 0.0013587 0.00679348 0.129076 0.00679348 0.0013587 0.00679348 
0.00225225 0.00225225 0.00225225 0.362613 0.168919 0.00225225 0.00675676 0.00225225 0.403153 0.00225225 0.00225225 0.0292793 0.00225225 0.00225225 0.00675676 0.00225225 
0.00462963 0.087963 0.0601852 0.347222 0.300926 0.0231481 0.0601852 0.00462963 0.00462963 0.00462963 0.0138889 0.00462963 0.00462963 0.0416667 0.0138889 0.0231481 
0.00294118 0.095098 0.00686275 0.0715686 0.00686275 0.102941 0.0401961 0.00294118 0.00490196 0.373529 0.0735294 0.0186275 0.191176 0.00686275 0.000980392 0.000980392 
0.0122873 0.0122873 0.00283554 0.456522 0.0141777 0.00094518 0.00283554 0.0255198 0.0349716 0.00283554 0.0047259 0.0217391 0.269376 0.114367 0.0217391 0.00283554 
0.25 0.0202703 0.00675676 0.168919 0.00675676 0.0337838 0.0202703 0.00675676 0.00675676 0.317568 0.00675676 0.0337838 0.0202703 0.00675676 0.0878378 0.00675676 
