0.0109897 0.0194702 0.292543 0.233179 0.172119 0.107667 0.00081304 0.00081304 0.00081304 0.00081304 0.00250914 0.0262546 0.00759745 0.00759745 0.0109897 0.00929355 0.00081304 0.00759745 0.00081304 0.0873142 
0.0206651 0.188293 0.00669614 0.00669614 0.00669614 0.202262 0.00669614 0.118448 0.00669614 0.00669614 0.00669614 0.00669614 0.00669614 0.0346341 0.00669614 0.132417 0.00669614 0.0206651 0.202262 0.00669614 
0.00449733 0.0138793 0.0138793 0.00449733 0.173373 0.201519 0.00449733 0.107699 0.00449733 0.00449733 0.00449733 0.0138793 0.00449733 0.00449733 0.00449733 0.00449733 0.0326433 0.0232613 0.351631 0.0232613 
0.0373696 0.0878911 0.0121089 0.0121089 0.0121089 0.365759 0.0121089 0.0121089 0.0121089 0.0878911 0.0626304 0.0121089 0.0121089 0.0121089 0.138413 0.0121089 0.0121089 0.0626304 0.0121089 0.0121089 
0.0234816 0.11819 0.061365 0.0518942 0.0329525 0.317078 0.0234816 0.0234816 0.0992484 0.00453993 0.00453993 0.0234816 0.0518942 0.00453993 0.0140108 0.0234816 0.00453993 0.0234816 0.0708359 0.0234816 
0.0961501 0.0532198 0.375197 0.0317546 0.0317546 0.0102895 0.0532198 0.0317546 0.0317546 0.0102895 0.0102895 0.0317546 0.0102895 0.0102895 0.0102895 0.0532198 0.0317546 0.0746849 0.0317546 0.0102895 
0.000792868 0.0834939 0.000792868 0.272052 0.00740895 0.00740895 0.320019 0.00244689 0.000792868 0.124844 0.000792868 0.00575493 0.0305653 0.00244689 0.00575493 0.012371 0.0983801 0.014025 0.000792868 0.00906297 
0.000944386 0.0856589 0.0068547 0.369354 0.0147351 0.0107949 0.205835 0.0048846 0.000944386 0.0226155 0.000944386 0.000944386 0.0856589 0.0167052 0.0107949 0.000944386 0.136882 0.000944386 0.000944386 0.0226155 
0.000658832 0.571037 0.0144029 0.173834 0.00340764 0.099616 0.00753086 0.00478205 0.00340764 0.000658832 0.00615646 0.0144029 0.00615646 0.00203324 0.0528863 0.00340764 0.000658832 0.00203324 0.0102797 0.0226493 
0.0183572 0.2169 0.00594832 0.0183572 0.10522 0.0307662 0.00594832 0.0928108 0.00594832 0.0183572 0.0183572 0.055584 0.00594832 0.0679929 0.142446 0.00594832 0.0307662 0.00594832 0.142446 0.00594832 
0.00617832 0.00617832 0.00617832 0.0835107 0.0963994 0.457284 0.019067 0.0319558 0.00617832 0.00617832 0.019067 0.00617832 0.019067 0.00617832 0.00617832 0.00617832 0.019067 0.186621 0.00617832 0.00617832 
0.0386307 0.0292539 0.00581208 0.444175 0.0105005 0.289459 0.0011237 0.00581208 0.0011237 0.0011237 0.0011237 0.00346789 0.0011237 0.00581208 0.0386307 0.00346789 0.0105005 0.0831702 0.0011237 0.0245656 
0.0320421 0.0044145 0.0228329 0.0596697 0.0044145 0.62143 0.0136237 0.0228329 0.0504605 0.0044145 0.0412513 0.0044145 0.0044145 0.0136237 0.0044145 0.0320421 0.0044145 0.0412513 0.0136237 0.0044145 
0.0601679 0.0194963 0.0601679 0.0194963 0.0194963 0.0601679 0.0194963 0.0194963 0.141511 0.0194963 0.0194963 0.0601679 0.0194963 0.0194963 0.0194963 0.0601679 0.222854 0.0601679 0.0601679 0.0194963 
0.000652554 0.00337517 0.0319627 0.613242 0.00201386 0.0401305 0.00337517 0.00609779 0.011543 0.000652554 0.00473648 0.00609779 0.000652554 0.000652554 0.200765 0.0564662 0.00609779 0.0074591 0.00337517 0.000652554 
0.0156402 0.279947 0.184796 0.0050679 0.0050679 0.0050679 0.0367847 0.0050679 0.0156402 0.15308 0.0050679 0.0050679 0.0050679 0.0262124 0.0050679 0.0579292 0.0050679 0.0579292 0.0050679 0.121363 
0.00148598 0.00148598 0.00768585 0.196782 0.00148598 0.0820844 0.097584 0.00148598 0.00148598 0.0541849 0.00148598 0.00148598 0.00148598 0.00458592 0.00458592 0.00148598 0.00148598 0.531575 0.00148598 0.00458592 
0.00282662 0.0971734 0.221004 0.144347 0.00282662 0.250487 0.0264133 0.00872329 0.00282662 0.00282662 0.00282662 0.00282662 0.0441033 0.0264133 0.00282662 0.05 0.0205166 0.00282662 0.08538 0.00282662 
0.00176502 0.0238574 0.0901344 0.156412 0.00176502 0.531982 0.00176502 0.00544708 0.0164933 0.00544708 0.0201753 0.00176502 0.00176502 0.0201753 0.00912914 0.00176502 0.00912914 0.0827703 0.0164933 0.00176502 
0.00529168 0.0163308 0.00529168 0.0163308 0.00529168 0.170878 0.00529168 0.00529168 0.00529168 0.00529168 0.0163308 0.00529168 0.00529168 0.00529168 0.0163308 0.612442 0.0273699 0.0163308 0.0273699 0.0273699 
0.0105152 0.0324512 0.0105152 0.0324512 0.0105152 0.0105152 0.0105152 0.0105152 0.0105152 0.0324512 0.0105152 0.0105152 0.0105152 0.0324512 0.0543872 0.0543872 0.0105152 0.536979 0.0105152 0.0982592 
0.00553613 0.00553613 0.0517324 0.236517 0.00553613 0.0863795 0.00553613 0.00553613 0.00553613 0.00553613 0.0170852 0.0286342 0.00553613 0.0401833 0.00553613 0.00553613 0.00553613 0.4444 0.00553613 0.0286342 
0.00587541 0.0181322 0.0181322 0.00587541 0.00587541 0.251012 0.00587541 0.0181322 0.10393 0.0303891 0.0671596 0.0549027 0.0916732 0.140701 0.0426459 0.0916732 0.00587541 0.00587541 0.0303891 0.00587541 
0.0647777 0.00566703 0.0174892 0.0174892 0.0174892 0.171177 0.123888 0.00566703 0.147533 0.0529555 0.0529555 0.0411334 0.00566703 0.112066 0.0647777 0.0174892 0.0174892 0.00566703 0.0411334 0.0174892 
0.000853577 0.0257829 0.0418089 0.266173 0.00263424 0.47095 0.00441491 0.000853577 0.000853577 0.00619558 0.00797625 0.00263424 0.0346863 0.00441491 0.0168796 0.0293443 0.0115376 0.0346863 0.0275636 0.00975691 
0.00804465 0.410816 0.00804465 0.0583911 0.0248268 0.00804465 0.12552 0.175866 0.00804465 0.00804465 0.00804465 0.00804465 0.00804465 0.0248268 0.00804465 0.00804465 0.00804465 0.0583911 0.0248268 0.00804465 
0.00518852 0.000714833 0.118522 0.354136 0.0111534 0.00667976 0.0335219 0.00518852 0.000714833 0.000714833 0.000714833 0.000714833 0.00220606 0.000714833 0.046943 0.000714833 0.00220606 0.00220606 0.127469 0.279575 
0.0283827 0.0202253 0.0202253 0.085485 0.0120678 0.00391034 0.06917 0.00391034 0.0120678 0.0283827 0.0202253 0.00391034 0.0610126 0.191532 0.00391034 0.0446977 0.00391034 0.126272 0.248634 0.0120678 
0.00348403 0.156115 0.0398246 0.0688971 0.0107522 0.0761652 0.00348403 0.0543609 0.0252884 0.0107522 0.0107522 0.0252884 0.0761652 0.0107522 0.061629 0.236064 0.00348403 0.061629 0.0398246 0.0252884 
0.0127532 0.145777 0.0127532 0.0393581 0.0127532 0.0925677 0.0393581 0.0127532 0.0127532 0.0127532 0.0659629 0.0127532 0.0127532 0.0127532 0.0127532 0.0127532 0.0393581 0.0925677 0.172382 0.172382 
0.0715441 0.189057 0.00625899 0.019316 0.00625899 0.162943 0.0584871 0.00625899 0.00625899 0.00625899 0.019316 0.019316 0.019316 0.00625899 0.215171 0.019316 0.019316 0.0715441 0.0715441 0.00625899 
0.00545409 0.0120535 0.00105449 0.357422 0.00765389 0.00325429 0.588401 0.00105449 0.00105449 0.00105449 0.00325429 0.00545409 0.00325429 0.00105449 0.00105449 0.00105449 0.00325429 0.00105449 0.00105449 0.00105449 
0.0615144 0.357598 0.00394251 0.0203916 0.00394251 0.0368407 0.0286162 0.00394251 0.00394251 0.0450653 0.0450653 0.00394251 0.0368407 0.00394251 0.0203916 0.0203916 0.0121671 0.267128 0.00394251 0.0203916 
0.0561543 0.00263894 0.00263894 0.182807 0.00263894 0.00263894 0.00263894 0.0169097 0.0008551 0.0186935 0.0008551 0.0204774 0.0008551 0.013342 0.534224 0.0347481 0.0579381 0.047235 0.0008551 0.0008551 
0.00195987 0.00195987 0.0142254 0.0224025 0.00195987 0.660212 0.00195987 0.00195987 0.00604839 0.00195987 0.034668 0.00195987 0.00604839 0.00195987 0.0224025 0.00195987 0.00195987 0.136881 0.0755533 0.00195987 
0.00625899 0.123772 0.00625899 0.00625899 0.00625899 0.00625899 0.00625899 0.110715 0.00625899 0.0846011 0.00625899 0.0584871 0.032373 0.0976581 0.04543 0.019316 0.358798 0.00625899 0.00625899 0.00625899 
0.0068886 0.0068886 0.136223 0.380521 0.0356295 0.0212591 0.0068886 0.0068886 0.0212591 0.0212591 0.0068886 0.05 0.0212591 0.0068886 0.0068886 0.0212591 0.0068886 0.0212591 0.0068886 0.208075 
0.0138163 0.0163378 0.0314669 0.0390314 0.0112948 0.107112 0.361785 0.0163378 0.00120871 0.0112948 0.00120871 0.0415529 0.00120871 0.00877325 0.00625174 0.0213808 0.00120871 0.243274 0.0642466 0.00120871 
0.000771184 0.16165 0.039382 0.0828192 0.0281205 0.0184678 0.0104239 0.000771184 0.000771184 0.00237997 0.0152502 0.00881511 0.0812104 0.00398875 0.224392 0.00237997 0.0184678 0.024903 0.274265 0.000771184 
0.0244731 0.0244731 0.0244731 0.0244731 0.0244731 0.432904 0.0244731 0.0755269 0.0244731 0.0244731 0.0244731 0.0244731 0.0244731 0.0244731 0.0244731 0.0755269 0.0244731 0.0244731 0.0244731 0.0244731 
0.00517737 0.00517737 0.0375793 0.350798 0.0267786 0.264393 0.00517737 0.00517737 0.00517737 0.0375793 0.0483799 0.00517737 0.0807818 0.00517737 0.00517737 0.00517737 0.0483799 0.00517737 0.0267786 0.0267786 
0.00327012 0.00327012 0.0169139 0.180639 0.010092 0.43987 0.139708 0.010092 0.0169139 0.00327012 0.00327012 0.00327012 0.0783108 0.0373795 0.00327012 0.0237358 0.00327012 0.00327012 0.010092 0.010092 
0.0167683 0.226653 0.0167683 0.0167683 0.0167683 0.191672 0.0167683 0.0167683 0.0167683 0.0167683 0.051749 0.121711 0.0167683 0.0167683 0.051749 0.0167683 0.0167683 0.0167683 0.0167683 0.121711 
0.0131018 0.0950978 0.0131018 0.0131018 0.0131018 0.0404338 0.0131018 0.0131018 0.0131018 0.0677658 0.0131018 0.0131018 0.0131018 0.149762 0.0131018 0.0131018 0.0131018 0.450414 0.0131018 0.0131018 
0.00234305 0.00723094 0.0561099 0.051222 0.0658856 0.344496 0.0463341 0.00234305 0.0267825 0.0121188 0.00234305 0.0658856 0.00234305 0.00234305 0.00234305 0.00234305 0.00234305 0.00234305 0.280953 0.0218946 
0.00791187 0.00791187 0.222479 0.0409222 0.00791187 0.189468 0.00791187 0.00791187 0.00791187 0.0409222 0.00791187 0.00791187 0.024417 0.00791187 0.00791187 0.024417 0.00791187 0.305005 0.0409222 0.024417 
0.000585592 0.0775475 0.00180721 0.0347909 0.000585592 0.000585592 0.00302883 0.00669368 0.00547206 0.0323476 0.000585592 0.00180721 0.00180721 0.00669368 0.00180721 0.155731 0.000585592 0.6004 0.0641097 0.00302883 
0.000498507 0.0597755 0.0181776 0.36344 0.0119379 0.429997 0.0368967 0.000498507 0.0192176 0.0025784 0.0275371 0.00153845 0.000498507 0.000498507 0.000498507 0.000498507 0.0046583 0.00569824 0.00777814 0.00777814 
0.0109977 0.0339402 0.0339402 0.0109977 0.0109977 0.0109977 0.607504 0.0109977 0.0109977 0.0109977 0.0109977 0.0109977 0.0109977 0.0109977 0.0109977 0.0109977 0.0109977 0.0568828 0.102768 0.0109977 
0.00135188 0.0126326 0.0126326 0.190304 0.00135188 0.565388 0.0154528 0.018273 0.00135188 0.018273 0.00135188 0.0126326 0.0605757 0.00135188 0.00417206 0.018273 0.00417206 0.0295537 0.0154528 0.0154528 
0.00079948 0.0341558 0.0108064 0.117546 0.00079948 0.00246729 0.0158098 0.00413511 0.00246729 0.00246729 0.00747074 0.00246729 0.00413511 0.00079948 0.00079948 0.666257 0.00413511 0.115879 0.00580292 0.00079948 
0.00195789 0.00460484 0.0429856 0.114453 0.000634418 0.0946011 0.000634418 0.00195789 0.00328137 0.000634418 0.000634418 0.447969 0.0165161 0.000634418 0.221655 0.00328137 0.000634418 0.00195789 0.0403386 0.000634418 
0.000757774 0.000757774 0.0055002 0.261591 0.000757774 0.569849 0.00233858 0.000757774 0.00233858 0.00391939 0.0055002 0.00233858 0.000757774 0.000757774 0.00233858 0.133546 0.000757774 0.00391939 0.000757774 0.000757774 
0.0167683 0.051749 0.0167683 0.0167683 0.0167683 0.191672 0.051749 0.0867298 0.051749 0.0167683 0.0167683 0.0167683 0.0167683 0.121711 0.0167683 0.0867298 0.156691 0.0167683 0.0167683 0.0167683 
0.0837984 0.0162016 0.05 0.117597 0.0162016 0.0837984 0.0837984 0.0162016 0.0162016 0.0162016 0.05 0.0162016 0.0162016 0.0162016 0.0837984 0.05 0.0162016 0.185194 0.05 0.0162016 
0.0115047 0.0192815 0.0270584 0.555883 0.00372788 0.0737193 0.0192815 0.0581657 0.00372788 0.0503888 0.042612 0.0270584 0.00372788 0.00372788 0.00372788 0.0115047 0.0503888 0.0115047 0.0192815 0.00372788 
0.000919037 0.0507669 0.060353 0.459136 0.000919037 0.00283626 0.00475349 0.000919037 0.000919037 0.00283626 0.000919037 0.00667071 0.00283626 0.00283626 0.0296774 0.000919037 0.000919037 0.0162568 0.00667071 0.347937 
0.00204341 0.00204341 0.0276203 0.394222 0.0190946 0.0617227 0.415536 0.00204341 0.00204341 0.00204341 0.00204341 0.00204341 0.00204341 0.0233575 0.00630622 0.010569 0.0148318 0.00630622 0.00204341 0.00204341 
0.00903309 0.055193 0.0106817 0.165647 0.0123302 0.403041 0.0106817 0.000790254 0.00408739 0.000790254 0.0337616 0.0189245 0.000790254 0.00243882 0.259615 0.000790254 0.000790254 0.00243882 0.00408739 0.00408739 
0.0127532 0.0659629 0.0659629 0.0393581 0.0127532 0.54485 0.0127532 0.0393581 0.0127532 0.0127532 0.0127532 0.0127532 0.0127532 0.0127532 0.0127532 0.0127532 0.0393581 0.0127532 0.0127532 0.0393581 
0.0427719 0.0138594 0.100597 0.100597 0.0138594 0.187334 0.100597 0.0138594 0.0138594 0.0138594 0.0138594 0.0138594 0.0138594 0.158422 0.0138594 0.0716843 0.0427719 0.0138594 0.0138594 0.0427719 
0.0180297 0.0180297 0.0180297 0.0180297 0.093254 0.093254 0.0180297 0.0180297 0.0180297 0.0180297 0.0180297 0.0180297 0.0180297 0.0180297 0.0180297 0.0180297 0.0180297 0.506988 0.0180297 0.0180297 
0.0006499 0.00471722 0.00607299 0.160631 0.0114961 0.586343 0.0128518 0.023698 0.023698 0.00200567 0.00878453 0.00878453 0.0006499 0.00200567 0.0101403 0.00200567 0.00742876 0.0277653 0.0684385 0.0318327 
0.0131018 0.286422 0.0404338 0.0131018 0.0131018 0.0131018 0.204426 0.0131018 0.0131018 0.0131018 0.0131018 0.0404338 0.0131018 0.0404338 0.0950978 0.0677658 0.0131018 0.0131018 0.0677658 0.0131018 
0.00425766 0.0486677 0.0220217 0.199662 0.0220217 0.448358 0.0131397 0.0309037 0.00425766 0.00425766 0.00425766 0.0131397 0.00425766 0.00425766 0.0220217 0.0841957 0.00425766 0.00425766 0.0486677 0.0131397 
0.123212 0.0091155 0.0091155 0.0091155 0.0091155 0.0091155 0.0091155 0.18026 0.0281315 0.0091155 0.0091155 0.0091155 0.0851797 0.0091155 0.123212 0.0281315 0.0091155 0.199276 0.0091155 0.123212 
0.0115266 0.0115266 0.0115266 0.0115266 0.0115266 0.0596184 0.0355725 0.0115266 0.0115266 0.0115266 0.0115266 0.0115266 0.0115266 0.0115266 0.276031 0.0115266 0.0115266 0.444352 0.0115266 0.0115266 
0.00716094 0.00232037 0.0120015 0.0846101 0.00232037 0.312117 0.00716094 0.00716094 0.00232037 0.00232037 0.0120015 0.00232037 0.0120015 0.00232037 0.00716094 0.0652478 0.00232037 0.346001 0.108813 0.00232037 
0.0958667 0.0218882 0.0514796 0.00709244 0.00709244 0.140254 0.406577 0.0218882 0.0366839 0.0218882 0.00709244 0.00709244 0.00709244 0.00709244 0.00709244 0.0366839 0.0366839 0.0218882 0.00709244 0.0514796 
0.00256908 0.136555 0.0400851 0.174071 0.00256908 0.0240068 0.0293662 0.00256908 0.00792851 0.00256908 0.0240068 0.0293662 0.0347256 0.0347256 0.077601 0.00256908 0.00792851 0.00256908 0.0883199 0.2759 
0.0483653 0.0156719 0.0156719 0.0483653 0.0810588 0.3753 0.0156719 0.0156719 0.0156719 0.0483653 0.113752 0.0156719 0.0156719 0.0156719 0.0156719 0.0156719 0.0483653 0.0483653 0.0156719 0.0156719 
0.0118106 0.0118106 0.0610873 0.0118106 0.0118106 0.184279 0.381386 0.0364489 0.0118106 0.0364489 0.0118106 0.0118106 0.0118106 0.0610873 0.0118106 0.0610873 0.0364489 0.0118106 0.0118106 0.0118106 
0.0021116 0.0163853 0.0278043 0.367519 0.000684223 0.498838 0.037796 0.000684223 0.000684223 0.000684223 0.000684223 0.000684223 0.000684223 0.00353897 0.0135306 0.000684223 0.000684223 0.00924847 0.014958 0.0021116 
0.0173761 0.0536249 0.126122 0.0173761 0.0536249 0.0173761 0.0173761 0.0536249 0.0173761 0.0536249 0.126122 0.0898736 0.0173761 0.0898736 0.0173761 0.0536249 0.0173761 0.126122 0.0173761 0.0173761 
0.00429261 0.00429261 0.000829932 0.418083 0.000829932 0.0250687 0.251874 0.000829932 0.000829932 0.00256127 0.000829932 0.00775529 0.0423821 0.000829932 0.000829932 0.000829932 0.154919 0.0527701 0.000829932 0.0285314 
0.00419812 0.0617679 0.0414492 0.0736206 0.0262101 0.00419812 0.000811663 0.00419812 0.0245169 0.000811663 0.00589135 0.00589135 0.00419812 0.00250489 0.573123 0.0787003 0.0279033 0.0482221 0.00419812 0.00758458 
0.137458 0.01471 0.01471 0.045397 0.01471 0.01471 0.01471 0.290892 0.01471 0.045397 0.01471 0.0760839 0.01471 0.0760839 0.01471 0.045397 0.01471 0.045397 0.01471 0.0760839 
0.00496296 0.00496296 0.00496296 0.0774364 0.00496296 0.00496296 0.0153163 0.00496296 0.0463763 0.0256696 0.00496296 0.0567297 0.00496296 0.408743 0.00496296 0.263797 0.0153163 0.00496296 0.036023 0.00496296 
0.00947588 0.00947588 0.00947588 0.00947588 0.00947588 0.207155 0.503672 0.00947588 0.00947588 0.00947588 0.00947588 0.00947588 0.00947588 0.00947588 0.0490116 0.0292437 0.00947588 0.0687795 0.00947588 0.00947588 
0.0121089 0.0121089 0.138413 0.0121089 0.0121089 0.0121089 0.0626304 0.0121089 0.0121089 0.0121089 0.0121089 0.0121089 0.0121089 0.239455 0.0121089 0.0121089 0.163673 0.214195 0.0121089 0.0121089 
0.00986594 0.0510291 0.00986594 0.0716106 0.00986594 0.0304475 0.00986594 0.00986594 0.00986594 0.0304475 0.0510291 0.0510291 0.112774 0.0304475 0.400916 0.00986594 0.0304475 0.0510291 0.00986594 0.00986594 
0.00237792 0.190882 0.314898 0.00237792 0.00733855 0.00237792 0.0767874 0.00733855 0.00237792 0.171039 0.00733855 0.00237792 0.0321417 0.0172598 0.00237792 0.0122992 0.0271811 0.0619055 0.0371024 0.0222205 
0.0173761 0.0898736 0.0173761 0.19862 0.0173761 0.0536249 0.0173761 0.0173761 0.0173761 0.0173761 0.0898736 0.0173761 0.0173761 0.0173761 0.0898736 0.0173761 0.0898736 0.162371 0.0173761 0.0173761 
0.0124227 0.0124227 0.116084 0.0642534 0.0124227 0.504815 0.0124227 0.0124227 0.0124227 0.0124227 0.0124227 0.0383381 0.0383381 0.0124227 0.0383381 0.0124227 0.0383381 0.0124227 0.0124227 0.0124227 
0.00986594 0.236263 0.00986594 0.00986594 0.0304475 0.0304475 0.00986594 0.00986594 0.0304475 0.0510291 0.0716106 0.112774 0.0510291 0.00986594 0.0510291 0.00986594 0.0510291 0.00986594 0.112774 0.0921922 
0.0522028 0.0797378 0.0522028 0.0632168 0.0191608 0.00263982 0.00263982 0.0246678 0.0136538 0.0136538 0.00263982 0.00263982 0.00814682 0.0136538 0.0246678 0.0797378 0.0852448 0.448707 0.00814682 0.00263982 
0.0286769 0.0092922 0.16437 0.16437 0.0868309 0.0092922 0.0092922 0.0092922 0.0286769 0.0286769 0.0092922 0.0092922 0.0092922 0.0092922 0.106216 0.0092922 0.183754 0.0674462 0.0480615 0.0092922 
0.04157 0.23827 0.01347 0.09777 0.01347 0.06967 0.06967 0.06967 0.04157 0.01347 0.06967 0.01347 0.01347 0.01347 0.12587 0.01347 0.01347 0.01347 0.01347 0.04157 
0.000684223 0.00353897 0.00353897 0.127721 0.000684223 0.00782109 0.000684223 0.0135306 0.00496635 0.0021116 0.000684223 0.000684223 0.00353897 0.000684223 0.18767 0.627301 0.000684223 0.000684223 0.00353897 0.00924847 
0.00926991 0.00300374 0.00926991 0.00300374 0.00300374 0.00926991 0.00300374 0.00300374 0.0218022 0.00300374 0.00926991 0.00926991 0.00300374 0.0155361 0.0343346 0.00926991 0.00300374 0.823872 0.0218022 0.00300374 
0.173468 0.110151 0.0151757 0.110151 0.0151757 0.0468342 0.0784926 0.0151757 0.0151757 0.0151757 0.110151 0.0151757 0.0151757 0.0151757 0.0151757 0.0151757 0.110151 0.0151757 0.0151757 0.0784926 
0.00384757 0.140298 0.164378 0.0199006 0.0199006 0.116219 0.148325 0.0279271 0.0520066 0.0279271 0.00384757 0.0199006 0.00384757 0.0118741 0.100166 0.0118741 0.00384757 0.0118741 0.0841127 0.0279271 
0.05 0.05 0.0162016 0.0162016 0.0162016 0.0162016 0.05 0.0162016 0.0162016 0.117597 0.0162016 0.0162016 0.0162016 0.0162016 0.0162016 0.0837984 0.0162016 0.421783 0.0162016 0.0162016 
0.0180496 0.0301063 0.0163272 0.29191 0.00254804 0.488263 0.0507751 0.000825643 0.000825643 0.0266616 0.00427043 0.00771522 0.0146048 0.01116 0.0163272 0.000825643 0.000825643 0.000825643 0.00943761 0.00771522 
0.0124227 0.0124227 0.0124227 0.0383381 0.0124227 0.0124227 0.0124227 0.0124227 0.0124227 0.0901688 0.0124227 0.0124227 0.0642534 0.0383381 0.0124227 0.0124227 0.297492 0.297492 0.0124227 0.0124227 
0.00947588 0.0687795 0.128083 0.207155 0.0490116 0.187387 0.00947588 0.0490116 0.00947588 0.0292437 0.00947588 0.0490116 0.00947588 0.0490116 0.00947588 0.0292437 0.00947588 0.0687795 0.00947588 0.00947588 
0.00312108 0.185428 0.00312108 0.00312108 0.00963204 0.0291649 0.00312108 0.00312108 0.00963204 0.100785 0.00312108 0.00312108 0.00963204 0.00312108 0.00312108 0.00312108 0.00312108 0.53702 0.0812526 0.00312108 
0.0071396 0.0500955 0.000457583 0.135053 0.0128671 0.389924 0.116916 0.000457583 0.0672778 0.00427588 0.000457583 0.00427588 0.00427588 0.0157308 0.000457583 0.00332131 0.00141216 0.0491409 0.131234 0.00523046 
0.0043529 0.0043529 0.000841588 0.193964 0.00259725 0.0148868 0.000841588 0.0043529 0.0113755 0.00259725 0.000841588 0.106181 0.0201538 0.00786422 0.000841588 0.590743 0.00259725 0.0183982 0.0113755 0.000841588 
0.00173941 0.360972 0.00173941 0.0743117 0.00173941 0.0779403 0.05254 0.00899664 0.0561686 0.00173941 0.00536802 0.00173941 0.00173941 0.00173941 0.0126253 0.0126253 0.00899664 0.233971 0.0779403 0.00536802 
0.00535074 0.239759 0.0388377 0.00535074 0.128136 0.0723246 0.0946493 0.0165131 0.00535074 0.05 0.0165131 0.00535074 0.105812 0.0834869 0.0165131 0.00535074 0.0276754 0.0611623 0.0165131 0.00535074 
0.045397 0.01471 0.01471 0.01471 0.01471 0.475014 0.137458 0.01471 0.01471 0.01471 0.01471 0.01471 0.0760839 0.01471 0.01471 0.01471 0.045397 0.01471 0.01471 0.01471 
0.0373696 0.0121089 0.0373696 0.0373696 0.0121089 0.0878911 0.0373696 0.0626304 0.0626304 0.0373696 0.0121089 0.0121089 0.0121089 0.0626304 0.0373696 0.0121089 0.0373696 0.365759 0.0121089 0.0121089 
0.366257 0.0403288 0.0448979 0.0418518 0.0250985 0.00834521 0.000730075 0.000730075 0.000730075 0.0022531 0.0235755 0.000730075 0.0113913 0.00377613 0.25203 0.00377613 0.0418518 0.00377613 0.0768814 0.05099 
0.00947588 0.0490116 0.00947588 0.00947588 0.00947588 0.543208 0.00947588 0.0292437 0.00947588 0.00947588 0.00947588 0.0292437 0.0292437 0.0292437 0.0885473 0.00947588 0.00947588 0.0292437 0.0292437 0.0490116 
0.00259692 0.0134319 0.0730244 0.0621894 0.00259692 0.392657 0.00259692 0.0188494 0.0784418 0.0621894 0.0351019 0.00801441 0.00801441 0.0405194 0.00259692 0.00801441 0.00259692 0.0405194 0.127199 0.0188494 
0.00271457 0.512378 0.00271457 0.00271457 0.0140404 0.189591 0.0253663 0.00271457 0.00271457 0.00271457 0.0763326 0.00271457 0.0366921 0.00837749 0.00837749 0.00271457 0.0140404 0.00271457 0.0876585 0.00271457 
0.0115266 0.0836642 0.0115266 0.10771 0.0115266 0.0115266 0.0355725 0.0115266 0.0115266 0.0115266 0.0355725 0.0596184 0.131756 0.0115266 0.348169 0.0355725 0.0115266 0.0355725 0.0115266 0.0115266 
0.000834265 0.0982955 0.00605541 0.0739302 0.00257465 0.587342 0.0391226 0.0199784 0.0234592 0.0234592 0.000834265 0.00257465 0.00431503 0.000834265 0.100036 0.00605541 0.00257465 0.000834265 0.00605541 0.000834265 
0.0118106 0.0118106 0.0610873 0.0118106 0.0118106 0.184279 0.135002 0.0118106 0.0118106 0.0364489 0.0118106 0.0118106 0.0118106 0.0118106 0.0118106 0.0118106 0.208917 0.0857256 0.110364 0.0364489 
0.0163308 0.0163308 0.0273699 0.00529168 0.00529168 0.75595 0.00529168 0.00529168 0.049448 0.00529168 0.00529168 0.00529168 0.00529168 0.00529168 0.00529168 0.00529168 0.0273699 0.0273699 0.00529168 0.0163308 
0.000831371 0.106626 0.000831371 0.132641 0.0268465 0.0251122 0.000831371 0.00256571 0.000831371 0.0632677 0.0181748 0.00430006 0.000831371 0.000831371 0.134376 0.476041 0.000831371 0.000831371 0.000831371 0.00256571 
0.225592 0.0127532 0.0393581 0.119173 0.0659629 0.0127532 0.0659629 0.0127532 0.0127532 0.0127532 0.0393581 0.0393581 0.0127532 0.145777 0.0127532 0.0925677 0.0127532 0.0127532 0.0127532 0.0393581 
0.026242 0.282677 0.0413265 0.0564109 0.0111576 0.00361542 0.00361542 0.00361542 0.00361542 0.00361542 0.00361542 0.00361542 0.00361542 0.00361542 0.380726 0.0111576 0.109206 0.00361542 0.0413265 0.00361542 
0.00612812 0.00365646 0.347217 0.3225 0.0160147 0.0506179 0.00118481 0.00118481 0.00118481 0.00365646 0.0184864 0.0407313 0.00859977 0.00118481 0.00118481 0.00118481 0.00859977 0.124768 0.00118481 0.0407313 
0.00512205 0.00512205 0.00512205 0.186771 0.00512205 0.154715 0.00512205 0.00512205 0.0158073 0.0371777 0.00512205 0.00512205 0.0264925 0.0264925 0.00512205 0.0264925 0.12266 0.325679 0.0264925 0.00512205 
0.01347 0.01347 0.04157 0.06967 0.04157 0.01347 0.01347 0.01347 0.06967 0.01347 0.04157 0.15397 0.01347 0.04157 0.01347 0.04157 0.01347 0.06967 0.09777 0.21017 
0.356729 0.304741 0.00226553 0.0258965 0.00226553 0.110968 0.00226553 0.00226553 0.00226553 0.00699172 0.00226553 0.0542536 0.00226553 0.00226553 0.00699172 0.00226553 0.0164441 0.00226553 0.0826107 0.0117179 
0.0147067 0.0680915 0.00877503 0.0325016 0.00284338 0.483307 0.139271 0.00284338 0.0147067 0.00284338 0.00877503 0.0147067 0.0325016 0.00284338 0.00284338 0.0325016 0.00284338 0.00284338 0.121476 0.00877503 
0.0162016 0.0162016 0.0162016 0.0162016 0.0162016 0.252791 0.05 0.0162016 0.0162016 0.151395 0.0162016 0.117597 0.117597 0.05 0.05 0.0162016 0.0162016 0.0162016 0.0162016 0.0162016 
0.0037571 0.0037571 0.0821349 0.246728 0.0037571 0.356457 0.0037571 0.0194327 0.0037571 0.0194327 0.0037571 0.0037571 0.0037571 0.0037571 0.160513 0.0037571 0.0115949 0.0194327 0.0351082 0.0115949 
0.00642682 0.717005 0.0466482 0.0198339 0.00642682 0.00642682 0.00642682 0.00642682 0.0466482 0.0198339 0.00642682 0.0198339 0.0332411 0.0198339 0.00642682 0.00642682 0.00642682 0.00642682 0.00642682 0.00642682 
0.00101433 0.00101433 0.0454506 0.121627 0.00101433 0.223196 0.00101433 0.0158264 0.00101433 0.00524635 0.00524635 0.0264065 0.314184 0.00101433 0.199919 0.00101433 0.00101433 0.00313034 0.00101433 0.0306385 
0.024417 0.106943 0.0904376 0.0409222 0.00791187 0.0574273 0.106943 0.00791187 0.024417 0.00791187 0.0904376 0.00791187 0.00791187 0.00791187 0.0904376 0.00791187 0.024417 0.172963 0.106943 0.00791187 
0.000772427 0.00399518 0.000772427 0.0475024 0.0410569 0.0265545 0.00882931 0.000772427 0.00721794 0.0136634 0.033 0.00399518 0.0507251 0.0233317 0.000772427 0.471295 0.0346113 0.123237 0.107123 0.000772427 
0.00120871 0.0491175 0.00120871 0.767749 0.00120871 0.0213808 0.0743326 0.00120871 0.00120871 0.0592035 0.00373022 0.00120871 0.00120871 0.00373022 0.00625174 0.00120871 0.00120871 0.00120871 0.00120871 0.00120871 
0.00104302 0.516723 0.159881 0.098957 0.00104302 0.00104302 0.0859018 0.00104302 0.00974648 0.00104302 0.00104302 0.00104302 0.00539475 0.00104302 0.0967811 0.00974648 0.00104302 0.00539475 0.00104302 0.00104302 
0.0195349 0.0219057 0.00175365 0.111997 0.000568238 0.0219057 0.00175365 0.00530989 0.0444286 0.011237 0.0716931 0.00412448 0.000568238 0.000568238 0.0598389 0.0420577 0.00886614 0.0681368 0.184307 0.319445 
0.00160872 0.186474 0.000521275 0.305006 0.0200953 0.000521275 0.0059585 0.0113957 0.000521275 0.00378361 0.000521275 0.000521275 0.00378361 0.00269616 0.41375 0.00160872 0.00160872 0.0287948 0.00704594 0.00378361 
0.00640286 0.0249852 0.000685201 0.267986 0.00640286 0.00497344 0.00211462 0.000685201 0.000685201 0.000685201 0.00926169 0.00211462 0.000685201 0.196515 0.373762 0.0235558 0.0750148 0.000685201 0.00211462 0.000685201 
0.038409 0.402699 0.00529168 0.00529168 0.0163308 0.358543 0.0273699 0.00529168 0.00529168 0.00529168 0.00529168 0.00529168 0.00529168 0.00529168 0.0163308 0.0273699 0.00529168 0.0163308 0.0163308 0.0273699 
0.00241888 0.0825383 0.000783793 0.203535 0.000783793 0.0449312 0.0105943 0.000783793 0.00241888 0.0874436 0.000783793 0.00241888 0.000783793 0.000783793 0.000783793 0.0204049 0.000783793 0.507662 0.0122294 0.0171347 
0.00927781 0.0346763 0.000811663 0.146429 0.00250489 0.14135 0.508781 0.000811663 0.00589135 0.0448356 0.0126643 0.0295966 0.00589135 0.0160507 0.000811663 0.00758458 0.00758458 0.010971 0.010971 0.00250489 
0.00587541 0.0181322 0.0181322 0.0671596 0.0426459 0.0181322 0.00587541 0.0181322 0.00587541 0.0181322 0.00587541 0.0303891 0.00587541 0.00587541 0.00587541 0.349067 0.361323 0.00587541 0.00587541 0.00587541 
0.0125809 0.0210853 0.0551026 0.0125809 0.00407662 0.352754 0.00407662 0.123137 0.0380939 0.106129 0.0125809 0.00407662 0.0125809 0.0210853 0.00407662 0.00407662 0.0551026 0.106129 0.0295896 0.0210853 
0.00747946 0.0975711 0.000654336 0.184933 0.000654336 0.175378 0.253184 0.00747946 0.0689056 0.0156696 0.000654336 0.00338439 0.00474941 0.000654336 0.0538903 0.00201936 0.0156696 0.00474941 0.0975711 0.00474941 
0.004184 0.483989 0.000576437 0.344497 0.004184 0.000576437 0.000576437 0.000576437 0.00538652 0.0570949 0.000576437 0.00298148 0.00177896 0.0222218 0.000576437 0.00298148 0.00538652 0.000576437 0.0270319 0.034247 
0.000905154 0.0160113 0.000905154 0.287921 0.000905154 0.172737 0.0197878 0.0235643 0.0367822 0.0160113 0.000905154 0.000905154 0.0688826 0.287921 0.0367822 0.014123 0.00656994 0.00468168 0.000905154 0.00279342 
0.00867106 0.0609372 0.0260931 0.244836 0.00673528 0.0938455 0.000927932 0.00286371 0.00286371 0.00673528 0.0280289 0.0938455 0.00286371 0.268066 0.0125426 0.0590014 0.00673528 0.053194 0.00867106 0.0125426 
0.0122811 0.0615621 0.000908585 0.247313 0.000908585 0.0141765 0.00469943 0.00469943 0.00469943 0.0141765 0.385679 0.000908585 0.000908585 0.0236536 0.192346 0.0236536 0.000908585 0.000908585 0.000908585 0.00469943 
0.0047656 0.0047656 0.0942402 0.0047656 0.0047656 0.0345905 0.0544737 0.0047656 0.0047656 0.0246489 0.0246489 0.0246489 0.0246489 0.0047656 0.074357 0.0147072 0.0047656 0.52173 0.0644154 0.0047656 
0.0164646 0.00318326 0.00318326 0.149278 0.00982393 0.00318326 0.00318326 0.00318326 0.00982393 0.0762307 0.00982393 0.00318326 0.00318326 0.0164646 0.00318326 0.00982393 0.089512 0.580922 0.00318326 0.00318326 
0.0299448 0.00320454 0.0299448 0.0700552 0.00320454 0.00320454 0.00320454 0.00988961 0.00320454 0.05 0.00320454 0.00320454 0.00988961 0.0165747 0.0232597 0.283977 0.410994 0.0366299 0.00320454 0.00320454 
0.266079 0.00313698 0.00949847 0.0985594 0.00101648 0.00313698 0.01586 0.00101648 0.00525748 0.00313698 0.00101648 0.037065 0.028583 0.00525748 0.0434265 0.333935 0.00313698 0.00101648 0.134608 0.00525748 
0.000652554 0.000652554 0.0632728 0.30967 0.000652554 0.0074591 0.000652554 0.308308 0.011543 0.015627 0.00337517 0.00473648 0.00201386 0.00201386 0.173539 0.00473648 0.00337517 0.000652554 0.0796085 0.0074591 
0.00778235 0.0893927 0.00150464 0.00150464 0.00150464 0.0517264 0.00150464 0.0517264 0.0360321 0.0485875 0.00150464 0.00150464 0.00778235 0.00150464 0.0266155 0.0171989 0.00150464 0.644971 0.00150464 0.0046435 
0.0109977 0.0109977 0.0109977 0.194538 0.0109977 0.401021 0.0339402 0.0109977 0.0339402 0.0568828 0.0109977 0.0339402 0.0339402 0.0339402 0.0109977 0.0339402 0.0109977 0.0109977 0.0339402 0.0109977 
0.0138594 0.100597 0.0138594 0.0138594 0.0138594 0.0138594 0.0138594 0.0427719 0.0138594 0.0138594 0.0427719 0.0138594 0.0138594 0.0716843 0.0138594 0.0427719 0.158422 0.331897 0.0138594 0.0427719 
0.0820588 0.00878152 0.00878152 0.00878152 0.137017 0.0820588 0.173655 0.00878152 0.0454202 0.00878152 0.0454202 0.00878152 0.0637395 0.100378 0.00878152 0.0820588 0.00878152 0.0454202 0.00878152 0.0637395 
0.000783793 0.141402 0.000783793 0.139766 0.00405397 0.371949 0.000783793 0.000783793 0.0204049 0.00405397 0.000783793 0.0972541 0.00241888 0.000783793 0.123416 0.000783793 0.000783793 0.000783793 0.0351207 0.0531067 
0.000674594 0.000674594 0.000674594 0.674765 0.00208188 0.000674594 0.000674594 0.000674594 0.00208188 0.000674594 0.000674594 0.000674594 0.000674594 0.00208188 0.000674594 0.00348917 0.284947 0.000674594 0.000674594 0.0217839 
0.0160902 0.000618058 0.00577544 0.0573493 0.026405 0.454468 0.0148009 0.00835413 0.00835413 0.0315624 0.00835413 0.0148009 0.0380091 0.00835413 0.15534 0.0122222 0.0289837 0.0457452 0.0586386 0.00577544 
0.000758974 0.00709222 0.0039256 0.493169 0.000758974 0.000758974 0.000758974 0.0245087 0.000758974 0.000758974 0.00234229 0.000758974 0.000758974 0.000758974 0.452003 0.00234229 0.0039256 0.000758974 0.000758974 0.00234229 
0.000937002 0.0028917 0.0107105 0.127993 0.0341669 0.0028917 0.000937002 0.000937002 0.0028917 0.000937002 0.0028917 0.000937002 0.0048464 0.0107105 0.0615327 0.50134 0.0048464 0.000937002 0.219864 0.00680111 
0.0141656 0.147814 0.00581262 0.107719 0.000800816 0.480263 0.087672 0.00414202 0.00915382 0.000800816 0.0141656 0.000800816 0.000800816 0.020848 0.0392246 0.00247142 0.0141656 0.00581262 0.0392246 0.00414202 
0.00529168 0.00529168 0.038409 0.0163308 0.00529168 0.00529168 0.00529168 0.00529168 0.00529168 0.0273699 0.0273699 0.00529168 0.0163308 0.424777 0.0604871 0.192956 0.038409 0.049448 0.0604871 0.00529168 
0.00541115 0.00541115 0.00541115 0.298907 0.00541115 0.242466 0.0731411 0.00541115 0.00541115 0.107006 0.0279878 0.0166995 0.00541115 0.0166995 0.00541115 0.0166995 0.0618527 0.00541115 0.0166995 0.0731411 
0.000633579 0.0310332 0.000633579 0.652244 0.00592048 0.017816 0.0019553 0.0019553 0.0019553 0.0138508 0.00592048 0.0482157 0.00592048 0.0019553 0.070685 0.122232 0.0019553 0.0019553 0.00459875 0.00856393 
0.0156719 0.0483653 0.0156719 0.0810588 0.0156719 0.179139 0.0483653 0.0156719 0.0156719 0.0156719 0.0156719 0.0810588 0.0156719 0.0156719 0.27722 0.0156719 0.0156719 0.0156719 0.0810588 0.0156719 
0.00437422 0.0134994 0.0134994 0.296379 0.00437422 0.497133 0.0226245 0.00437422 0.00437422 0.0134994 0.00437422 0.0408748 0.00437422 0.0134994 0.0317497 0.00437422 0.00437422 0.0134994 0.00437422 0.00437422 
0.0052339 0.0052339 0.0052339 0.0379896 0.0052339 0.201768 0.0816638 0.0052339 0.0816638 0.0598267 0.0052339 0.0052339 0.0052339 0.0161525 0.136257 0.027071 0.027071 0.278198 0.0052339 0.0052339 
0.0283073 0.00547293 0.108228 0.00547293 0.00547293 0.610584 0.00547293 0.00547293 0.00547293 0.0283073 0.00547293 0.00547293 0.00547293 0.00547293 0.00547293 0.0397245 0.0397245 0.0511417 0.0283073 0.00547293 
0.0049121 0.0049121 0.0049121 0.0356539 0.0663956 0.117632 0.0049121 0.0356539 0.0049121 0.189363 0.0356539 0.0561483 0.0049121 0.0663956 0.0049121 0.0459011 0.0049121 0.209857 0.0766428 0.0254066 
0.033179 0.010751 0.010751 0.010751 0.010751 0.100463 0.190175 0.010751 0.033179 0.010751 0.055607 0.010751 0.010751 0.010751 0.010751 0.010751 0.190175 0.212603 0.033179 0.033179 
0.00286035 0.259443 0.169938 0.00882739 0.0446297 0.0983331 0.092366 0.0147944 0.0326956 0.0684978 0.00882739 0.00286035 0.0446297 0.0386626 0.0147944 0.0804319 0.00286035 0.00882739 0.00286035 0.00286035 
0.00204341 0.287652 0.00630622 0.0574599 0.00630622 0.355856 0.0659855 0.00204341 0.00204341 0.00204341 0.00204341 0.0148318 0.0617227 0.0190946 0.0233575 0.00630622 0.0404087 0.00204341 0.0361459 0.00630622 
0.000689142 0.0754461 0.0121902 0.338533 0.000689142 0.46217 0.000689142 0.000689142 0.0107526 0.000689142 0.000689142 0.00212678 0.00500204 0.000689142 0.00787731 0.000689142 0.000689142 0.0510063 0.0280042 0.000689142 
0.00102081 0.0414819 0.00527987 0.73145 0.0116685 0.018057 0.00102081 0.00102081 0.0159275 0.00102081 0.00102081 0.00102081 0.00102081 0.00527987 0.0265752 0.00102081 0.0606477 0.0350933 0.0116685 0.0287047 
0.0634859 0.0142104 0.00124319 0.0557056 0.00124319 0.00902353 0.0245842 0.00383664 0.00124319 0.0401449 0.00124319 0.00124319 0.00383664 0.00124319 0.00124319 0.618484 0.00902353 0.130916 0.0168039 0.00124319 
0.00138308 0.0158095 0.00138308 0.142762 0.00426836 0.714047 0.00426836 0.00138308 0.0360064 0.00138308 0.00138308 0.00138308 0.0158095 0.0129242 0.00426836 0.00138308 0.00426836 0.00138308 0.0302359 0.00426836 
0.0238309 0.0353519 0.033706 0.111061 0.00572652 0.0551021 0.000788953 0.0139558 0.000788953 0.140687 0.00572652 0.000788953 0.000788953 0.000788953 0.00408066 0.538983 0.00572652 0.0205392 0.000788953 0.000788953 
0.202629 0.00778341 0.00778341 0.072732 0.0240206 0.0889692 0.00778341 0.00778341 0.00778341 0.00778341 0.00778341 0.105206 0.0240206 0.00778341 0.00778341 0.218866 0.121443 0.0402577 0.00778341 0.0240206 
0.00193612 0.248314 0.0867547 0.0867547 0.0140531 0.191768 0.211963 0.00193612 0.030209 0.0746378 0.00193612 0.0100141 0.00193612 0.0100141 0.0059751 0.00193612 0.00193612 0.00193612 0.0140531 0.00193612 
0.00296656 0.00915517 0.00296656 0.126739 0.0153438 0.516621 0.00296656 0.00296656 0.0153438 0.0215324 0.00296656 0.0215324 0.00296656 0.00296656 0.126739 0.0153438 0.00296656 0.101984 0.00296656 0.00296656 
0.00181859 0.00181859 0.104252 0.187715 0.0245815 0.00181859 0.00940622 0.0321691 0.00561241 0.320499 0.0283753 0.00181859 0.00181859 0.00940622 0.0473443 0.00561241 0.0245815 0.115633 0.054932 0.0207877 
0.00801441 0.0134319 0.00259692 0.00259692 0.00259692 0.0134319 0.0459369 0.0351019 0.0405194 0.0134319 0.00259692 0.0892768 0.00801441 0.555181 0.0296844 0.0242669 0.0351019 0.0296844 0.0459369 0.00259692 
0.392919 0.0277116 0.0545651 0.0867892 0.000858162 0.000858162 0.000858162 0.0169702 0.000858162 0.0420335 0.0187605 0.000858162 0.000858162 0.0295019 0.187042 0.0491944 0.0223409 0.0653065 0.000858162 0.000858162 
0.00862354 0.0446031 0.0985724 0.00862354 0.00862354 0.26048 0.00862354 0.00862354 0.00862354 0.0985724 0.00862354 0.00862354 0.00862354 0.0266133 0.00862354 0.24249 0.0625928 0.0266133 0.00862354 0.0446031 
0.00709225 0.0328369 0.00423173 0.178723 0.0156738 0.0156738 0.567754 0.00137121 0.00137121 0.0185343 0.00137121 0.00137121 0.00423173 0.00137121 0.0728841 0.0156738 0.00995276 0.00137121 0.00423173 0.044279 
0.000636947 0.0790332 0.0511294 0.0112669 0.0325269 0.00595195 0.0125957 0.0272119 0.0046232 0.0019657 0.0019657 0.000636947 0.000636947 0.000636947 0.647738 0.0298694 0.000636947 0.0165819 0.0723894 0.0019657 
0.000890864 0.0593039 0.0213656 0.117115 0.000288668 0.000288668 0.0695413 0.0255809 0.00631063 0.00751503 0.0279897 0.253813 0.000288668 0.00209526 0.000288668 0.401352 0.000890864 0.00209526 0.00269745 0.000288668 
0.0141908 0.00104987 0.0207613 0.200355 0.00104987 0.00981052 0.00104987 0.00104987 0.00104987 0.00324003 0.00104987 0.0054302 0.00981052 0.0054302 0.559541 0.00104987 0.160932 0.00104987 0.00104987 0.00104987 
0.00268417 0.0642787 0.00828368 0.0866768 0.00268417 0.260261 0.00268417 0.00268417 0.00268417 0.0698782 0.00828368 0.00268417 0.00268417 0.00268417 0.310657 0.00268417 0.00268417 0.15947 0.00268417 0.00268417 
0.0124227 0.0901688 0.0124227 0.0383381 0.0383381 0.0124227 0.0124227 0.0383381 0.0124227 0.0383381 0.0124227 0.0124227 0.0124227 0.0124227 0.0124227 0.0124227 0.53073 0.0642534 0.0124227 0.0124227 
0.00143698 0.187295 0.0164256 0.154321 0.022421 0.0404073 0.0044347 0.00143698 0.0104301 0.00743241 0.00143698 0.00143698 0.00743241 0.0044347 0.0044347 0.373154 0.00143698 0.145327 0.0134278 0.00143698 
0.0372526 0.0927516 0.224562 0.222827 0.0251122 0.00256571 0.000831371 0.000831371 0.00430006 0.0320495 0.000831371 0.00776874 0.00256571 0.000831371 0.00256571 0.000831371 0.191609 0.0875485 0.0181748 0.04419 
0.00594832 0.167264 0.00594832 0.0183572 0.00594832 0.502305 0.0679929 0.00594832 0.00594832 0.00594832 0.0431751 0.00594832 0.0183572 0.00594832 0.00594832 0.00594832 0.0928108 0.0183572 0.00594832 0.00594832 
0.00095 0.379477 0.0108591 0.199132 0.00095 0.00293182 0.00095 0.00095 0.0286955 0.107968 0.0168045 0.00095 0.04455 0.0346409 0.00689545 0.00293182 0.00095 0.0544591 0.104005 0.00095 
0.00255539 0.0238788 0.0398714 0.199797 0.00255539 0.00255539 0.0292097 0.0345405 0.00255539 0.00255539 0.018548 0.00255539 0.00255539 0.0132171 0.00255539 0.125165 0.00788624 0.477002 0.00788624 0.00255539 
0.269909 0.0534319 0.0943513 0.0587119 0.0151525 0.0204324 0.00591266 0.000632743 0.000632743 0.046832 0.0204324 0.000632743 0.00459268 0.00459268 0.244829 0.0283523 0.0362722 0.0336322 0.0547519 0.00591266 
0.0159696 0.0547171 0.000807561 0.147374 0.00754625 0.440507 0.00417691 0.000807561 0.000807561 0.00249223 0.0126003 0.000807561 0.000807561 0.00249223 0.0816718 0.0614558 0.00923092 0.000807561 0.123789 0.0311317 
0.000514009 0.0412609 0.00373087 0.0562729 0.000514009 0.0090923 0.000514009 0.00802001 0.0219597 0.0423332 0.0090923 0.595633 0.030538 0.112032 0.00265858 0.000514009 0.000514009 0.000514009 0.0616343 0.00265858 
0.000686182 0.0150008 0.0107064 0.896781 0.000686182 0.000686182 0.000686182 0.00211764 0.00211764 0.00211764 0.000686182 0.000686182 0.00211764 0.0507873 0.000686182 0.000686182 0.000686182 0.00784349 0.0035491 0.000686182 
0.0234163 0.00322611 0.0301463 0.0705267 0.0907168 0.00995616 0.131097 0.0166862 0.00322611 0.00322611 0.00995616 0.0907168 0.00995616 0.110907 0.0436064 0.171478 0.0839868 0.00322611 0.0907168 0.00322611 
