0.002120 0.002120 0.474205 0.002120 0.000707 0.000707 0.002120 0.000707 0.000707 0.509541 0.000707 0.000707 0.000707 0.000707 0.002120 
0.000379 0.003410 0.499811 0.002653 0.000379 0.000379 0.000379 0.000379 0.000379 0.489200 0.000379 0.000379 0.000379 0.000379 0.001137 
0.000211 0.001475 0.441753 0.059617 0.000211 0.000211 0.001475 0.000211 0.006530 0.405519 0.000211 0.000211 0.000632 0.079840 0.001896 
0.000149 0.001042 0.372637 0.111210 0.000149 0.000149 0.000149 0.000149 0.059104 0.308620 0.000149 0.000149 0.000447 0.145452 0.000447 
0.000771 0.000330 0.282175 0.148079 0.012221 0.000110 0.053396 0.000110 0.118793 0.224705 0.000110 0.000330 0.000550 0.157987 0.000330 
0.000085 0.000085 0.222080 0.136213 0.056478 0.000767 0.107079 0.039100 0.128376 0.169776 0.000596 0.000256 0.000256 0.137746 0.001107 
0.000362 0.000362 0.174596 0.134912 0.082917 0.016873 0.110435 0.096242 0.102469 0.144036 0.000072 0.002679 0.000072 0.119560 0.014411 
0.009044 0.014720 0.149251 0.120470 0.089973 0.041521 0.099214 0.086936 0.099611 0.129051 0.001518 0.000066 0.000066 0.109248 0.049310 
0.041158 0.030117 0.135374 0.111207 0.083114 0.057106 0.097221 0.083850 0.085199 0.108753 0.000061 0.000307 0.008771 0.089738 0.068024 
0.065076 0.043331 0.107510 0.086716 0.058954 0.044281 0.072043 0.071199 0.062332 0.094421 0.039426 0.068349 0.046604 0.075210 0.064548 
0.065101 0.056907 0.093380 0.083987 0.062203 0.049613 0.072396 0.062703 0.060704 0.087684 0.046215 0.072695 0.051611 0.069298 0.065501 
0.065701 0.054409 0.096677 0.080590 0.065001 0.044317 0.064901 0.067100 0.062403 0.093980 0.047614 0.069398 0.058206 0.070597 0.059106 
0.073195 0.054709 0.094079 0.076792 0.062503 0.052810 0.070097 0.066000 0.056807 0.086385 0.042018 0.077792 0.057707 0.068998 0.060105 
0.062703 0.053910 0.096478 0.074994 0.067200 0.047514 0.074294 0.059505 0.062103 0.090682 0.050912 0.074094 0.051312 0.073895 0.060405 
0.061404 0.056608 0.092081 0.083787 0.056707 0.042018 0.068698 0.071097 0.060904 0.084686 0.046515 0.077692 0.052810 0.080090 0.064901 
0.061904 0.052111 0.091282 0.085686 0.058906 0.051312 0.068998 0.070297 0.059705 0.088883 0.042118 0.079091 0.053010 0.073595 0.063103 
0.058306 0.050212 0.095878 0.077692 0.061304 0.052710 0.061104 0.068798 0.064102 0.092780 0.049013 0.079690 0.048913 0.070697 0.068798 
0.067999 0.059006 0.098476 0.081889 0.060605 0.048614 0.064701 0.069198 0.057507 0.085486 0.045316 0.076992 0.049113 0.067200 0.067899 
0.070997 0.049213 0.100974 0.083787 0.060704 0.047914 0.064402 0.067899 0.058506 0.088384 0.050312 0.072396 0.058006 0.068998 0.057507 
0.059805 0.062703 0.096078 0.083587 0.065001 0.043817 0.063303 0.064102 0.066500 0.091581 0.046815 0.069298 0.058306 0.071097 0.058006 
0.064102 0.062603 0.091881 0.082788 0.057307 0.044217 0.064901 0.058806 0.066900 0.085186 0.050312 0.081989 0.056208 0.078591 0.054209 
0.067999 0.056508 0.092281 0.080789 0.060105 0.052011 0.070497 0.066900 0.066900 0.083088 0.052111 0.074894 0.049513 0.075993 0.050412 
0.063402 0.040320 0.094179 0.082888 0.064402 0.043817 0.070497 0.062003 0.065201 0.079790 0.047215 0.083387 0.059006 0.076992 0.066900 
0.069398 0.056108 0.096578 0.080490 0.059705 0.051911 0.063402 0.062403 0.055009 0.092680 0.051911 0.075393 0.047414 0.072496 0.065101 
0.067300 0.050112 0.092181 0.081889 0.067200 0.046215 0.067699 0.071396 0.059306 0.089483 0.047714 0.080689 0.047914 0.072096 0.058806 
0.071297 0.048314 0.098576 0.082188 0.060105 0.051511 0.067999 0.071396 0.061604 0.086085 0.046215 0.076293 0.053810 0.072496 0.052111 
0.063003 0.054309 0.098276 0.079890 0.058806 0.048014 0.066600 0.064202 0.057207 0.090182 0.044916 0.078591 0.052011 0.080889 0.063103 
0.059705 0.053610 0.099975 0.085386 0.061104 0.045416 0.066900 0.071496 0.051511 0.086685 0.053910 0.074194 0.059006 0.065901 0.065201 
0.064502 0.051811 0.091282 0.082088 0.060505 0.049313 0.070097 0.069798 0.056308 0.093280 0.046715 0.076393 0.053410 0.074494 0.060005 
0.058006 0.052511 0.099276 0.082388 0.062403 0.049013 0.063402 0.069398 0.067000 0.086985 0.046915 0.078391 0.056508 0.067200 0.060605 
0.065801 0.055808 0.089583 0.082788 0.059106 0.043517 0.067200 0.062503 0.069798 0.098376 0.046815 0.079590 0.050112 0.074094 0.054909 
0.069498 0.056807 0.090482 0.080689 0.065901 0.050312 0.070397 0.064801 0.065201 0.085586 0.048813 0.072396 0.051511 0.067200 0.060405 
0.066500 0.053310 0.101374 0.080989 0.060405 0.048614 0.072995 0.059006 0.058006 0.086185 0.057107 0.074394 0.051112 0.075194 0.054809 
0.066800 0.048414 0.092181 0.082788 0.065801 0.044517 0.069398 0.065501 0.067699 0.082788 0.050412 0.080989 0.055109 0.068998 0.058606 
0.063402 0.052611 0.099375 0.080490 0.059306 0.050612 0.071197 0.066400 0.061304 0.089083 0.047914 0.079690 0.051411 0.072396 0.054809 
0.059905 0.050212 0.090182 0.076692 0.060305 0.049713 0.077992 0.067799 0.072795 0.083188 0.041119 0.076293 0.054609 0.080789 0.058406 
0.067200 0.055608 0.095978 0.079390 0.059106 0.042718 0.069798 0.068299 0.059605 0.091182 0.057107 0.075194 0.053410 0.073495 0.051911 
0.066800 0.048114 0.094279 0.082788 0.066200 0.044017 0.064901 0.062103 0.063902 0.089183 0.048214 0.079191 0.054009 0.078591 0.057707 
0.063203 0.051811 0.100674 0.077892 0.059206 0.054609 0.065901 0.066800 0.066400 0.090282 0.047315 0.074794 0.049013 0.073695 0.058406 
0.067100 0.050412 0.093280 0.080989 0.060305 0.050012 0.068199 0.067100 0.061304 0.086385 0.048614 0.071996 0.052111 0.079690 0.062503 
0.063303 0.057107 0.095878 0.080989 0.066700 0.040719 0.065901 0.061004 0.064801 0.082788 0.048813 0.077892 0.058406 0.072296 0.063402 
0.057607 0.054709 0.097877 0.085286 0.068798 0.048913 0.066400 0.068698 0.063203 0.084087 0.048314 0.067699 0.056208 0.072995 0.059206 
0.064202 0.057907 0.095279 0.081289 0.065801 0.054009 0.063203 0.069298 0.053510 0.083887 0.051312 0.067200 0.054109 0.079790 0.059206 
0.059306 0.060804 0.090182 0.081789 0.067100 0.049313 0.072795 0.063502 0.061404 0.084886 0.046815 0.073695 0.050412 0.069898 0.068099 
0.067499 0.056608 0.096078 0.081089 0.068698 0.047914 0.076593 0.068698 0.065201 0.080989 0.046215 0.068898 0.049913 0.066800 0.058806 
0.068099 0.049613 0.097077 0.080889 0.059106 0.051811 0.067699 0.062203 0.062903 0.084786 0.048614 0.072895 0.055309 0.077792 0.061204 
0.066100 0.054209 0.089783 0.082888 0.065801 0.041919 0.069298 0.064801 0.062303 0.088484 0.051511 0.070997 0.056008 0.074194 0.061704 
0.057607 0.059805 0.094079 0.085586 0.060405 0.043218 0.072695 0.064502 0.063702 0.082188 0.050712 0.080789 0.044517 0.070497 0.069698 
0.064002 0.051811 0.095279 0.074494 0.065901 0.044017 0.072296 0.066800 0.056308 0.086885 0.052111 0.079191 0.055408 0.076593 0.058906 
0.071396 0.047115 0.095179 0.084886 0.062303 0.053510 0.063502 0.067300 0.058606 0.086885 0.049013 0.072895 0.051911 0.079690 0.055808 
0.066900 0.052111 0.096977 0.078791 0.059605 0.048414 0.073495 0.071396 0.060804 0.089783 0.049713 0.074194 0.054609 0.068798 0.054409 
0.061504 0.051312 0.096078 0.073995 0.061704 0.055009 0.066700 0.074694 0.055908 0.085086 0.052011 0.080290 0.050712 0.076692 0.058306 
0.066300 0.052011 0.096278 0.083687 0.066900 0.044017 0.064602 0.064801 0.064002 0.089183 0.042618 0.072096 0.055209 0.078691 0.059605 
0.060804 0.054409 0.095878 0.082188 0.063402 0.043717 0.071496 0.068599 0.059206 0.092381 0.047015 0.086185 0.044417 0.072096 0.058206 
0.064901 0.049513 0.093180 0.088184 0.068399 0.047914 0.074994 0.066100 0.052611 0.084187 0.048614 0.072496 0.063702 0.070297 0.054909 
0.066600 0.057607 0.097177 0.084886 0.061804 0.047914 0.060005 0.068499 0.059505 0.091581 0.052511 0.072296 0.047315 0.073195 0.059106 
0.059705 0.055708 0.092381 0.080090 0.068798 0.045716 0.070597 0.064302 0.064402 0.089683 0.047414 0.072296 0.051511 0.077292 0.060105 
0.069798 0.052511 0.101274 0.074294 0.065401 0.045316 0.067599 0.063602 0.059006 0.095478 0.047714 0.075194 0.051911 0.069798 0.061104 
0.061204 0.054409 0.099076 0.082388 0.067100 0.046215 0.063602 0.072296 0.061504 0.089983 0.045816 0.073495 0.049513 0.081889 0.051511 
0.066800 0.049413 0.103872 0.083288 0.054609 0.055908 0.064801 0.064701 0.058706 0.086785 0.055808 0.080390 0.045916 0.078591 0.050412 
0.069998 0.053310 0.092780 0.084087 0.068798 0.049513 0.063502 0.062403 0.062303 0.084487 0.048114 0.080989 0.046915 0.075294 0.057507 
0.067300 0.056408 0.098776 0.073295 0.067300 0.049513 0.069098 0.061704 0.059405 0.087784 0.046915 0.077292 0.053010 0.074794 0.057407 
0.062803 0.052311 0.100674 0.081789 0.063902 0.054109 0.072596 0.063802 0.064602 0.088084 0.052611 0.067799 0.046115 0.072795 0.056008 
0.069298 0.061004 0.091082 0.076792 0.062003 0.047914 0.062503 0.064901 0.062303 0.089883 0.048114 0.074294 0.052611 0.077492 0.059805 
0.072496 0.045516 0.094079 0.092980 0.059805 0.052111 0.074194 0.059905 0.061004 0.075893 0.049813 0.072196 0.055908 0.078691 0.055408 
0.064901 0.055508 0.090882 0.090082 0.062903 0.047614 0.067599 0.070797 0.056907 0.089183 0.047914 0.076593 0.048414 0.073595 0.057107 
0.063602 0.050512 0.093380 0.086285 0.060105 0.045116 0.064102 0.068898 0.057407 0.088883 0.054209 0.078891 0.058806 0.072196 0.057607 
0.064701 0.055408 0.094579 0.084287 0.062803 0.050512 0.064402 0.068199 0.061604 0.086585 0.049813 0.073295 0.051911 0.071896 0.060005 
0.060505 0.061204 0.092980 0.074594 0.056108 0.051711 0.072496 0.068698 0.066200 0.089783 0.049013 0.075393 0.053310 0.072995 0.055009 
0.064901 0.052710 0.087784 0.081589 0.064102 0.045916 0.067599 0.068998 0.064202 0.086585 0.049713 0.073895 0.053510 0.076293 0.062203 
0.054809 0.051611 0.097377 0.076293 0.065001 0.049713 0.072995 0.068399 0.069998 0.091082 0.050812 0.076393 0.050312 0.066100 0.059106 
0.063203 0.055708 0.089983 0.088384 0.066300 0.043817 0.068399 0.062403 0.064502 0.089383 0.050012 0.080789 0.050412 0.067899 0.058806 
0.058006 0.056707 0.087584 0.080889 0.066800 0.052111 0.065801 0.074494 0.059006 0.088084 0.047614 0.071896 0.054209 0.076792 0.060005 
0.062103 0.057307 0.106770 0.075593 0.061604 0.048514 0.063902 0.065701 0.057707 0.091581 0.049713 0.079490 0.049013 0.074194 0.056807 
0.077392 0.052611 0.095978 0.073295 0.069898 0.038621 0.067699 0.070097 0.060405 0.085186 0.048614 0.073595 0.057707 0.070497 0.058406 
0.072096 0.049213 0.095478 0.083787 0.055508 0.048114 0.066500 0.066700 0.063602 0.085586 0.055009 0.068099 0.050312 0.077792 0.062203 
0.073295 0.052810 0.095578 0.078591 0.066900 0.045816 0.067999 0.067100 0.053810 0.081889 0.052810 0.075693 0.056408 0.071496 0.059805 
0.063702 0.053110 0.094479 0.082688 0.063502 0.046015 0.063402 0.071696 0.054409 0.083487 0.053410 0.073795 0.051811 0.081089 0.063402 
0.067799 0.053810 0.090082 0.086585 0.056308 0.051811 0.065101 0.066600 0.060704 0.086185 0.047414 0.081889 0.057907 0.071496 0.056308 
0.064002 0.051411 0.096977 0.080390 0.060005 0.048314 0.068199 0.071596 0.065901 0.083188 0.043917 0.077692 0.053310 0.076692 0.058406 
0.064202 0.051611 0.105771 0.076493 0.058406 0.036523 0.072396 0.068998 0.061304 0.092780 0.049413 0.072895 0.054709 0.076493 0.058006 
0.065801 0.058206 0.095279 0.075393 0.059306 0.043118 0.067000 0.062303 0.063103 0.095478 0.048314 0.076293 0.056008 0.078191 0.056208 
0.066500 0.053810 0.095878 0.082688 0.062103 0.051012 0.063802 0.067000 0.065101 0.088184 0.049913 0.073795 0.053910 0.072795 0.053510 
0.070997 0.052111 0.089983 0.083987 0.064202 0.052710 0.077292 0.064002 0.065501 0.074894 0.049913 0.071696 0.045716 0.072995 0.064002 
0.061904 0.050312 0.099575 0.079091 0.063402 0.050812 0.064402 0.064801 0.060704 0.088983 0.051012 0.076692 0.058606 0.076892 0.052810 
0.067799 0.055808 0.100375 0.078891 0.062203 0.046715 0.067300 0.063502 0.058006 0.090882 0.045716 0.078791 0.054109 0.071496 0.058406 
0.063402 0.056608 0.092880 0.076892 0.068998 0.054109 0.069298 0.057607 0.059805 0.091881 0.048514 0.076892 0.054509 0.068898 0.059705 
0.070297 0.051711 0.092980 0.079990 0.066100 0.054109 0.064202 0.064402 0.064302 0.086685 0.054009 0.072695 0.051112 0.069998 0.057407 
0.067399 0.045016 0.096078 0.082988 0.061004 0.049813 0.065701 0.068199 0.065801 0.086385 0.048813 0.077792 0.049313 0.072795 0.062903 
0.055708 0.049013 0.095279 0.085586 0.066800 0.047015 0.070497 0.065501 0.067899 0.089483 0.043517 0.077492 0.053310 0.069698 0.063203 
0.061404 0.050612 0.095478 0.079191 0.056508 0.050412 0.069598 0.069098 0.066500 0.095378 0.048813 0.076792 0.051911 0.070397 0.057907 
0.059805 0.054609 0.098976 0.074494 0.065701 0.051511 0.070697 0.070697 0.057207 0.089583 0.044916 0.078191 0.049313 0.075993 0.058306 
0.066800 0.045016 0.095378 0.090082 0.065001 0.052611 0.058306 0.064302 0.058606 0.088584 0.049113 0.073795 0.057607 0.078791 0.056008 
0.061404 0.060605 0.089183 0.072895 0.066500 0.054809 0.064701 0.063103 0.068199 0.085086 0.045616 0.070797 0.052211 0.084587 0.060305 
0.065401 0.056208 0.089583 0.087784 0.063402 0.045316 0.063402 0.068798 0.059505 0.093580 0.042718 0.074194 0.055109 0.068798 0.066200 
0.065001 0.054409 0.092081 0.081389 0.057307 0.054709 0.067799 0.067799 0.063802 0.087085 0.043318 0.077192 0.047714 0.077392 0.063003 
0.067300 0.052910 0.100974 0.079291 0.060605 0.049713 0.068099 0.067100 0.065201 0.081989 0.048214 0.071996 0.050112 0.077992 0.058506 
0.067200 0.057207 0.098376 0.085686 0.060904 0.050512 0.066200 0.069498 0.055209 0.084587 0.038621 0.073495 0.050612 0.076493 0.065401 
0.061804 0.051411 0.092980 0.080989 0.060704 0.052211 0.068199 0.065901 0.066200 0.092880 0.049513 0.074494 0.050112 0.072196 0.060405 
0.063902 0.057007 0.093780 0.079590 0.066500 0.056807 0.068898 0.068998 0.054409 0.084487 0.047814 0.079291 0.044317 0.079890 0.054309 
0.061404 0.055309 0.087584 0.075493 0.061004 0.043617 0.066100 0.067599 0.075294 0.088883 0.048614 0.080789 0.058606 0.073295 0.056408 
0.056508 0.050012 0.097477 0.082688 0.066800 0.041219 0.068599 0.065301 0.063902 0.087684 0.054909 0.076293 0.050212 0.076193 0.062203 
0.064502 0.055708 0.098576 0.076293 0.057907 0.043018 0.071097 0.072496 0.060405 0.088484 0.047814 0.081089 0.051711 0.073495 0.057407 
0.056408 0.054309 0.092281 0.077992 0.058806 0.049213 0.075393 0.066500 0.065301 0.094279 0.049713 0.080090 0.051411 0.070697 0.057607 
0.068499 0.052311 0.098576 0.085686 0.063203 0.047115 0.065101 0.062203 0.056008 0.090582 0.055708 0.079490 0.045116 0.067100 0.063303 
0.065301 0.053910 0.093180 0.079990 0.069498 0.044117 0.065101 0.066000 0.069198 0.090782 0.050812 0.069098 0.050912 0.079091 0.053010 
0.060505 0.055608 0.095179 0.089483 0.059006 0.046515 0.073295 0.064901 0.059006 0.089283 0.053110 0.072196 0.058606 0.069398 0.053910 
0.071496 0.060205 0.087085 0.075993 0.064102 0.048214 0.069098 0.068399 0.061604 0.087085 0.053410 0.080090 0.047614 0.073695 0.051911 
0.058306 0.048514 0.098076 0.080490 0.068499 0.047814 0.073695 0.067999 0.060904 0.089483 0.053810 0.075593 0.049913 0.069098 0.057807 
0.065401 0.050312 0.092880 0.077192 0.062303 0.045616 0.067200 0.063402 0.067499 0.091981 0.050512 0.075893 0.053410 0.076692 0.059705 
0.066000 0.055808 0.093080 0.083787 0.059905 0.053110 0.062403 0.071796 0.064602 0.087484 0.049813 0.071996 0.050412 0.079191 0.050612 
0.064701 0.051711 0.099975 0.088983 0.062603 0.048713 0.068499 0.066000 0.057807 0.078591 0.053210 0.073695 0.051411 0.076792 0.057307 
0.062103 0.057507 0.099176 0.078091 0.058606 0.047315 0.060205 0.072296 0.059805 0.093180 0.052311 0.077292 0.055708 0.075294 0.051112 
0.070697 0.056508 0.095179 0.078591 0.067000 0.043417 0.071896 0.066600 0.061504 0.086585 0.047215 0.073895 0.040020 0.083987 0.056907 
0.059206 0.051511 0.092880 0.081989 0.060005 0.046915 0.064302 0.069498 0.059106 0.091781 0.053410 0.072695 0.052910 0.078591 0.065201 
0.063303 0.048214 0.094979 0.072596 0.065101 0.052211 0.070397 0.063602 0.064102 0.083587 0.048314 0.077992 0.056308 0.073895 0.065401 
0.060605 0.056907 0.101174 0.081689 0.065201 0.037322 0.063402 0.064402 0.059905 0.084686 0.054109 0.075493 0.052411 0.080090 0.062603 
0.065001 0.051212 0.089983 0.086185 0.063303 0.047714 0.079690 0.070097 0.058606 0.081489 0.051411 0.073995 0.052411 0.070897 0.058006 
0.064502 0.056108 0.092481 0.079291 0.063303 0.046615 0.069498 0.070897 0.061604 0.084287 0.046115 0.075693 0.050112 0.081689 0.057807 
0.072396 0.052311 0.090882 0.088783 0.061504 0.048713 0.066200 0.067899 0.067899 0.089683 0.045716 0.067699 0.049013 0.069998 0.061304 
0.068199 0.048214 0.096777 0.083487 0.057407 0.051212 0.071596 0.062303 0.055808 0.087085 0.050412 0.075194 0.053910 0.074394 0.064002 
0.064402 0.057907 0.093780 0.081789 0.063702 0.046415 0.064202 0.069598 0.057307 0.092680 0.054209 0.077792 0.047614 0.069498 0.059106 
0.063602 0.054409 0.097377 0.082688 0.066100 0.050012 0.061904 0.069998 0.059905 0.079690 0.048614 0.079890 0.055908 0.074294 0.055608 
0.065301 0.054209 0.094379 0.080889 0.062003 0.042518 0.072596 0.074194 0.058806 0.090882 0.045716 0.081189 0.045816 0.075194 0.056308 
0.063303 0.053510 0.095378 0.080290 0.065501 0.049713 0.065801 0.063702 0.065001 0.088683 0.050012 0.075593 0.049513 0.072296 0.061704 
0.061404 0.056008 0.089683 0.080989 0.063103 0.047514 0.071996 0.062703 0.058306 0.092581 0.052111 0.081889 0.048114 0.072196 0.061404 
0.063203 0.053410 0.097077 0.084587 0.065301 0.050912 0.067699 0.063203 0.055608 0.089383 0.046015 0.079291 0.046015 0.076293 0.062003 
0.062003 0.052810 0.100275 0.083288 0.059705 0.047814 0.062403 0.072596 0.060605 0.084587 0.042618 0.079590 0.044916 0.087484 0.059306 
0.065501 0.051511 0.103872 0.079890 0.061904 0.048414 0.065401 0.068698 0.057307 0.087484 0.048414 0.074194 0.051811 0.077092 0.058506 
0.064102 0.052710 0.103772 0.081489 0.059905 0.045616 0.072895 0.068798 0.061704 0.083887 0.047414 0.074694 0.055708 0.075094 0.052211 
0.070497 0.057807 0.091681 0.077092 0.058706 0.040620 0.071297 0.066900 0.064701 0.091781 0.050712 0.067899 0.059805 0.076393 0.054109 
0.069298 0.049213 0.101974 0.080590 0.061304 0.050512 0.065001 0.065001 0.061404 0.089583 0.050412 0.073995 0.051611 0.073295 0.056807 
0.065901 0.050512 0.095678 0.082288 0.061904 0.043218 0.071796 0.070397 0.062603 0.090882 0.045616 0.079590 0.052810 0.068898 0.057907 
0.061304 0.055109 0.097177 0.084287 0.063203 0.044617 0.063203 0.069398 0.063003 0.083088 0.054909 0.076393 0.050612 0.075593 0.058106 
0.063502 0.056308 0.095179 0.077492 0.058806 0.051012 0.069498 0.063203 0.065701 0.089583 0.051012 0.076193 0.054809 0.076293 0.051411 
0.060605 0.053810 0.097477 0.080989 0.064102 0.053610 0.069898 0.063602 0.057107 0.092880 0.046215 0.076593 0.050312 0.071796 0.061004 
0.066200 0.047714 0.100774 0.082088 0.059705 0.051411 0.068898 0.067599 0.061504 0.087484 0.048314 0.076293 0.048713 0.073395 0.059905 
0.064701 0.055309 0.093080 0.080190 0.054809 0.056707 0.064202 0.067599 0.067200 0.090782 0.044317 0.072795 0.054409 0.073595 0.060305 
0.068698 0.048913 0.096278 0.079790 0.062803 0.049913 0.072296 0.076593 0.060505 0.092281 0.048713 0.073395 0.046715 0.070997 0.052111 
0.064502 0.057207 0.094879 0.086885 0.066700 0.048314 0.072995 0.065001 0.053610 0.085986 0.049313 0.071097 0.049313 0.076093 0.058106 
0.063203 0.054009 0.091581 0.079390 0.061304 0.044417 0.066900 0.065801 0.063402 0.087484 0.046015 0.085686 0.053210 0.077992 0.059605 
0.058406 0.052810 0.091981 0.082588 0.063802 0.047914 0.062103 0.071996 0.061504 0.090782 0.049713 0.076992 0.057507 0.073095 0.058806 
0.069698 0.055109 0.092980 0.090882 0.063303 0.043617 0.065801 0.070797 0.062703 0.088384 0.048314 0.079490 0.047614 0.070697 0.050612 
0.064502 0.058006 0.097477 0.081789 0.061804 0.037622 0.070097 0.070297 0.058606 0.087285 0.050412 0.079790 0.045516 0.077992 0.058806 
0.065101 0.054209 0.096178 0.085386 0.060804 0.049213 0.070097 0.066700 0.066100 0.081389 0.045516 0.078191 0.054409 0.072096 0.054609 
0.062403 0.057607 0.093380 0.082888 0.058406 0.051711 0.066800 0.064801 0.053310 0.086685 0.049513 0.078491 0.053010 0.080789 0.060205 
0.069598 0.050312 0.095079 0.082288 0.053510 0.052910 0.064602 0.068499 0.060305 0.087784 0.054509 0.073495 0.054309 0.081089 0.051711 
0.066300 0.061204 0.093880 0.077792 0.066400 0.053710 0.063303 0.061704 0.059505 0.083887 0.051312 0.076393 0.045516 0.082188 0.056907 
0.059705 0.053310 0.092081 0.088384 0.065201 0.054709 0.063902 0.061004 0.064602 0.095279 0.052710 0.073195 0.047414 0.074994 0.053510 
0.064701 0.051212 0.089883 0.089583 0.065501 0.053710 0.056508 0.066900 0.065701 0.090282 0.052011 0.078491 0.052511 0.062503 0.060505 
0.063103 0.059905 0.095678 0.076093 0.057907 0.052211 0.072695 0.068299 0.063602 0.081489 0.049513 0.072096 0.051811 0.076493 0.059106 
0.062603 0.050312 0.091881 0.076692 0.059605 0.050112 0.070597 0.068499 0.063802 0.090482 0.052311 0.072795 0.054009 0.073495 0.062803 
0.067699 0.060904 0.095279 0.080290 0.062203 0.046115 0.067599 0.064701 0.058106 0.087484 0.047814 0.077992 0.051212 0.075094 0.057507 
0.065001 0.048014 0.090582 0.086785 0.057507 0.049113 0.072596 0.069998 0.057807 0.089283 0.050012 0.076992 0.052910 0.071996 0.061404 
0.061404 0.058006 0.094779 0.083887 0.062603 0.053210 0.071396 0.064701 0.054509 0.090182 0.047015 0.075294 0.056108 0.069498 0.057407 
0.065801 0.060405 0.094179 0.086685 0.058206 0.050912 0.062103 0.067499 0.065901 0.090082 0.051611 0.077192 0.041919 0.072995 0.054509 
0.068399 0.056608 0.081689 0.082488 0.064202 0.048514 0.075993 0.057407 0.059006 0.087384 0.045716 0.078691 0.051711 0.073495 0.068698 
0.065701 0.052910 0.092081 0.082888 0.060405 0.053610 0.065101 0.068898 0.059405 0.090282 0.053510 0.072296 0.043817 0.077892 0.061204 
0.060505 0.057907 0.097577 0.077692 0.064402 0.043018 0.070997 0.066600 0.056408 0.088983 0.052910 0.074694 0.056907 0.074994 0.056408 
0.061804 0.059306 0.097277 0.080889 0.065601 0.051611 0.068399 0.065801 0.054209 0.091981 0.046515 0.077992 0.049713 0.071896 0.057007 
0.064402 0.048813 0.100175 0.085486 0.066100 0.050712 0.062403 0.064901 0.063702 0.085186 0.058206 0.070897 0.050212 0.073995 0.054809 
0.059106 0.057807 0.086385 0.081489 0.069098 0.053710 0.071297 0.061304 0.064701 0.084487 0.045016 0.079291 0.048713 0.076493 0.061104 
0.058406 0.059106 0.093280 0.075194 0.065201 0.046615 0.067799 0.068599 0.055708 0.091881 0.053410 0.079690 0.050212 0.070897 0.064002 
0.060904 0.061504 0.093080 0.077392 0.059306 0.052611 0.068698 0.066600 0.058606 0.094879 0.047714 0.076493 0.048314 0.072596 0.061304 
0.065401 0.053110 0.096078 0.084986 0.064402 0.050712 0.066600 0.064901 0.058406 0.089383 0.046115 0.081089 0.054309 0.075493 0.049013 
0.064901 0.062103 0.095578 0.087584 0.066100 0.050612 0.062303 0.059705 0.056308 0.080989 0.046415 0.074994 0.058106 0.076792 0.057507 
0.064602 0.051911 0.089383 0.083787 0.069198 0.049313 0.069598 0.060305 0.056907 0.089083 0.049113 0.076293 0.053810 0.074494 0.062203 
0.063702 0.054109 0.096677 0.076593 0.055109 0.053510 0.063402 0.073595 0.066900 0.085086 0.049213 0.073395 0.049813 0.079790 0.059106 
0.065701 0.052311 0.094979 0.088983 0.066400 0.052910 0.076093 0.061804 0.061404 0.090182 0.048014 0.073695 0.049413 0.067499 0.050612 
0.060005 0.051611 0.089183 0.083387 0.059006 0.049713 0.072895 0.072895 0.057407 0.088084 0.047015 0.083787 0.050412 0.079490 0.055109 
0.072695 0.050112 0.090582 0.081089 0.066700 0.043517 0.061804 0.069598 0.061304 0.086985 0.049313 0.073295 0.051212 0.080290 0.061504 
0.063103 0.059505 0.088084 0.078691 0.058906 0.053410 0.064701 0.073495 0.062303 0.083088 0.050012 0.074794 0.048314 0.077092 0.064502 
0.071396 0.056008 0.094779 0.072695 0.058906 0.048514 0.069098 0.070797 0.062103 0.088084 0.052311 0.075593 0.052810 0.073395 0.053510 
0.065101 0.042618 0.105371 0.082788 0.061304 0.052810 0.070097 0.063103 0.064701 0.090082 0.049613 0.077792 0.044816 0.068599 0.061204 
0.063402 0.048414 0.096977 0.085086 0.059705 0.045616 0.065401 0.068399 0.060804 0.093080 0.050012 0.076093 0.054309 0.075893 0.056807 
0.068898 0.053810 0.087285 0.092481 0.060605 0.047015 0.068599 0.064701 0.059206 0.090082 0.048913 0.077292 0.047414 0.073295 0.060405 
0.058506 0.050012 0.088284 0.091282 0.063702 0.055808 0.076193 0.071297 0.054609 0.079390 0.055408 0.078791 0.044517 0.076792 0.055408 
0.061804 0.052311 0.102273 0.081889 0.058106 0.043417 0.069198 0.066400 0.055708 0.092081 0.054409 0.074394 0.055708 0.072496 0.059805 
0.067699 0.056508 0.098276 0.082588 0.055209 0.051711 0.067399 0.068998 0.058906 0.079191 0.050112 0.075693 0.054509 0.070597 0.062603 
0.063203 0.054809 0.092481 0.080689 0.064502 0.048813 0.067200 0.068199 0.057507 0.087185 0.049913 0.080290 0.054109 0.074794 0.056308 
0.064701 0.061604 0.087584 0.081789 0.064901 0.046915 0.065201 0.066500 0.067899 0.077492 0.043517 0.077892 0.053710 0.075393 0.064901 
0.064801 0.052611 0.096777 0.077292 0.062403 0.048214 0.077092 0.064502 0.059405 0.085786 0.046215 0.077592 0.052311 0.078091 0.056907 
0.072695 0.050212 0.092381 0.087484 0.061904 0.050112 0.066900 0.073095 0.062303 0.080190 0.043517 0.080190 0.043517 0.070997 0.064502 
0.069198 0.054209 0.095778 0.075993 0.059605 0.043417 0.075693 0.066600 0.063402 0.087185 0.053710 0.079091 0.046015 0.073795 0.056308 
0.059605 0.047315 0.092780 0.079291 0.066600 0.047015 0.075094 0.065501 0.061804 0.090882 0.045516 0.071796 0.058906 0.074794 0.063103 
0.066000 0.052511 0.094579 0.079291 0.063902 0.057707 0.067200 0.064701 0.066200 0.082488 0.052311 0.074194 0.047614 0.073695 0.057607 
0.058806 0.051312 0.087684 0.091781 0.059905 0.052710 0.067499 0.060605 0.055408 0.095878 0.049013 0.075893 0.053610 0.076992 0.062903 
0.071696 0.056807 0.093580 0.083787 0.061804 0.045216 0.072396 0.067899 0.057907 0.083088 0.053210 0.075893 0.044617 0.071796 0.060305 
0.067899 0.046115 0.093980 0.085086 0.065101 0.044916 0.060904 0.068399 0.067899 0.087085 0.053710 0.074394 0.049813 0.077592 0.057107 
0.067200 0.058806 0.087884 0.085686 0.065301 0.041719 0.065801 0.064502 0.062903 0.089483 0.044816 0.069698 0.056408 0.074894 0.064901 
0.062103 0.052311 0.097877 0.086585 0.058906 0.050912 0.070097 0.069798 0.057407 0.082888 0.049413 0.072596 0.054409 0.074394 0.060305 
0.059705 0.046615 0.099276 0.076493 0.064701 0.050512 0.064701 0.073795 0.062103 0.088484 0.052011 0.080989 0.054509 0.067399 0.058706 
0.059206 0.054109 0.090982 0.084187 0.060305 0.048614 0.074794 0.070497 0.060904 0.083687 0.050012 0.075194 0.048214 0.078691 0.060605 
0.075693 0.057607 0.092880 0.076493 0.064901 0.050612 0.062303 0.061704 0.058606 0.087784 0.051411 0.074994 0.051811 0.076992 0.056208 
0.061204 0.052910 0.097777 0.082288 0.065001 0.044617 0.066900 0.066100 0.056308 0.080689 0.049913 0.078491 0.053010 0.078291 0.066500 
0.063902 0.043417 0.096378 0.083587 0.056807 0.049913 0.074694 0.057407 0.066200 0.088184 0.053710 0.079590 0.049213 0.074494 0.062503 
0.060405 0.051212 0.097577 0.077792 0.055408 0.053910 0.063203 0.068099 0.063203 0.087285 0.049713 0.075893 0.055009 0.078691 0.062603 
0.067899 0.052511 0.097377 0.077792 0.068898 0.043717 0.074094 0.064302 0.065801 0.082488 0.046015 0.071396 0.052810 0.078391 0.056508 
0.066100 0.056707 0.092181 0.075194 0.065201 0.048713 0.065701 0.070897 0.063303 0.086085 0.042718 0.075294 0.055708 0.074994 0.061204 
0.070897 0.052810 0.093880 0.072396 0.061704 0.040320 0.061704 0.067200 0.065701 0.089383 0.049313 0.079191 0.051911 0.077292 0.066300 
0.062803 0.044816 0.099875 0.082888 0.066600 0.050112 0.064202 0.068698 0.063203 0.090982 0.056408 0.075993 0.053010 0.063303 0.057107 
0.060804 0.055209 0.100874 0.083288 0.057707 0.057107 0.063502 0.069998 0.059106 0.079990 0.051312 0.080789 0.053010 0.075893 0.051411 
0.069798 0.057007 0.099675 0.078691 0.059306 0.046615 0.067599 0.065101 0.056408 0.089283 0.050612 0.067599 0.050112 0.080689 0.061504 
0.070397 0.051411 0.104072 0.080989 0.060205 0.047814 0.066700 0.066500 0.063602 0.086585 0.042918 0.074994 0.051212 0.077192 0.055408 
0.062503 0.051312 0.096078 0.083088 0.068299 0.050112 0.070497 0.075094 0.055309 0.088484 0.043018 0.075393 0.051711 0.073295 0.055808 
0.063702 0.053710 0.089983 0.078191 0.071197 0.049713 0.070297 0.070797 0.058806 0.089183 0.050312 0.077892 0.047414 0.068399 0.060405 
0.063402 0.054609 0.093780 0.079890 0.066800 0.047814 0.068299 0.073295 0.054409 0.086985 0.051611 0.074194 0.052710 0.075493 0.056707 
0.062503 0.055009 0.087584 0.082288 0.059006 0.050512 0.068599 0.072695 0.058106 0.096278 0.049213 0.073395 0.051012 0.073295 0.060505 
0.062803 0.053810 0.092481 0.086585 0.064801 0.050712 0.066400 0.070797 0.059306 0.082788 0.049913 0.078491 0.053610 0.070897 0.056608 
0.063902 0.056508 0.091282 0.084886 0.068599 0.050412 0.071396 0.076193 0.054209 0.083088 0.042918 0.074794 0.047614 0.074694 0.059505 
0.060904 0.040420 0.103273 0.083487 0.061404 0.051611 0.067899 0.066900 0.058506 0.095079 0.045416 0.073495 0.058206 0.076892 0.056508 
0.060804 0.052710 0.102873 0.089283 0.060005 0.044217 0.073195 0.066800 0.058806 0.085486 0.047914 0.075793 0.050912 0.069998 0.061204 
0.069398 0.058006 0.091182 0.079490 0.062803 0.047614 0.068499 0.069398 0.055608 0.090082 0.045916 0.081489 0.050312 0.071097 0.059106 
0.059505 0.048114 0.099975 0.087884 0.062403 0.048913 0.066100 0.062903 0.063502 0.087185 0.055009 0.080190 0.052511 0.072096 0.053710 
0.063602 0.051112 0.090482 0.086885 0.072596 0.047914 0.066900 0.068299 0.060405 0.082088 0.050112 0.076193 0.053910 0.068299 0.061204 
0.064102 0.059206 0.090182 0.076193 0.068199 0.045616 0.071097 0.066700 0.065701 0.087584 0.047814 0.077192 0.050912 0.071396 0.058106 
0.068998 0.055309 0.094679 0.082588 0.065801 0.046315 0.065701 0.070797 0.057207 0.083687 0.044417 0.077392 0.050812 0.071197 0.065101 
0.064302 0.056008 0.088384 0.071896 0.064701 0.048614 0.067899 0.069598 0.062503 0.092680 0.044816 0.073295 0.057007 0.073695 0.064602 
0.061004 0.057207 0.096677 0.079191 0.063702 0.050912 0.069898 0.073895 0.052910 0.084287 0.046715 0.072795 0.052011 0.080190 0.058606 
0.060804 0.052311 0.098176 0.079790 0.065601 0.045016 0.062103 0.068898 0.066100 0.093580 0.049913 0.082788 0.052910 0.070197 0.051811 
0.062603 0.056208 0.088683 0.084287 0.063702 0.048214 0.066700 0.075893 0.059605 0.087285 0.048014 0.079790 0.052710 0.075094 0.051212 
0.059705 0.051312 0.095378 0.086485 0.062603 0.044117 0.070897 0.065401 0.065801 0.093380 0.050012 0.070197 0.052710 0.070697 0.061304 
0.070197 0.057707 0.094779 0.075593 0.058606 0.050312 0.072895 0.068998 0.063402 0.089983 0.045816 0.080290 0.044617 0.071396 0.055408 
0.064402 0.053810 0.095478 0.082888 0.057707 0.051212 0.076493 0.067699 0.059905 0.088584 0.048214 0.073095 0.056008 0.069698 0.054809 
0.064701 0.057807 0.092281 0.078691 0.066500 0.045716 0.068599 0.075393 0.059705 0.089283 0.047015 0.070197 0.058106 0.071896 0.054109 
0.063602 0.049613 0.087884 0.078991 0.055708 0.056807 0.076593 0.064102 0.064202 0.077892 0.053010 0.073795 0.057507 0.080390 0.059905 
0.063602 0.051711 0.099575 0.081489 0.053610 0.050712 0.069398 0.060205 0.058806 0.087384 0.048813 0.083288 0.047614 0.080490 0.063303 
0.058206 0.056707 0.092481 0.082788 0.054309 0.043517 0.067499 0.065801 0.063003 0.095279 0.049713 0.074794 0.060105 0.079590 0.056208 
0.060105 0.047015 0.101074 0.082588 0.057607 0.054909 0.070297 0.064302 0.059505 0.084487 0.052311 0.073695 0.050912 0.079191 0.062003 
0.063402 0.052511 0.088883 0.089183 0.066700 0.048214 0.064901 0.066600 0.060105 0.083587 0.046215 0.077892 0.053410 0.076692 0.061704 
0.064701 0.054609 0.099276 0.082088 0.058406 0.046915 0.067000 0.065201 0.059905 0.088184 0.057107 0.072096 0.053610 0.074794 0.056108 
0.066900 0.058206 0.095179 0.081489 0.061504 0.054109 0.059306 0.059905 0.060505 0.087384 0.055808 0.076992 0.049313 0.076193 0.057207 
0.057607 0.048114 0.088184 0.090782 0.060704 0.052211 0.074794 0.060205 0.058106 0.091981 0.050812 0.073595 0.055608 0.076593 0.060704 
0.066400 0.059106 0.093080 0.077792 0.057807 0.047115 0.074994 0.066200 0.064002 0.092980 0.045416 0.074494 0.051312 0.070297 0.059006 
0.059505 0.053010 0.088883 0.079191 0.073795 0.044816 0.069198 0.058906 0.063203 0.090282 0.047914 0.082188 0.046015 0.084187 0.058906 
0.059206 0.043118 0.100175 0.083987 0.060405 0.048314 0.067599 0.067999 0.056608 0.091981 0.051112 0.082688 0.047814 0.079390 0.059605 
0.061904 0.057607 0.093480 0.083587 0.061104 0.047814 0.069298 0.069198 0.058506 0.079390 0.051911 0.076792 0.057607 0.072995 0.058806 
0.062003 0.050112 0.100475 0.079390 0.062703 0.048414 0.065001 0.065601 0.067000 0.085386 0.051511 0.078791 0.054409 0.079291 0.049913 
0.061004 0.054609 0.098076 0.088584 0.067100 0.040120 0.068499 0.067999 0.063902 0.092081 0.051012 0.075094 0.049213 0.071496 0.051212 
0.063003 0.047514 0.088284 0.080490 0.070997 0.044317 0.075094 0.071996 0.061004 0.090382 0.049613 0.079291 0.046515 0.072995 0.058506 
0.070197 0.047814 0.096178 0.078691 0.065101 0.047814 0.067699 0.068798 0.061804 0.084986 0.052611 0.071197 0.054409 0.074494 0.058206 
0.061404 0.049113 0.091082 0.083487 0.065401 0.044117 0.075294 0.071796 0.063303 0.084487 0.048114 0.076193 0.054009 0.072296 0.059905 
0.063702 0.053410 0.093580 0.078991 0.060605 0.048314 0.068998 0.065301 0.053410 0.089483 0.054109 0.079590 0.059905 0.069898 0.060704 
0.073795 0.046115 0.104072 0.076393 0.060405 0.041519 0.068898 0.077592 0.058806 0.089283 0.050312 0.076093 0.049713 0.073095 0.053910 
0.066000 0.047414 0.093280 0.082888 0.065401 0.048414 0.070097 0.065201 0.060505 0.086685 0.051112 0.078291 0.055109 0.068599 0.061004 
0.064402 0.054609 0.091082 0.090982 0.062703 0.047315 0.070297 0.069598 0.060904 0.085886 0.050712 0.075993 0.050212 0.070897 0.054409 
0.063802 0.051611 0.099176 0.082988 0.063502 0.047015 0.071297 0.076393 0.052910 0.078091 0.051611 0.077192 0.049613 0.081789 0.053010 
0.060904 0.053010 0.101874 0.074794 0.063402 0.053010 0.062003 0.067499 0.066400 0.082988 0.047015 0.077792 0.050812 0.076593 0.061904 
0.066700 0.061204 0.099575 0.077292 0.061304 0.050612 0.069498 0.063702 0.064602 0.085186 0.049913 0.071596 0.046115 0.072296 0.060405 
0.065801 0.052211 0.093780 0.076792 0.060105 0.049213 0.071496 0.065701 0.059705 0.091981 0.048214 0.082188 0.048713 0.081389 0.052710 
0.070097 0.053610 0.103173 0.081789 0.064402 0.052910 0.064901 0.070397 0.060105 0.080889 0.047215 0.069098 0.050112 0.078691 0.052611 
0.069398 0.058706 0.091082 0.085886 0.056308 0.053210 0.065801 0.066200 0.059306 0.090882 0.047814 0.071996 0.048014 0.073395 0.062003 
0.059905 0.056807 0.085486 0.088683 0.058206 0.049313 0.066700 0.068798 0.057607 0.095878 0.052810 0.078091 0.052211 0.079690 0.049813 
0.062503 0.053810 0.093280 0.087085 0.066700 0.043218 0.076892 0.068399 0.062703 0.081789 0.047015 0.068798 0.051012 0.074294 0.062503 
0.059006 0.057307 0.100774 0.087584 0.062403 0.048214 0.068599 0.063402 0.059605 0.090282 0.044816 0.078591 0.047115 0.069298 0.063003 
0.054809 0.050712 0.097077 0.082188 0.064102 0.046415 0.072496 0.062703 0.059306 0.088084 0.049813 0.079191 0.056508 0.075893 0.060704 
0.067699 0.054409 0.090582 0.073695 0.057407 0.053810 0.069398 0.068399 0.057007 0.084287 0.048414 0.071996 0.055808 0.080889 0.066200 
0.066600 0.049913 0.086585 0.076193 0.069098 0.048114 0.067499 0.069798 0.064901 0.101774 0.046815 0.073595 0.053110 0.075893 0.050112 
0.068998 0.055608 0.094179 0.090682 0.060305 0.044916 0.062703 0.064202 0.066200 0.083487 0.051312 0.075693 0.052211 0.075493 0.054009 
0.065401 0.060205 0.090382 0.082388 0.058206 0.051711 0.078891 0.068898 0.058906 0.081389 0.050012 0.076892 0.049413 0.071996 0.055309 
0.064701 0.051911 0.098376 0.076692 0.062903 0.049413 0.072895 0.072396 0.062703 0.086285 0.042918 0.074094 0.053810 0.075793 0.055109 
0.062603 0.052111 0.100475 0.080889 0.059605 0.056008 0.061104 0.067699 0.065501 0.087884 0.050512 0.075493 0.051312 0.067399 0.061404 
0.063802 0.054909 0.099875 0.072695 0.062403 0.043617 0.070997 0.059206 0.058506 0.096278 0.056608 0.074494 0.050312 0.071996 0.064302 
0.060904 0.055808 0.099276 0.084587 0.065101 0.048713 0.074494 0.066200 0.061004 0.084886 0.045816 0.072396 0.054509 0.069298 0.057007 
0.060305 0.055209 0.106470 0.081489 0.064602 0.054309 0.057607 0.071896 0.054809 0.090282 0.051911 0.069598 0.049913 0.074694 0.056907 
0.064102 0.050512 0.092381 0.081089 0.062603 0.051411 0.065201 0.064302 0.060405 0.084387 0.049513 0.073695 0.062203 0.075493 0.062703 
0.063702 0.049313 0.098676 0.085786 0.067899 0.051811 0.065901 0.068798 0.058106 0.082088 0.047514 0.072695 0.052511 0.080390 0.054809 
0.069398 0.046615 0.099375 0.074994 0.066300 0.044716 0.069598 0.068199 0.063802 0.087185 0.052411 0.080390 0.047614 0.072196 0.057207 
0.059106 0.057407 0.102573 0.075094 0.062803 0.054409 0.068199 0.066400 0.073095 0.084886 0.046215 0.072296 0.047315 0.072795 0.057407 
0.060105 0.055508 0.092880 0.081389 0.063502 0.052910 0.073495 0.066600 0.063103 0.089283 0.048214 0.073395 0.046415 0.075294 0.057907 
0.062203 0.056807 0.091082 0.085186 0.060105 0.051511 0.072196 0.061004 0.059505 0.090882 0.042618 0.072396 0.059605 0.078291 0.056608 
0.069698 0.054309 0.100674 0.076493 0.068798 0.037422 0.068998 0.074694 0.060804 0.090382 0.049813 0.070697 0.047414 0.070497 0.059306 
0.063203 0.052910 0.096578 0.078491 0.062003 0.050912 0.074594 0.063103 0.059206 0.091082 0.042818 0.071297 0.055508 0.076792 0.061504 
0.066400 0.058706 0.096278 0.081489 0.051811 0.049013 0.070497 0.065401 0.056308 0.095678 0.047714 0.073095 0.058806 0.074894 0.053910 
0.069898 0.057907 0.098576 0.083787 0.062503 0.046915 0.065701 0.063103 0.059705 0.092780 0.045016 0.071596 0.053010 0.073395 0.056108 
0.063103 0.054409 0.090482 0.086185 0.060804 0.039021 0.069298 0.066600 0.064801 0.089183 0.049913 0.078491 0.047514 0.076692 0.063502 
0.058906 0.058506 0.089583 0.080090 0.064901 0.050212 0.063602 0.064402 0.060704 0.089983 0.054209 0.080190 0.058306 0.071097 0.055309 
0.066500 0.050912 0.089783 0.087584 0.069298 0.041319 0.071197 0.066700 0.050412 0.093280 0.053210 0.073995 0.052011 0.071796 0.062003 
0.068399 0.056208 0.090582 0.082388 0.064402 0.043917 0.072296 0.067599 0.059405 0.087285 0.052411 0.071696 0.053310 0.076393 0.053710 
0.063103 0.059306 0.097077 0.083787 0.063303 0.045816 0.071297 0.066600 0.062803 0.083987 0.049113 0.072296 0.055009 0.070397 0.056108 
0.064801 0.047714 0.093880 0.091182 0.066900 0.048514 0.070597 0.067200 0.062003 0.086085 0.048713 0.078491 0.053910 0.066400 0.053610 
0.067100 0.053210 0.095378 0.078491 0.058606 0.049513 0.067000 0.069998 0.064502 0.089283 0.050812 0.072795 0.053610 0.075094 0.054609 
0.064901 0.055309 0.090382 0.069598 0.070097 0.050912 0.066600 0.064102 0.060904 0.088883 0.039420 0.086685 0.050812 0.078291 0.063103 
0.068099 0.051911 0.096178 0.091381 0.059805 0.045516 0.071396 0.064502 0.060505 0.077792 0.047614 0.072596 0.049213 0.084187 0.059306 
0.072596 0.052611 0.093380 0.078991 0.066400 0.053010 0.074794 0.067799 0.055708 0.082588 0.045316 0.077792 0.053110 0.077392 0.048514 
