0.000171939 0.000171939 0.000171939 0.170392 0.000171939 0.000171939 0.000171939 0.356087 0.000171939 0.00361073 0.00189133 0.000171939 0.000171939 0.0465956 0.419704 0.000171939 
0.00157233 0.00157233 0.111635 0.00157233 0.00157233 0.0487421 0.00157233 0.00157233 0.441824 0.00157233 0.0172956 0.00157233 0.00157233 0.190252 0.00157233 0.174528 
0.0010142 0.0010142 0.0010142 0.0010142 0.0010142 0.0010142 0.0010142 0.0010142 0.508114 0.43712 0.0111562 0.0010142 0.0314402 0.0010142 0.0010142 0.0010142 
0.00316456 0.00316456 0.00316456 0.00316456 0.00316456 0.00316456 0.00316456 0.00316456 0.0664557 0.00316456 0.0664557 0.00316456 0.256329 0.0981013 0.00316456 0.477848 
0.0932377 0.00102459 0.00102459 0.00102459 0.0112705 0.0829918 0.00102459 0.0932377 0.00102459 0.00102459 0.00102459 0.0932377 0.267418 0.298156 0.0522541 0.00102459 
0.0803109 0.00259067 0.00259067 0.443005 0.00259067 0.00259067 0.00259067 0.00259067 0.00259067 0.0544041 0.00259067 0.183938 0.209845 0.00259067 0.00259067 0.00259067 
0.000167616 0.000167616 0.176165 0.100738 0.0973852 0.00351995 0.000167616 0.000167616 0.000167616 0.0119008 0.000167616 0.000167616 0.0202816 0.377305 0.206336 0.00519611 
0.00020016 0.036229 0.0102082 0.0302242 0.146317 0.00020016 0.00020016 0.0102082 0.00220176 0.00220176 0.00020016 0.00020016 0.00020016 0.302442 0.288431 0.170336 
0.000138966 0.000138966 0.000138966 0.000138966 0.000138966 0.000138966 0.000138966 0.328099 0.000138966 0.0501668 0.0334908 0.00152863 0.0293218 0.36562 0.186354 0.00430795 
0.00137741 0.0702479 0.00137741 0.00137741 0.00137741 0.00137741 0.00137741 0.00137741 0.00137741 0.194215 0.00137741 0.0702479 0.00137741 0.359504 0.00137741 0.290634 
0.0158046 0.00143678 0.00143678 0.00143678 0.0158046 0.00143678 0.145115 0.00143678 0.173851 0.00143678 0.0301724 0.00143678 0.518678 0.00143678 0.00143678 0.0876437 
0.000238892 0.000238892 0.000238892 0.0934066 0.0217391 0.000238892 0.000238892 0.0145724 0.289298 0.00740564 0.000238892 0.000238892 0.124462 0.052795 0.255853 0.138796 
0.0208748 0.000994036 0.000994036 0.000994036 0.0805169 0.000994036 0.000994036 0.0208748 0.17992 0.000994036 0.0805169 0.000994036 0.547714 0.0109344 0.000994036 0.0506958 
0.0060241 0.0060241 0.0060241 0.0060241 0.0662651 0.0060241 0.126506 0.0060241 0.0060241 0.246988 0.0060241 0.0060241 0.0060241 0.0060241 0.0060241 0.487952 
0.000137627 0.00977154 0.000137627 0.000137627 0.258877 0.000137627 0.0152766 0.000137627 0.0015139 0.00564272 0.00289017 0.0276631 0.067575 0.000137627 0.379989 0.229975 
0.00115473 0.00115473 0.00115473 0.497691 0.00115473 0.00115473 0.00115473 0.0357968 0.312933 0.00115473 0.00115473 0.00115473 0.00115473 0.139723 0.00115473 0.00115473 
0.000317864 0.000317864 0.000317864 0.175143 0.000317864 0.000317864 0.000317864 0.000317864 0.597902 0.000317864 0.0034965 0.000317864 0.108392 0.000317864 0.11157 0.000317864 
0.000618812 0.000618812 0.000618812 0.334777 0.000618812 0.000618812 0.000618812 0.00680693 0.130569 0.0563119 0.000618812 0.000618812 0.241955 0.124381 0.0996287 0.000618812 
0.000379363 0.0459029 0.000379363 0.000379363 0.000379363 0.000379363 0.000379363 0.000379363 0.48217 0.000379363 0.000379363 0.000379363 0.258346 0.000379363 0.209029 0.000379363 
0.00121065 0.00121065 0.00121065 0.00121065 0.0617433 0.00121065 0.00121065 0.0133172 0.00121065 0.00121065 0.497579 0.00121065 0.00121065 0.00121065 0.376513 0.0375303 
0.00265957 0.00265957 0.00265957 0.0292553 0.00265957 0.00265957 0.00265957 0.00265957 0.401596 0.00265957 0.00265957 0.00265957 0.162234 0.00265957 0.321809 0.0558511 
0.00127226 0.0139949 0.00127226 0.00127226 0.00127226 0.00127226 0.00127226 0.00127226 0.650127 0.00127226 0.0139949 0.00127226 0.306616 0.00127226 0.00127226 0.00127226 
0.300272 0.0013587 0.0013587 0.0557065 0.0013587 0.137228 0.0013587 0.0013587 0.0149457 0.0828804 0.0013587 0.0828804 0.313859 0.0013587 0.0013587 0.0013587 
0.340731 0.00130548 0.00130548 0.00130548 0.00130548 0.0274151 0.00130548 0.0143603 0.00130548 0.262402 0.0143603 0.00130548 0.288512 0.0274151 0.00130548 0.0143603 
0.000180636 0.000180636 0.00198699 0.0652095 0.0146315 0.000180636 0.000180636 0.000180636 0.0200506 0.047146 0.0182442 0.00198699 0.51138 0.000180636 0.3181 0.000180636 
0.00193798 0.00193798 0.0406977 0.00193798 0.00193798 0.0213178 0.00193798 0.00193798 0.00193798 0.0213178 0.0213178 0.00193798 0.00193798 0.874031 0.00193798 0.00193798 
0.000150921 0.291428 0.000150921 0.120887 0.000150921 0.000150921 0.0182614 0.00166013 0.000150921 0.166164 0.000150921 0.000150921 0.000150921 0.000150921 0.335195 0.0650468 
0.0794066 0.0008726 0.0008726 0.227749 0.0008726 0.0183246 0.0008726 0.0008726 0.367365 0.253927 0.0008726 0.0445026 0.0008726 0.0008726 0.0008726 0.0008726 
0.000771605 0.000771605 0.000771605 0.448302 0.201389 0.000771605 0.0393519 0.000771605 0.000771605 0.00848765 0.170525 0.00848765 0.000771605 0.10108 0.0162037 0.000771605 
0.00337838 0.00337838 0.0709459 0.10473 0.0709459 0.00337838 0.00337838 0.00337838 0.64527 0.00337838 0.00337838 0.00337838 0.0709459 0.00337838 0.00337838 0.00337838 
0.00145773 0.00145773 0.0451895 0.00145773 0.00145773 0.00145773 0.00145773 0.220117 0.642857 0.00145773 0.0597668 0.00145773 0.00145773 0.00145773 0.00145773 0.016035 
0.000223914 0.000223914 0.000223914 0.000223914 0.000223914 0.00246305 0.0942678 0.000223914 0.000223914 0.000223914 0.00246305 0.488356 0.00470219 0.018137 0.380878 0.00694133 
0.220951 0.000880282 0.000880282 0.000880282 0.000880282 0.000880282 0.000880282 0.0448944 0.564261 0.000880282 0.000880282 0.000880282 0.000880282 0.0448944 0.0977113 0.0184859 
0.000180963 0.000180963 0.000180963 0.00380022 0.014658 0.000180963 0.000180963 0.000180963 0.524973 0.0363735 0.0255157 0.000180963 0.000180963 0.0218965 0.190192 0.181144 
0.000422654 0.000422654 0.000422654 0.00887574 0.0046492 0.000422654 0.00887574 0.000422654 0.194844 0.000422654 0.000422654 0.000422654 0.600592 0.0300085 0.148352 0.000422654 
0.555394 0.00145773 0.190962 0.0306122 0.00145773 0.00145773 0.00145773 0.00145773 0.016035 0.00145773 0.00145773 0.00145773 0.0597668 0.132653 0.00145773 0.00145773 
0.00162338 0.0178571 0.00162338 0.163961 0.00162338 0.00162338 0.00162338 0.00162338 0.180195 0.00162338 0.0178571 0.00162338 0.358766 0.00162338 0.24513 0.00162338 
0.0620175 0.000257334 0.000257334 0.000257334 0.000257334 0.000257334 0.0285641 0.000257334 0.419712 0.0954709 0.000257334 0.0156974 0.203551 0.0465775 0.126351 0.000257334 
0.00994133 0.000162973 0.0017927 0.000162973 0.000162973 0.000162973 0.0213494 0.246252 0.0751304 0.172914 0.0229791 0.000162973 0.000162973 0.244622 0.000162973 0.203879 
0.00862069 0.00862069 0.00862069 0.00862069 0.00862069 0.00862069 0.00862069 0.00862069 0.00862069 0.00862069 0.00862069 0.00862069 0.87069 0.00862069 0.00862069 0.00862069 
0.00118203 0.00118203 0.00118203 0.450355 0.00118203 0.00118203 0.00118203 0.00118203 0.00118203 0.00118203 0.00118203 0.00118203 0.237589 0.00118203 0.29669 0.00118203 
0.00793651 0.000721501 0.000721501 0.000721501 0.000721501 0.0151515 0.000721501 0.0295815 0.000721501 0.000721501 0.0945166 0.000721501 0.606782 0.000721501 0.209957 0.0295815 
0.00485437 0.00485437 0.00485437 0.00485437 0.00485437 0.00485437 0.00485437 0.00485437 0.490291 0.00485437 0.00485437 0.00485437 0.0533981 0.00485437 0.0533981 0.34466 
0.0034965 0.0034965 0.0034965 0.143357 0.0034965 0.0034965 0.0034965 0.0384615 0.667832 0.0034965 0.0034965 0.0384615 0.0034965 0.0034965 0.0734266 0.0034965 
0.000508647 0.000508647 0.000508647 0.112411 0.000508647 0.000508647 0.000508647 0.000508647 0.000508647 0.341302 0.0462869 0.000508647 0.392167 0.0971516 0.00559512 0.000508647 
0.00190114 0.0209125 0.00190114 0.572243 0.00190114 0.00190114 0.00190114 0.00190114 0.363118 0.00190114 0.0209125 0.00190114 0.00190114 0.00190114 0.00190114 0.00190114 
0.579941 0.000123365 0.000123365 0.0099926 0.000123365 0.000123365 0.00259067 0.000123365 0.254256 0.0482359 0.0321984 0.0099926 0.000123365 0.0618061 0.000123365 0.000123365 
0.000104866 0.000104866 0.000104866 0.0042995 0.000104866 0.000104866 0.000104866 0.000104866 0.00639681 0.0347106 0.000104866 0.000104866 0.507655 0.0902894 0.347211 0.00849413 
0.00280899 0.00280899 0.00280899 0.00280899 0.00280899 0.00280899 0.00280899 0.00280899 0.00280899 0.255618 0.00280899 0.00280899 0.705056 0.00280899 0.00280899 0.00280899 
0.000288517 0.0493364 0.000288517 0.0868436 0.000288517 0.000288517 0.00605886 0.000288517 0.0291402 0.0204847 0.000288517 0.000288517 0.554241 0.000288517 0.251298 0.000288517 
0.796315 0.000169033 0.000169033 0.000169033 0.000169033 0.00185936 0.000169033 0.000169033 0.000169033 0.000169033 0.000169033 0.000169033 0.000169033 0.0677823 0.132015 0.000169033 
0.000133761 0.210139 0.000133761 0.085741 0.000133761 0.000133761 0.000133761 0.00147138 0.026886 0.161985 0.00147138 0.000133761 0.000133761 0.000133761 0.000133761 0.511102 
0.000160102 0.000160102 0.00176113 0.000160102 0.0481908 0.000160102 0.000160102 0.000160102 0.000160102 0.000160102 0.0754083 0.00976625 0.635767 0.00496318 0.222703 0.000160102 
0.0533981 0.00485437 0.00485437 0.00485437 0.00485437 0.00485437 0.00485437 0.00485437 0.393204 0.00485437 0.00485437 0.00485437 0.490291 0.00485437 0.00485437 0.00485437 
0.652778 0.00462963 0.00462963 0.189815 0.00462963 0.00462963 0.00462963 0.00462963 0.00462963 0.00462963 0.00462963 0.00462963 0.0509259 0.0509259 0.00462963 0.00462963 
0.000829187 0.000829187 0.000829187 0.000829187 0.000829187 0.000829187 0.000829187 0.000829187 0.00912106 0.174959 0.000829187 0.000829187 0.805141 0.000829187 0.000829187 0.000829187 
0.000194704 0.000194704 0.000194704 0.0547118 0.000194704 0.000194704 0.000194704 0.000194704 0.551207 0.000194704 0.000194704 0.000194704 0.000194704 0.00214174 0.346768 0.0430296 
0.000441306 0.000441306 0.000441306 0.00485437 0.000441306 0.000441306 0.393204 0.000441306 0.0269197 0.000441306 0.000441306 0.000441306 0.0754634 0.00485437 0.490291 0.000441306 
0.00183762 0.000167056 0.000167056 0.000167056 0.000167056 0.00183762 0.000167056 0.000167056 0.208988 0.118777 0.011861 0.000167056 0.252422 0.011861 0.178917 0.212329 
0.00337838 0.00337838 0.00337838 0.00337838 0.00337838 0.00337838 0.00337838 0.00337838 0.273649 0.00337838 0.00337838 0.00337838 0.577703 0.00337838 0.00337838 0.10473 
0.0037594 0.0413534 0.0037594 0.0789474 0.0037594 0.0789474 0.530075 0.0037594 0.0037594 0.0037594 0.0037594 0.0037594 0.229323 0.0037594 0.0037594 0.0037594 
0.00537634 0.00537634 0.00537634 0.0591398 0.00537634 0.00537634 0.00537634 0.00537634 0.650538 0.00537634 0.00537634 0.00537634 0.112903 0.00537634 0.112903 0.00537634 
0.000137061 0.000137061 0.000137061 0.000137061 0.00150768 0.000137061 0.000137061 0.289337 0.000137061 0.0741502 0.0686678 0.000137061 0.268777 0.000137061 0.270148 0.0261787 
0.248252 0.0034965 0.0034965 0.0034965 0.0034965 0.0034965 0.0034965 0.0034965 0.0034965 0.0034965 0.0384615 0.0034965 0.143357 0.423077 0.0034965 0.108392 
0.0391969 0.000956023 0.000956023 0.000956023 0.000956023 0.0200765 0.000956023 0.0105163 0.0965583 0.0200765 0.000956023 0.115679 0.450287 0.134799 0.000956023 0.106119 
0.00224215 0.00224215 0.00224215 0.204036 0.0695067 0.00224215 0.00224215 0.00224215 0.473094 0.00224215 0.00224215 0.00224215 0.0246637 0.00224215 0.204036 0.00224215 
0.00297619 0.00297619 0.00297619 0.00297619 0.0625 0.00297619 0.00297619 0.00297619 0.598214 0.00297619 0.00297619 0.00297619 0.00297619 0.00297619 0.00297619 0.300595 
0.000503525 0.000503525 0.000503525 0.000503525 0.000503525 0.000503525 0.000503525 0.000503525 0.730614 0.070997 0.000503525 0.000503525 0.000503525 0.000503525 0.191843 0.000503525 
0.0184564 0.00167785 0.00167785 0.00167785 0.00167785 0.00167785 0.00167785 0.00167785 0.186242 0.00167785 0.00167785 0.102349 0.555369 0.00167785 0.119128 0.00167785 
0.00615901 0.00055991 0.00055991 0.00615901 0.00055991 0.00615901 0.230123 0.0117581 0.00055991 0.241321 0.00055991 0.00055991 0.0117581 0.00055991 0.168533 0.31411 
0.00442478 0.00442478 0.00442478 0.0929204 0.00442478 0.00442478 0.00442478 0.00442478 0.446903 0.00442478 0.00442478 0.00442478 0.269912 0.00442478 0.137168 0.00442478 
0.00306748 0.00306748 0.00306748 0.125767 0.0337423 0.00306748 0.616564 0.00306748 0.156442 0.00306748 0.00306748 0.00306748 0.00306748 0.00306748 0.0337423 0.00306748 
0.000144383 0.000144383 0.000144383 0.0218019 0.000144383 0.000144383 0.000144383 0.000144383 0.00303205 0.0463471 0.000144383 0.000144383 0.615218 0.000144383 0.306237 0.00591972 
0.0561224 0.00510204 0.00510204 0.362245 0.00510204 0.00510204 0.0561224 0.00510204 0.0561224 0.00510204 0.00510204 0.00510204 0.362245 0.00510204 0.00510204 0.0561224 
0.0984902 0.000175562 0.0387992 0.000175562 0.000175562 0.000175562 0.337254 0.000175562 0.000175562 0.00544242 0.000175562 0.000175562 0.0721559 0.000175562 0.374122 0.0721559 
0.135771 0.00188809 0.000171644 0.113457 0.000171644 0.000171644 0.000171644 0.000171644 0.333162 0.0345005 0.00360453 0.000171644 0.00703742 0.079128 0.0465156 0.243907 
0.00406504 0.00406504 0.00406504 0.0447154 0.857724 0.00406504 0.00406504 0.00406504 0.00406504 0.00406504 0.00406504 0.0447154 0.00406504 0.00406504 0.00406504 0.00406504 
0.396163 0.418736 0.00112867 0.00112867 0.0914221 0.00112867 0.00112867 0.00112867 0.00112867 0.00112867 0.0688488 0.00112867 0.00112867 0.0124153 0.00112867 0.00112867 
0.00234742 0.00234742 0.00234742 0.00234742 0.237089 0.00234742 0.190141 0.00234742 0.07277 0.00234742 0.00234742 0.00234742 0.377934 0.0492958 0.00234742 0.0492958 
0.00316456 0.31962 0.161392 0.00316456 0.00316456 0.00316456 0.00316456 0.00316456 0.00316456 0.00316456 0.00316456 0.00316456 0.256329 0.00316456 0.224684 0.00316456 
0.00246305 0.00246305 0.00246305 0.00246305 0.174877 0.00246305 0.125616 0.00246305 0.00246305 0.00246305 0.00246305 0.00246305 0.0270936 0.00246305 0.00246305 0.642857 
0.00568182 0.000516529 0.000516529 0.387913 0.000516529 0.000516529 0.114153 0.000516529 0.0315083 0.0779959 0.176136 0.0315083 0.000516529 0.170971 0.000516529 0.000516529 
0.00510204 0.00510204 0.209184 0.00510204 0.00510204 0.00510204 0.00510204 0.00510204 0.158163 0.00510204 0.00510204 0.00510204 0.0561224 0.00510204 0.00510204 0.515306 
0.00326797 0.00326797 0.00326797 0.0359477 0.00326797 0.00326797 0.00326797 0.0359477 0.00326797 0.0359477 0.00326797 0.0359477 0.624183 0.00326797 0.199346 0.00326797 
0.00246305 0.00246305 0.00246305 0.00246305 0.00246305 0.0270936 0.00246305 0.00246305 0.00246305 0.396552 0.00246305 0.00246305 0.00246305 0.248768 0.29803 0.00246305 
0.403802 0.000576037 0.000576037 0.000576037 0.000576037 0.000576037 0.000576037 0.000576037 0.415323 0.0236175 0.000576037 0.000576037 0.000576037 0.0869816 0.0236175 0.0408986 
0.00229358 0.0252294 0.759174 0.00229358 0.0252294 0.00229358 0.00229358 0.00229358 0.0252294 0.0481651 0.0252294 0.00229358 0.0711009 0.00229358 0.00229358 0.00229358 
0.00362319 0.0398551 0.00362319 0.0398551 0.076087 0.00362319 0.00362319 0.00362319 0.00362319 0.00362319 0.00362319 0.00362319 0.0398551 0.293478 0.00362319 0.474638 
0.000144383 0.000144383 0.000144383 0.000144383 0.000144383 0.000144383 0.000144383 0.000144383 0.000144383 0.000144383 0.550245 0.000144383 0.000144383 0.000144383 0.195062 0.252815 
0.000659631 0.000659631 0.000659631 0.000659631 0.000659631 0.00725594 0.000659631 0.000659631 0.976913 0.00725594 0.000659631 0.000659631 0.000659631 0.000659631 0.000659631 0.000659631 
0.00423729 0.00423729 0.00423729 0.00423729 0.00423729 0.00423729 0.00423729 0.00423729 0.555085 0.00423729 0.00423729 0.00423729 0.258475 0.00423729 0.00423729 0.131356 
0.0866209 0.000857633 0.000857633 0.129503 0.172384 0.000857633 0.0951973 0.000857633 0.000857633 0.0694683 0.000857633 0.000857633 0.0866209 0.189537 0.000857633 0.163808 
0.00462963 0.00462963 0.00462963 0.189815 0.189815 0.0972222 0.00462963 0.00462963 0.467593 0.00462963 0.00462963 0.00462963 0.00462963 0.00462963 0.00462963 0.00462963 
0.000174642 0.000174642 0.0106532 0.0054139 0.000174642 0.000174642 0.0385959 0.0333566 0.000174642 0.000174642 0.00890674 0.000174642 0.517115 0.0647922 0.307545 0.0123996 
0.918301 0.00326797 0.00326797 0.00326797 0.00326797 0.00326797 0.00326797 0.00326797 0.00326797 0.00326797 0.0359477 0.00326797 0.00326797 0.00326797 0.00326797 0.00326797 
0.00234742 0.00234742 0.00234742 0.401408 0.00234742 0.0258216 0.00234742 0.00234742 0.0258216 0.00234742 0.00234742 0.00234742 0.307512 0.07277 0.143192 0.00234742 
0.000686813 0.000686813 0.000686813 0.0418956 0.0350275 0.000686813 0.000686813 0.00755495 0.879808 0.000686813 0.000686813 0.000686813 0.000686813 0.0212912 0.00755495 0.000686813 
9.61908e-05 9.61908e-05 9.61908e-05 0.0491535 9.61908e-05 9.61908e-05 0.0270296 0.00298192 0.519527 0.205945 9.61908e-05 9.61908e-05 0.0462678 9.61908e-05 0.14823 9.61908e-05 
0.000178063 0.000178063 0.000178063 0.00373932 0.00373932 0.000178063 0.000178063 0.000178063 0.000178063 0.151531 0.562856 0.000178063 0.000178063 0.000178063 0.276175 0.000178063 
0.000373692 0.000373692 0.000373692 0.112481 0.000373692 0.000373692 0.00784753 0.000373692 0.34417 0.0601644 0.000373692 0.0414798 0.000373692 0.415172 0.00411061 0.0115845 
0.0257353 0.00122549 0.00122549 0.172794 0.00122549 0.00122549 0.160539 0.00122549 0.00122549 0.00122549 0.00122549 0.00122549 0.307598 0.221814 0.00122549 0.0992647 
0.00406504 0.00406504 0.00406504 0.00406504 0.00406504 0.00406504 0.00406504 0.00406504 0.00406504 0.00406504 0.00406504 0.00406504 0.898374 0.0447154 0.00406504 0.00406504 
0.00316456 0.00316456 0.00316456 0.0981013 0.00316456 0.00316456 0.00316456 0.0348101 0.794304 0.0348101 0.00316456 0.00316456 0.00316456 0.00316456 0.00316456 0.00316456 
0.0201973 0.000154178 0.00323774 0.000154178 0.000154178 0.00940487 0.000154178 0.0602837 0.447271 0.0942029 0.0433241 0.00169596 0.0232809 0.029448 0.00786309 0.259174 
0.00234742 0.00234742 0.00234742 0.0492958 0.00234742 0.00234742 0.00234742 0.00234742 0.166667 0.00234742 0.00234742 0.00234742 0.307512 0.00234742 0.00234742 0.448357 
0.000566251 0.00622877 0.000566251 0.255379 0.000566251 0.000566251 0.000566251 0.000566251 0.32333 0.0571914 0.0402039 0.000566251 0.312005 0.000566251 0.000566251 0.000566251 
0.00059312 0.00059312 0.00059312 0.00652432 0.00059312 0.00059312 0.00059312 0.00059312 0.142942 0.00059312 0.00059312 0.172598 0.0658363 0.599644 0.00652432 0.00059312 
0.122024 0.00297619 0.00297619 0.300595 0.00297619 0.00297619 0.00297619 0.00297619 0.0327381 0.21131 0.00297619 0.00297619 0.00297619 0.00297619 0.00297619 0.300595 
0.000176491 0.000176491 0.000176491 0.0019414 0.000176491 0.000176491 0.0019414 0.510236 0.000176491 0.0160607 0.000176491 0.000176491 0.0425344 0.180198 0.0760678 0.169608 
0.00306748 0.187117 0.00306748 0.00306748 0.00306748 0.0337423 0.00306748 0.00306748 0.00306748 0.00306748 0.00306748 0.00306748 0.708589 0.00306748 0.0337423 0.00306748 
0.00121065 0.00121065 0.00121065 0.00121065 0.00121065 0.00121065 0.00121065 0.00121065 0.533898 0.00121065 0.0133172 0.00121065 0.437046 0.00121065 0.00121065 0.00121065 
0.0212803 0.000175871 0.000175871 0.0881112 0.000175871 0.000175871 0.000175871 0.000175871 0.000175871 0.000175871 0.325536 0.000175871 0.0107281 0.221773 0.202427 0.128561 
0.00337838 0.172297 0.00337838 0.00337838 0.00337838 0.00337838 0.00337838 0.00337838 0.00337838 0.00337838 0.408784 0.00337838 0.00337838 0.0371622 0.341216 0.00337838 
0.000802568 0.000802568 0.000802568 0.000802568 0.000802568 0.000802568 0.000802568 0.000802568 0.000802568 0.113162 0.000802568 0.000802568 0.000802568 0.273676 0.00882825 0.594703 
0.000252143 0.00529501 0.000252143 0.403681 0.000252143 0.000252143 0.000252143 0.0103379 0.257438 0.000252143 0.00781644 0.0708522 0.000252143 0.000252143 0.24231 0.000252143 
0.398364 0.0128505 0.00116822 0.00116822 0.00116822 0.00116822 0.00116822 0.00116822 0.00116822 0.00116822 0.00116822 0.0128505 0.515187 0.00116822 0.0478972 0.00116822 
0.00362319 0.00362319 0.00362319 0.00362319 0.00362319 0.076087 0.00362319 0.00362319 0.00362319 0.51087 0.00362319 0.00362319 0.365942 0.00362319 0.00362319 0.00362319 
0.000491159 0.000491159 0.000491159 0.000491159 0.000491159 0.000491159 0.000491159 0.000491159 0.000491159 0.000491159 0.000491159 0.73723 0.000491159 0.255894 0.000491159 0.000491159 
0.000622665 0.000622665 0.000622665 0.000622665 0.000622665 0.000622665 0.000622665 0.000622665 0.206102 0.162516 0.0628892 0.000622665 0.374222 0.000622665 0.168742 0.0193026 
0.00462963 0.00462963 0.00462963 0.467593 0.00462963 0.00462963 0.00462963 0.00462963 0.00462963 0.00462963 0.00462963 0.328704 0.143519 0.00462963 0.00462963 0.00462963 
0.00083612 0.00083612 0.00083612 0.184783 0.00083612 0.00083612 0.00083612 0.00083612 0.00083612 0.00083612 0.00083612 0.00083612 0.569398 0.00083612 0.00083612 0.23495 
0.0015015 0.0015015 0.0015015 0.0015015 0.0315315 0.0015015 0.0015015 0.0015015 0.0015015 0.0015015 0.0165165 0.0015015 0.0165165 0.902402 0.0015015 0.0165165 
0.000215239 0.000215239 0.000215239 0.0626345 0.000215239 0.000215239 0.000215239 0.656694 0.000215239 0.015282 0.000215239 0.000215239 0.000215239 0.000215239 0.211149 0.0518726 
0.11597 0.0209125 0.0209125 0.00190114 0.249049 0.00190114 0.00190114 0.0969582 0.192015 0.00190114 0.00190114 0.00190114 0.0209125 0.268061 0.00190114 0.00190114 
0.147078 0.0785178 0.000163239 0.000163239 0.000163239 0.00669278 0.0344434 0.000163239 0.0556644 0.054032 0.460496 0.000163239 0.000163239 0.0213843 0.140548 0.000163239 
0.000257334 0.000257334 0.000257334 0.000257334 0.000257334 0.000257334 0.406845 0.000257334 0.000257334 0.00283067 0.000257334 0.000257334 0.0594442 0.0105507 0.517499 0.000257334 
0.000221435 0.00465013 0.000221435 0.144154 0.000221435 0.000221435 0.0422941 0.000221435 0.124225 0.035651 0.000221435 0.000221435 0.000221435 0.456377 0.0887954 0.102081 
0.000119674 0.000119674 0.000119674 0.000119674 0.000119674 0.0144806 0.00490665 0.000119674 0.424964 0.294519 0.000119674 0.00849689 0.000119674 0.00251316 0.164074 0.0850886 
0.000109697 0.00120667 0.000109697 0.000109697 0.000109697 0.000109697 0.000109697 0.000109697 0.331395 0.0132734 0.000109697 0.000109697 0.00120667 0.153686 0.323717 0.174528 
0.000144592 0.000144592 0.000144592 0.000144592 0.000144592 0.000144592 0.000144592 0.0724407 0.339936 0.00303644 0.0449682 0.00159051 0.000144592 0.0652111 0.219925 0.251735 
0.00121065 0.00121065 0.00121065 0.0133172 0.00121065 0.00121065 0.00121065 0.509685 0.00121065 0.098063 0.00121065 0.00121065 0.0254237 0.340194 0.00121065 0.00121065 
0.000165673 0.000165673 0.000165673 0.131047 0.00513585 0.000165673 0.0150762 0.000165673 0.573393 0.000165673 0.000165673 0.000165673 0.000165673 0.0912856 0.182406 0.000165673 
0.0173361 0.000171644 0.0173361 0.000171644 0.00188809 0.000171644 0.000171644 0.000171644 0.000171644 0.00875386 0.000171644 0.000171644 0.712496 0.130621 0.110024 0.000171644 
0.544837 0.0013587 0.0013587 0.0013587 0.232337 0.0013587 0.0013587 0.0013587 0.0149457 0.0013587 0.0828804 0.0013587 0.110054 0.0013587 0.0013587 0.0013587 
0.000912409 0.000912409 0.000912409 0.265511 0.0191606 0.064781 0.000912409 0.000912409 0.475365 0.000912409 0.000912409 0.000912409 0.165146 0.000912409 0.000912409 0.000912409 
0.000138007 0.00565829 0.00979851 0.000138007 0.000138007 0.000138007 0.000138007 0.300994 0.0111786 0.185068 0.000138007 0.000138007 0.095363 0.095363 0.243031 0.0525807 
0.000121418 0.000121418 0.000121418 0.0766149 0.000121418 0.000121418 0.000121418 0.247814 0.000121418 0.0474745 0.000121418 0.000121418 0.000121418 0.323094 0.303667 0.000121418 
0.000191718 0.000191718 0.000191718 0.115222 0.000191718 0.000191718 0.000191718 0.000191718 0.331863 0.0021089 0.000191718 0.0155291 0.199578 0.000191718 0.295437 0.0385353 
0.0198584 0.242037 0.000196618 0.0749115 0.000196618 0.0611483 0.00806134 0.000196618 0.0591821 0.069013 0.0631144 0.000196618 0.0650806 0.0985057 0.212544 0.025757 
0.000192456 0.000192456 0.00211701 0.000192456 0.000192456 0.000192456 0.000192456 0.292725 0.000192456 0.0637028 0.00211701 0.00211701 0.000192456 0.102194 0.283102 0.250385 
0.184665 0.011879 0.00107991 0.0334773 0.00107991 0.00107991 0.0550756 0.00107991 0.433045 0.227862 0.00107991 0.00107991 0.00107991 0.00107991 0.0442765 0.00107991 
0.000701262 0.000701262 0.042777 0.281206 0.000701262 0.000701262 0.000701262 0.000701262 0.645863 0.000701262 0.00771388 0.000701262 0.000701262 0.000701262 0.000701262 0.0147265 
0.897599 0.000706215 0.0289548 0.000706215 0.000706215 0.000706215 0.000706215 0.000706215 0.000706215 0.000706215 0.000706215 0.000706215 0.0572034 0.00776836 0.000706215 0.000706215 
0.000215703 0.000215703 0.000215703 0.000215703 0.021786 0.000215703 0.000215703 0.0131579 0.000215703 0.194349 0.487705 0.0649267 0.000215703 0.000215703 0.215919 0.000215703 
0.0015139 0.000137627 0.000137627 0.000137627 0.000137627 0.000137627 0.000137627 0.000137627 0.000137627 0.110239 0.0386733 0.000137627 0.00289017 0.000137627 0.669006 0.176301 
0.0872505 0.000321958 0.000321958 0.0389569 0.000321958 0.000321958 0.000321958 0.000321958 0.711848 0.045396 0.000321958 0.000321958 0.000321958 0.0486156 0.0582743 0.00676111 
0.00280899 0.00280899 0.00280899 0.00280899 0.00280899 0.00280899 0.00280899 0.171348 0.00280899 0.00280899 0.00280899 0.0308989 0.424157 0.00280899 0.00280899 0.339888 
0.229323 0.0037594 0.0037594 0.0037594 0.0037594 0.0037594 0.0037594 0.0037594 0.304511 0.0789474 0.0037594 0.0037594 0.0037594 0.0037594 0.0037594 0.342105 
0.00214592 0.00214592 0.00214592 0.00214592 0.00214592 0.00214592 0.366953 0.00214592 0.00214592 0.324034 0.0665236 0.0879828 0.00214592 0.00214592 0.00214592 0.130901 
0.000165673 0.000165673 0.000165673 0.0018224 0.00347913 0.000165673 0.000165673 0.440855 0.000165673 0.127734 0.0084493 0.000165673 0.0018224 0.139331 0.152584 0.122763 
0.000142328 0.000142328 0.000142328 0.000142328 0.000142328 0.000142328 0.000142328 0.00156561 0.000142328 0.000142328 0.000142328 0.000142328 0.000142328 0.000142328 0.996442 0.000142328 
0.0261855 0.000130276 0.000130276 0.000130276 0.000130276 0.000130276 0.000130276 0.000130276 0.00143304 0.14604 0.000130276 0.00924961 0.480849 0.0900208 0.0874153 0.157764 
0.000160359 0.000160359 0.000160359 0.000160359 0.000160359 0.00336754 0.00176395 0.000160359 0.000160359 0.000160359 0.000160359 0.000160359 0.000160359 0.000160359 0.38823 0.604715 
0.00019857 0.00019857 0.00019857 0.00019857 0.645552 0.00019857 0.00019857 0.00019857 0.00019857 0.248411 0.00019857 0.00019857 0.00019857 0.00019857 0.103455 0.00019857 
0.000169319 0.0052489 0.000169319 0.000169319 0.000169319 0.000169319 0.000169319 0.000169319 0.426854 0.0831358 0.000169319 0.000169319 0.140704 0.137318 0.162716 0.0424992 
0.521792 0.328087 0.0254237 0.00121065 0.00121065 0.00121065 0.00121065 0.00121065 0.0133172 0.00121065 0.00121065 0.00121065 0.098063 0.00121065 0.00121065 0.00121065 
0.00124069 0.00124069 0.0260546 0.236973 0.162531 0.00124069 0.236973 0.00124069 0.00124069 0.00124069 0.00124069 0.00124069 0.323821 0.00124069 0.00124069 0.00124069 
0.000133583 0.000133583 0.000133583 0.00414106 0.331419 0.000133583 0.000133583 0.00280524 0.000133583 0.05891 0.000133583 0.000133583 0.000133583 0.0402084 0.467673 0.0936415 
0.00442478 0.00442478 0.00442478 0.00442478 0.00442478 0.00442478 0.00442478 0.00442478 0.00442478 0.00442478 0.00442478 0.181416 0.0486726 0.269912 0.00442478 0.446903 
0.000984252 0.000984252 0.000984252 0.119094 0.000984252 0.0108268 0.000984252 0.0994094 0.000984252 0.000984252 0.000984252 0.000984252 0.394685 0.000984252 0.365157 0.000984252 
0.180622 0.00119617 0.00119617 0.240431 0.00119617 0.00119617 0.00119617 0.132775 0.228469 0.00119617 0.00119617 0.0131579 0.192584 0.00119617 0.00119617 0.00119617 
0.00125628 0.00125628 0.00125628 0.126884 0.0263819 0.00125628 0.00125628 0.00125628 0.126884 0.114322 0.00125628 0.00125628 0.591709 0.00125628 0.00125628 0.00125628 
0.0122768 0.00111607 0.0122768 0.268973 0.00111607 0.0234375 0.00111607 0.00111607 0.53683 0.101562 0.00111607 0.00111607 0.0345982 0.00111607 0.00111607 0.00111607 
0.139344 0.00273224 0.00273224 0.139344 0.00273224 0.00273224 0.00273224 0.00273224 0.139344 0.248634 0.00273224 0.00273224 0.0846995 0.112022 0.00273224 0.112022 
0.000626566 0.000626566 0.000626566 0.0382206 0.188596 0.000626566 0.0444862 0.000626566 0.000626566 0.0507519 0.000626566 0.0695489 0.169799 0.432957 0.000626566 0.000626566 
0.000441306 0.000441306 0.000441306 0.000441306 0.000441306 0.000441306 0.0533981 0.000441306 0.0445719 0.141659 0.00926743 0.00485437 0.419682 0.282877 0.000441306 0.0401589 
0.000145433 0.00159977 0.000145433 0.00159977 0.000145433 0.000145433 0.000145433 0.000145433 0.376818 0.0394124 0.000145433 0.000145433 0.157213 0.0888598 0.31719 0.0161431 
0.000216638 0.000216638 0.0132149 0.00238302 0.000216638 0.000216638 0.000216638 0.00238302 0.000216638 0.00671577 0.000216638 0.0348787 0.000216638 0.0522097 0.821274 0.065208 
0.198888 0.000264831 0.000264831 0.000264831 0.000264831 0.000264831 0.000264831 0.000264831 0.596133 0.0240996 0.000264831 0.000264831 0.000264831 0.000264831 0.177701 0.000264831 
0.000295334 0.00324867 0.000295334 0.000295334 0.00324867 0.000295334 0.000295334 0.000295334 0.638216 0.000295334 0.000295334 0.00324867 0.168636 0.00324867 0.177496 0.000295334 
0.108572 0.043529 0.000166778 0.000166778 0.000166778 0.000166778 0.00683789 0.000166778 0.462141 0.000166778 0.0985657 0.043529 0.000166778 0.0768846 0.158606 0.000166778 
0.0578358 0.00186567 0.00186567 0.0205224 0.00186567 0.0391791 0.00186567 0.00186567 0.412313 0.00186567 0.188433 0.00186567 0.00186567 0.00186567 0.00186567 0.26306 
0.000417362 0.000417362 0.000417362 0.0922371 0.00459098 0.000417362 0.000417362 0.154841 0.000417362 0.000417362 0.00459098 0.000417362 0.321786 0.242487 0.159015 0.0171119 
0.000651042 0.000651042 0.000651042 0.0917969 0.000651042 0.000651042 0.000651042 0.000651042 0.690755 0.000651042 0.0136719 0.000651042 0.000651042 0.000651042 0.000651042 0.195964 
0.000391236 0.000391236 0.000391236 0.430751 0.258607 0.00821596 0.000391236 0.000391236 0.000391236 0.0473396 0.000391236 0.000391236 0.000391236 0.000391236 0.250782 0.000391236 
0.57248 0.000566251 0.000566251 0.00622877 0.000566251 0.000566251 0.000566251 0.000566251 0.000566251 0.362967 0.0118913 0.000566251 0.000566251 0.000566251 0.0402039 0.000566251 
0.125499 0.00563022 0.00018162 0.049219 0.00018162 0.00018162 0.00018162 0.0619324 0.457864 0.0819106 0.00018162 0.00018162 0.0510352 0.00018162 0.0546676 0.11097 
0.422269 0.00210084 0.00210084 0.0441176 0.00210084 0.00210084 0.00210084 0.00210084 0.00210084 0.107143 0.0231092 0.0231092 0.359244 0.00210084 0.00210084 0.00210084 
0.00029274 0.00029274 0.36329 0.00029274 0.00029274 0.00029274 0.281323 0.00029274 0.00029274 0.00029274 0.00029274 0.00322014 0.00029274 0.00029274 0.219848 0.129098 
0.0001343 0.0122213 0.0001343 0.0202793 0.0001343 0.0001343 0.0001343 0.0122213 0.0431104 0.150551 0.0001343 0.0001343 0.0001343 0.0686275 0.0592264 0.632689 
0.0212393 6.05107e-05 0.000665618 6.05107e-05 0.000665618 6.05107e-05 0.00671669 6.05107e-05 6.05107e-05 0.126528 0.452681 6.05107e-05 0.0127678 0.107164 0.269333 0.00187583 
0.000222916 0.000222916 0.383638 0.0225145 0.000222916 0.000222916 0.000222916 0.00245207 0.000222916 0.000222916 0.000222916 0.00468123 0.000222916 0.0247436 0.149576 0.410388 
0.000586166 0.0123095 0.000586166 0.000586166 0.000586166 0.000586166 0.00644783 0.0767878 0.287808 0.0474795 0.000586166 0.000586166 0.129543 0.129543 0.0181712 0.287808 
0.00326797 0.00326797 0.689542 0.00326797 0.00326797 0.00326797 0.00326797 0.00326797 0.00326797 0.00326797 0.00326797 0.00326797 0.00326797 0.264706 0.00326797 0.00326797 
0.17844 0.000307125 0.000307125 0.0463759 0.000307125 0.0156634 0.00337838 0.000307125 0.371929 0.000307125 0.000307125 0.000307125 0.000307125 0.141585 0.239865 0.000307125 
0.00369328 0.000175871 0.000175871 0.529546 0.000175871 0.000175871 0.000175871 0.000175871 0.156701 0.0441435 0.000175871 0.0283152 0.000175871 0.0687654 0.135596 0.0318326 
0.00137741 0.00137741 0.00137741 0.00137741 0.00137741 0.00137741 0.125344 0.00137741 0.455923 0.00137741 0.00137741 0.00137741 0.11157 0.290634 0.00137741 0.00137741 
0.000201369 0.0465163 0.000201369 0.161297 0.000201369 0.0324205 0.000201369 0.000201369 0.000201369 0.159283 0.000201369 0.000201369 0.000201369 0.499597 0.0988723 0.000201369 
0.000556793 0.000556793 0.000556793 0.000556793 0.000556793 0.000556793 0.000556793 0.0116927 0.674276 0.000556793 0.00612472 0.000556793 0.000556793 0.00612472 0.295657 0.000556793 
0.01881 0.000133404 0.000133404 0.1242 0.000133404 0.0161419 0.00146745 0.0508271 0.0268143 0.113527 0.313634 0.0108058 0.0801761 0.0695037 0.000133404 0.173559 
0.000170765 0.000170765 0.00187842 0.0326161 0.000170765 0.000170765 0.000170765 0.000170765 0.555157 0.10263 0.000170765 0.00187842 0.123122 0.0360314 0.0992145 0.0462773 
0.000108155 0.000108155 0.02931 0.0433701 0.00876055 0.126649 0.00659745 0.000108155 0.000108155 0.678239 0.000108155 0.000108155 0.000108155 0.0184945 0.0790612 0.00876055 
0.000144802 0.000144802 0.000144802 0.000144802 0.000144802 0.000144802 0.000144802 0.000144802 0.000144802 0.000144802 0.000144802 0.000144802 0.000144802 0.000144802 0.997828 0.000144802 
0.000711238 0.000711238 0.000711238 0.000711238 0.000711238 0.0647226 0.164296 0.000711238 0.00782361 0.0504979 0.270982 0.0576102 0.000711238 0.000711238 0.228307 0.150071 
0.0561224 0.00510204 0.00510204 0.00510204 0.00510204 0.668367 0.00510204 0.00510204 0.00510204 0.0561224 0.00510204 0.00510204 0.00510204 0.00510204 0.158163 0.00510204 
0.00186884 0.000169895 0.000169895 0.0171594 0.000169895 0.00526673 0.000169895 0.304281 0.0987088 0.0545362 0.00526673 0.00356779 0.000169895 0.000169895 0.192151 0.316174 
0.00136038 0.000123671 0.00136038 0.183156 0.550458 0.000123671 0.000123671 0.00259708 0.000123671 0.000123671 0.000123671 0.000123671 0.000123671 0.0396982 0.219021 0.00136038 
0.00943396 0.00943396 0.00943396 0.00943396 0.00943396 0.669811 0.00943396 0.00943396 0.00943396 0.198113 0.00943396 0.00943396 0.00943396 0.00943396 0.00943396 0.00943396 
0.00462963 0.189815 0.00462963 0.00462963 0.00462963 0.560185 0.00462963 0.00462963 0.00462963 0.143519 0.00462963 0.00462963 0.0509259 0.00462963 0.00462963 0.00462963 
0.00326797 0.00326797 0.00326797 0.00326797 0.00326797 0.885621 0.00326797 0.00326797 0.00326797 0.0686275 0.00326797 0.00326797 0.00326797 0.00326797 0.00326797 0.00326797 
0.000400641 0.000400641 0.0164263 0.0124199 0.733574 0.000400641 0.0204327 0.000400641 0.000400641 0.000400641 0.000400641 0.000400641 0.00440705 0.0845353 0.124599 0.000400641 
0.00182542 0.000165948 0.0930966 0.205941 0.000165948 0.554431 0.00182542 0.0101228 0.000165948 0.0881182 0.000165948 0.000165948 0.000165948 0.031696 0.000165948 0.0117823 
0.00462963 0.00462963 0.00462963 0.00462963 0.00462963 0.00462963 0.00462963 0.00462963 0.00462963 0.00462963 0.00462963 0.00462963 0.00462963 0.00462963 0.00462963 0.930556 
0.000138007 0.000138007 0.000138007 0.0594811 0.000138007 0.000138007 0.000138007 0.0139387 0.407259 0.000138007 0.000138007 0.000138007 0.000138007 0.000138007 0.168507 0.349296 
0.0348101 0.00316456 0.00316456 0.0981013 0.00316456 0.382911 0.00316456 0.00316456 0.00316456 0.287975 0.00316456 0.00316456 0.0981013 0.00316456 0.0664557 0.00316456 
0.00326797 0.00326797 0.00326797 0.00326797 0.00326797 0.656863 0.0359477 0.0359477 0.00326797 0.00326797 0.00326797 0.0686275 0.00326797 0.00326797 0.00326797 0.166667 
0.112903 0.112903 0.00537634 0.0591398 0.00537634 0.274194 0.00537634 0.00537634 0.0591398 0.0591398 0.00537634 0.274194 0.00537634 0.00537634 0.00537634 0.00537634 
0.0348101 0.00316456 0.00316456 0.00316456 0.00316456 0.541139 0.161392 0.00316456 0.00316456 0.193038 0.00316456 0.00316456 0.00316456 0.00316456 0.0348101 0.00316456 
0.219568 0.000327225 0.000327225 0.0559555 0.000327225 0.461715 0.105039 0.000327225 0.000327225 0.00359948 0.010144 0.000327225 0.000327225 0.00687173 0.13449 0.000327225 
0.0310275 0.0513733 0.000508647 0.234486 0.000508647 0.549847 0.000508647 0.00559512 0.000508647 0.0208545 0.000508647 0.000508647 0.000508647 0.0310275 0.0717192 0.000508647 
0.00289017 0.0317919 0.00289017 0.320809 0.00289017 0.378613 0.0317919 0.00289017 0.00289017 0.00289017 0.00289017 0.00289017 0.00289017 0.00289017 0.205202 0.00289017 
6.04741e-05 0.683418 6.04741e-05 0.00126996 0.0018747 6.04741e-05 6.04741e-05 6.04741e-05 6.04741e-05 6.04741e-05 6.04741e-05 6.04741e-05 6.04741e-05 6.04741e-05 0.312712 6.04741e-05 
0.00214592 0.130901 0.00214592 0.753219 0.00214592 0.0665236 0.00214592 0.00214592 0.00214592 0.0236052 0.00214592 0.00214592 0.00214592 0.00214592 0.00214592 0.00214592 
0.0426607 0.0386171 0.000202184 0.0406389 0.000202184 0.0285079 0.00828953 0.000202184 0.000202184 0.000202184 0.540032 0.0103114 0.000202184 0.000202184 0.289325 0.000202184 
0.00337838 0.00337838 0.00337838 0.00337838 0.00337838 0.510135 0.00337838 0.00337838 0.0371622 0.00337838 0.408784 0.00337838 0.00337838 0.00337838 0.00337838 0.00337838 
0.106177 0.036294 0.000225428 0.000225428 0.000225428 0.705816 0.000225428 0.000225428 0.000225428 0.000225428 0.000225428 0.000225428 0.000225428 0.000225428 0.149008 0.000225428 
0.00735294 0.301471 0.00735294 0.00735294 0.227941 0.301471 0.00735294 0.00735294 0.0808824 0.00735294 0.00735294 0.00735294 0.00735294 0.00735294 0.00735294 0.00735294 
0.797743 0.000126807 0.000126807 0.00519909 0.000126807 0.000126807 0.000126807 0.000126807 0.000126807 0.189069 0.000126807 0.000126807 0.000126807 0.000126807 0.00646716 0.000126807 
0.00165017 0.00165017 0.00165017 0.0181518 0.315182 0.00165017 0.00165017 0.00165017 0.117162 0.00165017 0.00165017 0.00165017 0.00165017 0.00165017 0.364686 0.166667 
0.00485437 0.150485 0.00485437 0.00485437 0.00485437 0.00485437 0.101942 0.00485437 0.00485437 0.00485437 0.101942 0.00485437 0.00485437 0.00485437 0.150485 0.441748 
0.00297619 0.00297619 0.0625 0.122024 0.0625 0.00297619 0.00297619 0.00297619 0.300595 0.00297619 0.419643 0.00297619 0.00297619 0.00297619 0.00297619 0.00297619 
0.64527 0.00337838 0.00337838 0.00337838 0.00337838 0.239865 0.00337838 0.00337838 0.00337838 0.00337838 0.00337838 0.00337838 0.00337838 0.00337838 0.0709459 0.00337838 
0.00537634 0.00537634 0.00537634 0.00537634 0.00537634 0.596774 0.00537634 0.00537634 0.00537634 0.00537634 0.00537634 0.00537634 0.0591398 0.00537634 0.274194 0.00537634 
0.26228 0.000183284 0.000183284 0.148644 0.0258431 0.463893 0.000183284 0.000183284 0.000183284 0.000183284 0.000183284 0.000183284 0.000183284 0.00384897 0.0936584 0.000183284 
0.712838 0.00337838 0.0371622 0.00337838 0.00337838 0.138514 0.00337838 0.00337838 0.00337838 0.00337838 0.00337838 0.00337838 0.00337838 0.00337838 0.0709459 0.00337838 
0.00862069 0.00862069 0.00862069 0.00862069 0.00862069 0.784483 0.00862069 0.0948276 0.00862069 0.00862069 0.00862069 0.00862069 0.00862069 0.00862069 0.00862069 0.00862069 
0.326923 0.391026 0.00641026 0.00641026 0.00641026 0.134615 0.00641026 0.0705128 0.00641026 0.00641026 0.00641026 0.00641026 0.00641026 0.00641026 0.00641026 0.00641026 
0.0034965 0.0034965 0.0034965 0.0734266 0.0034965 0.877622 0.0034965 0.0034965 0.0034965 0.0034965 0.0034965 0.0034965 0.0034965 0.0034965 0.0034965 0.0034965 
0.00442478 0.00442478 0.00442478 0.181416 0.00442478 0.269912 0.00442478 0.00442478 0.00442478 0.00442478 0.00442478 0.00442478 0.00442478 0.0486726 0.00442478 0.446903 
0.0034965 0.0034965 0.0034965 0.0384615 0.213287 0.353147 0.0034965 0.0034965 0.0034965 0.0734266 0.0034965 0.283217 0.0034965 0.0034965 0.0034965 0.0034965 
0.000144802 0.000144802 0.00593687 0.000144802 0.000144802 0.0421373 0.421518 0.000144802 0.0537214 0.00159282 0.00738488 0.000144802 0.00159282 0.107298 0.215899 0.14205 
