0.004065 0.004065 0.004065 0.004065 0.004065 0.004065 0.004065 0.963415 0.004065 0.004065 
0.002809 0.002809 0.002809 0.002809 0.002809 0.002809 0.002809 0.974719 0.002809 0.002809 
0.002242 0.002242 0.002242 0.002242 0.002242 0.002242 0.002242 0.975336 0.002242 0.006726 
0.001597 0.001597 0.001597 0.004792 0.001597 0.014377 0.001597 0.960064 0.011182 0.001597 
0.001291 0.000430 0.002151 0.002151 0.000430 0.489243 0.000430 0.495267 0.008176 0.000430 
0.000220 0.000220 0.000220 0.000220 0.000220 0.708040 0.000220 0.290202 0.000220 0.000220 
0.000184 0.000184 0.000184 0.000184 0.000184 0.747885 0.000184 0.247334 0.003126 0.000552 
0.000153 0.002294 0.000153 0.000459 0.000153 0.779664 0.000153 0.216055 0.000153 0.000765 
0.000151 0.000151 0.000151 0.000151 0.000151 0.782668 0.000151 0.216122 0.000151 0.000151 
0.000148 0.000445 0.000445 0.000148 0.000148 0.781648 0.000148 0.215980 0.000741 0.000148 
0.000108 0.130674 0.000540 0.000108 0.000108 0.706766 0.000324 0.161154 0.000108 0.000108 
0.000318 0.134868 0.000106 0.000106 0.000106 0.704266 0.000106 0.159911 0.000106 0.000106 
0.000103 0.158456 0.000310 0.000103 0.000310 0.679673 0.000103 0.158870 0.001552 0.000517 
0.002289 0.242311 0.000275 0.000092 0.000092 0.615983 0.000641 0.138136 0.000092 0.000092 
0.113337 0.302210 0.000732 0.000067 0.000067 0.488287 0.000200 0.094569 0.000466 0.000067 
0.222988 0.304567 0.000163 0.000705 0.000054 0.391679 0.000163 0.079464 0.000054 0.000163 
0.231500 0.309687 0.000054 0.000054 0.000054 0.382719 0.000161 0.075448 0.000161 0.000161 
0.222607 0.313507 0.000053 0.000160 0.000053 0.383602 0.000053 0.079324 0.000587 0.000053 
0.233448 0.309680 0.000052 0.000052 0.000052 0.382884 0.000052 0.069392 0.004334 0.000052 
0.188410 0.259189 0.000121 0.000603 0.000040 0.298118 0.174576 0.061811 0.017092 0.000040 
0.188690 0.262618 0.000039 0.000039 0.000039 0.296215 0.188303 0.057710 0.006309 0.000039 
0.187671 0.253978 0.000038 0.000265 0.000038 0.294673 0.186610 0.056494 0.020120 0.000114 
0.157852 0.218417 0.000098 0.000033 0.000033 0.240079 0.173660 0.043358 0.052205 0.114266 
0.157657 0.222840 0.000228 0.000228 0.000033 0.241706 0.172424 0.048888 0.045245 0.110753 
0.150821 0.204498 0.000031 0.000031 0.000031 0.217269 0.164641 0.041985 0.090788 0.129905 
0.143806 0.189763 0.000030 0.000089 0.020527 0.208843 0.160169 0.040434 0.108187 0.128153 
0.125013 0.176575 0.000079 0.000026 0.068158 0.188909 0.145394 0.037454 0.137612 0.120778 
0.123316 0.183560 0.000185 0.000026 0.065291 0.189214 0.143238 0.037018 0.140490 0.117661 
0.123225 0.181288 0.000229 0.000076 0.078495 0.179202 0.140833 0.034171 0.148720 0.113760 
0.118810 0.177241 0.000076 0.000228 0.078608 0.180228 0.138354 0.033949 0.154911 0.117595 
0.120995 0.175007 0.000025 0.000967 0.082556 0.178331 0.138106 0.034496 0.155218 0.114299 
0.108926 0.165880 0.000070 0.041873 0.076288 0.169387 0.125386 0.032334 0.170462 0.109394 
0.105438 0.160042 0.000023 0.062441 0.075358 0.159952 0.123188 0.035026 0.173456 0.105077 
0.112898 0.165050 0.000023 0.063588 0.074326 0.153772 0.124177 0.030565 0.172449 0.103153 
0.106782 0.162168 0.000023 0.061627 0.073254 0.162032 0.120257 0.029766 0.180825 0.103267 
0.101377 0.160224 0.000022 0.076049 0.072906 0.159560 0.120727 0.031682 0.173862 0.103591 
0.104746 0.156496 0.000022 0.077012 0.074694 0.151553 0.117213 0.032612 0.183618 0.102034 
0.107502 0.155868 0.000109 0.081637 0.070758 0.153639 0.119124 0.031829 0.182170 0.097365 
0.100297 0.148200 0.024035 0.082380 0.067637 0.147657 0.112325 0.031052 0.193263 0.093155 
0.093739 0.146471 0.067812 0.077687 0.061902 0.140866 0.101289 0.026175 0.194361 0.089698 
0.095597 0.143481 0.069785 0.078741 0.063511 0.135809 0.097449 0.025756 0.198167 0.091704 
0.092312 0.147385 0.083145 0.075088 0.061819 0.132970 0.104435 0.025411 0.193735 0.083700 
0.089393 0.145407 0.086652 0.073425 0.060637 0.129695 0.097760 0.024061 0.203102 0.089868 
0.084370 0.138515 0.126211 0.073910 0.055068 0.126312 0.089499 0.021072 0.200540 0.084504 
0.080960 0.136072 0.124895 0.069316 0.054425 0.130115 0.094479 0.021968 0.202995 0.084775 
0.085627 0.137501 0.138996 0.069636 0.051565 0.124793 0.087838 0.023093 0.199743 0.081207 
0.075238 0.127874 0.166430 0.067022 0.050328 0.113881 0.093500 0.022428 0.206146 0.077154 
0.073015 0.123806 0.179083 0.069443 0.050583 0.112423 0.088801 0.020175 0.209795 0.072877 
