0.0023166 0.0023166 0.000772201 0.000772201 0.00849421 0.459459 0.301931 0.034749 0.00540541 0.0332046 0.0023166 0.102703 0.000772201 0.0208494 0.0239382 
0.00775194 0.00775194 0.0852713 0.00775194 0.0387597 0.178295 0.302326 0.0542636 0.0387597 0.00775194 0.0232558 0.00775194 0.00775194 0.00775194 0.224806 
0.296482 0.00100503 0.0954774 0.302513 0.00100503 0.00703518 0.19397 0.0251256 0.00100503 0.0130653 0.00301508 0.00100503 0.00100503 0.0532663 0.00502513 
0.0549451 0.362637 0.186813 0.010989 0.010989 0.186813 0.010989 0.010989 0.010989 0.032967 0.032967 0.010989 0.0549451 0.010989 0.010989 
0.030303 0.252525 0.0909091 0.0909091 0.010101 0.010101 0.010101 0.010101 0.030303 0.191919 0.0909091 0.010101 0.030303 0.0707071 0.0707071 
0.00249875 0.00449775 0.00449775 0.00849575 0.00649675 0.517241 0.347326 0.0544728 0.00049975 0.00249875 0.00149925 0.00049975 0.00149925 0.0474763 0.00049975 
0.164376 0.00824629 0.000549753 0.000549753 0.0148433 0.299615 0.170973 0.059923 0.000549753 0.046729 0.000549753 0.000549753 0.000549753 0.231446 0.000549753 
0.0431622 0.0113585 0.0377101 0.00227169 0.0231713 0.0104498 0.317583 0.00227169 0.00227169 0.00499773 0.000454339 0.00681508 0.00318037 0.532031 0.00227169 
0.00621118 0.180124 0.0434783 0.00621118 0.180124 0.0310559 0.267081 0.0186335 0.00621118 0.00621118 0.00621118 0.00621118 0.00621118 0.217391 0.0186335 
0.133758 0.235669 0.452229 0.00636943 0.00636943 0.00636943 0.00636943 0.00636943 0.00636943 0.00636943 0.0573248 0.00636943 0.00636943 0.044586 0.0191083 
0.286174 0.00107181 0.369775 0.0439443 0.00321543 0.00321543 0.0760986 0.0267953 0.00321543 0.022508 0.00107181 0.0267953 0.00107181 0.11254 0.022508 
0.026393 0.026393 0.272727 0.085044 0.00293255 0.085044 0.290323 0.0322581 0.00293255 0.00293255 0.00879765 0.0322581 0.00879765 0.0205279 0.102639 
0.0181818 0.0545455 0.0181818 0.0181818 0.309091 0.0181818 0.0181818 0.0545455 0.0181818 0.0181818 0.163636 0.0181818 0.0181818 0.0181818 0.236364 
0.243648 0.0220741 0.0354019 0.0112453 0.112037 0.231987 0.326947 0.00291545 0.000416493 0.00374844 0.00458142 0.000416493 0.000416493 0.00291545 0.00124948 
0.0179641 0.137725 0.00598802 0.269461 0.00598802 0.00598802 0.00598802 0.00598802 0.0179641 0.0179641 0.00598802 0.0898204 0.0778443 0.209581 0.125749 
0.253886 0.00863558 0.0120898 0.468048 0.0328152 0.00172712 0.0328152 0.00863558 0.00172712 0.00863558 0.00172712 0.00518135 0.00172712 0.146805 0.015544 
0.229541 0.0618762 0.0978044 0.00199601 0.00199601 0.00199601 0.225549 0.0578842 0.00199601 0.10978 0.0139721 0.125749 0.00598802 0.0419162 0.0219561 
0.130275 0.0458716 0.299083 0.148624 0.00183486 0.00183486 0.174312 0.00183486 0.00183486 0.00183486 0.00183486 0.00183486 0.00550459 0.177982 0.00550459 
0.00578035 0.780347 0.0289017 0.0404624 0.00578035 0.0404624 0.017341 0.00578035 0.00578035 0.00578035 0.017341 0.00578035 0.017341 0.017341 0.00578035 
0.010989 0.406593 0.0989011 0.186813 0.0549451 0.032967 0.032967 0.010989 0.0549451 0.032967 0.010989 0.010989 0.010989 0.032967 0.010989 
0.00578035 0.0982659 0.0982659 0.0751445 0.017341 0.0867052 0.00578035 0.00578035 0.16763 0.375723 0.017341 0.017341 0.017341 0.00578035 0.00578035 
0.0614525 0.0614525 0.0391061 0.00558659 0.0726257 0.0391061 0.184358 0.0391061 0.0391061 0.251397 0.027933 0.0502793 0.0614525 0.0614525 0.00558659 
0.125956 0.000509944 0.0657828 0.000509944 0.0260071 0.0382458 0.18613 0.0300867 0.00764916 0.409485 0.00152983 0.00254972 0.00662927 0.0984192 0.000509944 
0.0344828 0.0541872 0.00492611 0.00492611 0.00492611 0.0246305 0.320197 0.00492611 0.00492611 0.0344828 0.00492611 0.00492611 0.00492611 0.448276 0.044335 
0.342335 0.0135028 0.00555997 0.0246227 0.000794281 0.000794281 0.134234 0.000794281 0.000794281 0.119936 0.000794281 0.000794281 0.000794281 0.316918 0.0373312 
0.0292887 0.330544 0.0292887 0.104603 0.0292887 0.0376569 0.0962343 0.16318 0.0209205 0.0543933 0.0460251 0.0041841 0.0125523 0.0376569 0.0041841 
0.0191083 0.309554 0.00127389 0.00382166 0.0089172 0.00127389 0.436943 0.00127389 0.0089172 0.164331 0.0089172 0.0089172 0.00636943 0.0191083 0.00127389 
0.0117647 0.482353 0.0117647 0.294118 0.0117647 0.0117647 0.0117647 0.0117647 0.0117647 0.0352941 0.0117647 0.0117647 0.0352941 0.0352941 0.0117647 
0.285313 0.01029 0.00841908 0.000935454 0.00280636 0.00280636 0.0121609 0.00654818 0.000935454 0.0851263 0.000935454 0.01029 0.446211 0.126286 0.000935454 
0.004329 0.0909091 0.012987 0.471861 0.0735931 0.030303 0.004329 0.004329 0.004329 0.012987 0.021645 0.012987 0.004329 0.246753 0.004329 
0.20629 0.0101758 0.00277521 0.0231267 0.0971323 0.00462535 0.0434783 0.0101758 0.000925069 0.00277521 0.47086 0.00462535 0.00277521 0.119334 0.000925069 
0.0521212 0.00848485 0.660606 0.0206061 0.00121212 0.0109091 0.202424 0.00848485 0.00606061 0.00121212 0.00121212 0.00121212 0.0133333 0.00606061 0.00606061 
0.0052356 0.0994764 0.0157068 0.026178 0.0575916 0.204188 0.172775 0.0052356 0.0157068 0.0157068 0.026178 0.0052356 0.078534 0.267016 0.0052356 
0.00863558 0.00863558 0.0362694 0.457686 0.0362694 0.00172712 0.015544 0.00863558 0.00172712 0.205527 0.00518135 0.015544 0.00518135 0.164076 0.029361 
0.240876 0.343066 0.0218978 0.0510949 0.00729927 0.153285 0.0218978 0.00729927 0.00729927 0.00729927 0.00729927 0.0364964 0.0218978 0.0364964 0.0364964 
0.0633429 0.00531263 0.00204332 0.0633429 0.0224765 0.239068 0.391091 0.00612996 0.00694728 0.141806 0.000408664 0.00122599 0.00204332 0.0519003 0.00286065 
0.287381 0.0434783 0.00318134 0.0116649 0.00106045 0.183457 0.172853 0.00106045 0.00106045 0.0116649 0.00106045 0.0265111 0.00106045 0.242842 0.0116649 
0.00149286 0.0117296 0.000213265 0.000213265 0.257411 0.00959693 0.607592 0.000639795 0.00362551 0.000213265 0.00234592 0.0215398 0.0151418 0.0680316 0.000213265 
0.0196078 0.254902 0.372549 0.0196078 0.0196078 0.0196078 0.0196078 0.0196078 0.0196078 0.0196078 0.0196078 0.0196078 0.0196078 0.137255 0.0196078 
0.215311 0.244019 0.0813397 0.0430622 0.00478469 0.0143541 0.263158 0.0430622 0.0143541 0.00478469 0.00478469 0.0239234 0.00478469 0.0334928 0.00478469 
0.310962 0.0738255 0.275168 0.0111857 0.00223714 0.0201342 0.167785 0.00223714 0.0111857 0.00223714 0.00671141 0.0290828 0.00223714 0.0514541 0.033557 
0.0163934 0.245902 0.0491803 0.0163934 0.0819672 0.0163934 0.0819672 0.0163934 0.0491803 0.0163934 0.0491803 0.0163934 0.0163934 0.245902 0.0819672 
0.0126582 0.113924 0.0126582 0.21519 0.0126582 0.0886076 0.0126582 0.0379747 0.0126582 0.0632911 0.0126582 0.0886076 0.0126582 0.189873 0.113924 
0.0277078 0.118388 0.193955 0.00755668 0.02267 0.0478589 0.34005 0.00251889 0.0125945 0.0629723 0.00251889 0.00755668 0.00251889 0.148615 0.00251889 
0.0666667 0.187879 0.0181818 0.50303 0.00606061 0.0181818 0.0181818 0.0181818 0.00606061 0.0181818 0.00606061 0.0181818 0.0181818 0.00606061 0.0909091 
0.00616938 0.000560852 0.000560852 0.688166 0.000560852 0.00392597 0.203589 0.0364554 0.00280426 0.0162647 0.00392597 0.00280426 0.00168256 0.0319686 0.000560852 
0.297178 0.000553403 0.418926 0.00166021 0.000553403 0.00830105 0.0359712 0.00719424 0.00608744 0.0182623 0.000553403 0.00166021 0.00387382 0.198672 0.000553403 
0.0126582 0.291139 0.0126582 0.0126582 0.0126582 0.164557 0.0126582 0.0379747 0.0126582 0.0126582 0.0379747 0.0126582 0.113924 0.240506 0.0126582 
0.196706 0.010064 0.147301 0.00640439 0.000914913 0.183898 0.26624 0.0576395 0.000914913 0.119854 0.00274474 0.00274474 0.000914913 0.000914913 0.00274474 
0.050717 0.0164393 0.000349773 0.455754 0.000349773 0.00524659 0.403288 0.018538 0.000349773 0.00664568 0.00594614 0.000349773 0.000349773 0.0248339 0.010843 
0.0507903 0.000632244 0.0132771 0.0271865 0.00442571 0.0103267 0.39726 0.00189673 0.000210748 0.201686 0.000210748 0.233298 0.000210748 0.0566913 0.00189673 
0.246847 0.0018018 0.398198 0.0018018 0.000600601 0.021021 0.219219 0.000600601 0.00660661 0.003003 0.0018018 0.0018018 0.0042042 0.0918919 0.000600601 
0.0149254 0.552239 0.0149254 0.134328 0.104478 0.0149254 0.0149254 0.0149254 0.0149254 0.0149254 0.0149254 0.0149254 0.0149254 0.0447761 0.0149254 
0.171315 0.115538 0.0199203 0.00398406 0.00398406 0.513944 0.00398406 0.00398406 0.0358566 0.0517928 0.0358566 0.00398406 0.00398406 0.0199203 0.0119522 
0.251799 0.00513875 0.0113052 0.00102775 0.00308325 0.621788 0.0483042 0.00102775 0.00102775 0.0174717 0.00102775 0.00102775 0.00308325 0.0318602 0.00102775 
0.362637 0.0197802 0.0021978 0.00659341 0.010989 0.00659341 0.0021978 0.0021978 0.0021978 0.0021978 0.0637363 0.00659341 0.116484 0.384615 0.010989 
0.00489258 0.00233993 0.00191449 0.000212721 0.453308 0.000212721 0.526909 0.000212721 0.000638162 0.0010636 0.000638162 0.000212721 0.000212721 0.00701978 0.000212721 
0.0126582 0.164557 0.468354 0.189873 0.0126582 0.0126582 0.0126582 0.0126582 0.0126582 0.0126582 0.0126582 0.0126582 0.0126582 0.0126582 0.0379747 
0.0136986 0.342466 0.0410959 0.0410959 0.0136986 0.0136986 0.0136986 0.0136986 0.0410959 0.0410959 0.0410959 0.0958904 0.150685 0.0958904 0.0410959 
0.0169492 0.0847458 0.152542 0.389831 0.0169492 0.0508475 0.0169492 0.0508475 0.0169492 0.0169492 0.0169492 0.0169492 0.0169492 0.0169492 0.118644 
0.218065 0.00129032 0.00129032 0.470968 0.00129032 0.00129032 0.083871 0.0245161 0.0219355 0.00129032 0.00129032 0.00129032 0.00645161 0.130323 0.0348387 
0.0212052 0.000762777 0.0102212 0.000457666 0.015103 0.22868 0.676278 0.001373 0.000457666 0.00991609 0.000152555 0.00594966 0.0111365 0.0181541 0.000152555 
0.0117647 0.176471 0.129412 0.0117647 0.0352941 0.2 0.0117647 0.0588235 0.0352941 0.0588235 0.0117647 0.0117647 0.0352941 0.129412 0.0823529 
0.0827068 0.0646617 0.196992 0.184962 0.00150376 0.00150376 0.368421 0.0075188 0.0225564 0.0285714 0.00150376 0.0075188 0.00150376 0.0285714 0.00150376 
0.0909091 0.434343 0.0707071 0.0707071 0.010101 0.010101 0.0707071 0.010101 0.010101 0.0505051 0.0505051 0.010101 0.0909091 0.010101 0.010101 
0.0434783 0.0197628 0.0197628 0.517787 0.00395257 0.00395257 0.0355731 0.0118577 0.00395257 0.0197628 0.00395257 0.00395257 0.00395257 0.272727 0.0355731 
0.0114943 0.287356 0.0114943 0.425287 0.0804598 0.0114943 0.0114943 0.0114943 0.0114943 0.0114943 0.0344828 0.0114943 0.0574713 0.0114943 0.0114943 
0.0402576 0.0466989 0.00161031 0.500805 0.00161031 0.00161031 0.336554 0.00483092 0.00161031 0.037037 0.00161031 0.00161031 0.00805153 0.0112721 0.00483092 
0.208633 0.251799 0.280576 0.00719424 0.00719424 0.0215827 0.00719424 0.00719424 0.0215827 0.0503597 0.0215827 0.00719424 0.00719424 0.0503597 0.0503597 
0.182004 0.0388548 0.186094 0.00204499 0.00613497 0.0756646 0.231084 0.0143149 0.00204499 0.0633947 0.00204499 0.0224949 0.00204499 0.104294 0.0674847 
0.0793651 0.460317 0.047619 0.111111 0.047619 0.047619 0.047619 0.015873 0.015873 0.015873 0.015873 0.015873 0.047619 0.015873 0.015873 
0.0752688 0.333333 0.0967742 0.11828 0.0107527 0.0322581 0.0107527 0.0322581 0.0322581 0.0107527 0.0322581 0.0322581 0.16129 0.0107527 0.0107527 
0.217445 0.0878505 0.3919 0.000623053 0.000623053 0.0143302 0.185047 0.00436137 0.000623053 0.00560748 0.000623053 0.000623053 0.00186916 0.0878505 0.000623053 
0.0175439 0.298246 0.0877193 0.0175439 0.157895 0.0175439 0.0175439 0.0175439 0.0175439 0.0175439 0.0175439 0.0877193 0.0175439 0.122807 0.0877193 
0.268467 0.00152827 0.000509424 0.00662252 0.314315 0.0677534 0.283749 0.000509424 0.00458482 0.00866021 0.00662252 0.000509424 0.00458482 0.0259806 0.00560367 
0.0108282 0.0114135 0.00146327 0.0377524 0.0594088 0.000292654 0.765291 0.00614574 0.00497512 0.000292654 0.000292654 0.0886743 0.000292654 0.000292654 0.0125841 
0.0153846 0.661538 0.0153846 0.0153846 0.0461538 0.0461538 0.0153846 0.0461538 0.0461538 0.0153846 0.0153846 0.0153846 0.0153846 0.0153846 0.0153846 
0.0144928 0.0628019 0.0241546 0.00483092 0.00483092 0.130435 0.130435 0.00483092 0.256039 0.00483092 0.304348 0.0338164 0.00483092 0.0144928 0.00483092 
0.0404624 0.271676 0.121387 0.0635838 0.00578035 0.00578035 0.283237 0.00578035 0.00578035 0.00578035 0.017341 0.0404624 0.0289017 0.0982659 0.00578035 
0.00884956 0.469027 0.00884956 0.0442478 0.0265487 0.00884956 0.00884956 0.115044 0.00884956 0.115044 0.0265487 0.00884956 0.00884956 0.079646 0.0619469 
0.0947368 0.326316 0.0315789 0.0736842 0.0105263 0.0315789 0.0105263 0.0105263 0.2 0.0105263 0.0105263 0.157895 0.0105263 0.0105263 0.0105263 
0.0171429 0.417143 0.00571429 0.00571429 0.04 0.00571429 0.0171429 0.00571429 0.04 0.0514286 0.00571429 0.04 0.0742857 0.268571 0.00571429 
0.109515 0.00897666 0.00179533 0.0412926 0.0305206 0.00179533 0.285458 0.0448833 0.0125673 0.00179533 0.00179533 0.00179533 0.005386 0.181329 0.271095 
0.00571429 0.00571429 0.0971429 0.108571 0.0514286 0.00571429 0.04 0.04 0.00571429 0.417143 0.0285714 0.131429 0.00571429 0.04 0.0171429 
0.410319 0.022113 0.312039 0.00737101 0.00737101 0.00737101 0.041769 0.002457 0.002457 0.002457 0.017199 0.115479 0.002457 0.00737101 0.041769 
0.105455 0.134545 0.381818 0.0181818 0.00363636 0.00363636 0.0618182 0.0109091 0.0109091 0.0836364 0.00363636 0.0254545 0.00363636 0.149091 0.00363636 
0.232323 0.0707071 0.030303 0.010101 0.131313 0.0707071 0.030303 0.010101 0.010101 0.0909091 0.030303 0.010101 0.151515 0.111111 0.010101 
0.015015 0.0750751 0.00900901 0.255255 0.00900901 0.003003 0.141141 0.153153 0.0630631 0.027027 0.003003 0.021021 0.003003 0.147147 0.0750751 
0.04 0.226667 0.0133333 0.0133333 0.0666667 0.0133333 0.0133333 0.0133333 0.0133333 0.0133333 0.04 0.04 0.0133333 0.466667 0.0133333 
0.0592547 0.0213806 0.0128283 0.348809 0.00549786 0.000610874 0.169212 0.0788027 0.00183262 0.000610874 0.000610874 0.000610874 0.000610874 0.297495 0.00183262 
0.113472 0.0294544 0.000482859 0.462096 0.000482859 0.00241429 0.356832 0.00434573 0.00144858 0.000482859 0.000482859 0.0255915 0.000482859 0.000482859 0.00144858 
0.012987 0.584416 0.012987 0.116883 0.012987 0.012987 0.012987 0.038961 0.012987 0.012987 0.0909091 0.012987 0.038961 0.012987 0.012987 
0.0123457 0.0617284 0.160494 0.185185 0.0123457 0.0123457 0.037037 0.037037 0.0617284 0.0123457 0.0617284 0.0617284 0.0864198 0.160494 0.037037 
0.120623 0.175097 0.0817121 0.0116732 0.00389105 0.00389105 0.0583658 0.00389105 0.00389105 0.0661479 0.0116732 0.120623 0.0116732 0.284047 0.0428016 
0.0169492 0.118644 0.0169492 0.559322 0.0169492 0.0169492 0.0169492 0.0169492 0.0169492 0.0169492 0.0169492 0.0169492 0.0169492 0.0508475 0.0847458 
0.248425 0.00069979 0.0468859 0.00489853 0.00069979 0.340798 0.129461 0.0104969 0.00069979 0.00349895 0.00209937 0.0146956 0.00349895 0.189643 0.00349895 
0.0126582 0.0379747 0.0886076 0.392405 0.0126582 0.0126582 0.0126582 0.139241 0.0126582 0.0632911 0.0126582 0.0126582 0.0126582 0.0126582 0.164557 
0.262136 0.398058 0.0485437 0.0291262 0.0291262 0.0291262 0.00970874 0.0485437 0.00970874 0.00970874 0.00970874 0.0291262 0.0485437 0.0291262 0.00970874 
0.0101695 0.0101695 0.00338983 0.586441 0.00338983 0.0305085 0.0305085 0.118644 0.0101695 0.0983051 0.00338983 0.0101695 0.00338983 0.0711864 0.0101695 
0.0708578 0.00266383 0.00372936 0.212573 0.000532765 0.270112 0.360682 0.000532765 0.000532765 0.0154502 0.000532765 0.000532765 0.0015983 0.0591369 0.000532765 
0.0154712 0.0267229 0.00984529 0.288326 0.00140647 0.00140647 0.31083 0.0464135 0.00140647 0.0323488 0.00140647 0.02391 0.00140647 0.237693 0.00140647 
0.466667 0.0133333 0.00848485 0.0181818 0.00121212 0.00848485 0.122424 0.0109091 0.0109091 0.0472727 0.00606061 0.0230303 0.00121212 0.260606 0.00121212 
0.253385 0.00193424 0.0174081 0.59381 0.00193424 0.0599613 0.00193424 0.00967118 0.00967118 0.0135397 0.00580271 0.00193424 0.00193424 0.00580271 0.0212766 
0.015873 0.396825 0.206349 0.015873 0.047619 0.015873 0.015873 0.015873 0.015873 0.015873 0.111111 0.015873 0.015873 0.015873 0.0793651 
0.0223325 0.00744417 0.0223325 0.478908 0.00248139 0.00744417 0.210918 0.0769231 0.0372208 0.0471464 0.00248139 0.0223325 0.00248139 0.0372208 0.0223325 
0.00132931 0.000120846 0.000120846 0.00132931 0.265982 0.00277946 0.630695 0.00205438 0.000120846 0.0199396 0.0160725 0.00858006 0.0151057 0.0276737 0.00809668 
0.161905 0.0857143 0.352381 0.00952381 0.00952381 0.0285714 0.0666667 0.00952381 0.00952381 0.00952381 0.0285714 0.0285714 0.00952381 0.142857 0.047619 
0.0153846 0.0549451 0.169231 0.252747 0.010989 0.0197802 0.16044 0.0373626 0.0153846 0.00659341 0.0021978 0.217582 0.0021978 0.0153846 0.0197802 
0.00160514 0.00802568 0.0914928 0.00160514 0.00481541 0.0176565 0.386838 0.00160514 0.00160514 0.05939 0.011236 0.0176565 0.011236 0.329053 0.0561798 
0.0105263 0.347368 0.0105263 0.0315789 0.347368 0.0105263 0.0105263 0.0105263 0.0315789 0.0105263 0.0105263 0.0315789 0.0315789 0.0526316 0.0526316 
0.0260104 0.00120048 0.0236094 0.00040016 0.0668267 0.00040016 0.522209 0.00440176 0.0020008 0.0172069 0.00120048 0.00040016 0.0060024 0.323729 0.00440176 
0.220339 0.152542 0.0169492 0.0169492 0.0169492 0.0169492 0.118644 0.0169492 0.0508475 0.0169492 0.0169492 0.0169492 0.0169492 0.0847458 0.220339 
0.0141018 0.0435316 0.000613121 0.419988 0.0030656 0.00797057 0.0386266 0.270386 0.0030656 0.00674433 0.00183936 0.000613121 0.00919681 0.179644 0.000613121 
0.0684932 0.369863 0.0958904 0.0136986 0.0410959 0.0410959 0.0136986 0.0136986 0.0410959 0.0136986 0.0136986 0.0410959 0.0136986 0.0410959 0.178082 
0.00206186 0.154639 0.00618557 0.00206186 0.0391753 0.043299 0.430928 0.014433 0.00206186 0.00206186 0.0103093 0.00618557 0.014433 0.265979 0.00618557 
0.311604 0.00130378 0.00391134 0.0247718 0.029987 0.0169492 0.113429 0.011734 0.00130378 0.0638853 0.00391134 0.34811 0.00130378 0.0664928 0.00130378 
0.0928962 0.409836 0.00546448 0.278689 0.103825 0.0163934 0.00546448 0.0163934 0.0382514 0.00546448 0.00546448 0.00546448 0.00546448 0.00546448 0.00546448 
0.00699301 0.0769231 0.034965 0.00699301 0.0909091 0.048951 0.412587 0.00699301 0.00699301 0.104895 0.00699301 0.00699301 0.00699301 0.034965 0.146853 
0.00719424 0.00143885 0.71223 0.00143885 0.00431655 0.00143885 0.185612 0.00719424 0.00143885 0.00719424 0.00431655 0.0100719 0.0158273 0.0388489 0.00143885 
0.0881459 0.0942249 0.270517 0.00911854 0.155015 0.00303951 0.234043 0.00303951 0.0334347 0.00303951 0.00303951 0.00303951 0.00303951 0.00911854 0.0881459 
0.0149254 0.402985 0.164179 0.0149254 0.0149254 0.0149254 0.0149254 0.164179 0.0149254 0.0149254 0.0149254 0.0447761 0.0149254 0.0149254 0.0746269 
0.207373 0.0599078 0.520737 0.00460829 0.078341 0.00460829 0.00460829 0.00460829 0.00460829 0.0414747 0.00460829 0.00460829 0.00460829 0.0506912 0.00460829 
0.00653595 0.346405 0.0196078 0.00653595 0.00653595 0.00653595 0.0326797 0.00653595 0.00653595 0.0326797 0.00653595 0.00653595 0.0196078 0.464052 0.0326797 
0.328732 0.000862813 0.0888697 0.00431406 0.0543572 0.000862813 0.211389 0.287317 0.000862813 0.00258844 0.000862813 0.00258844 0.000862813 0.0129422 0.00258844 
0.00813008 0.235772 0.0894309 0.0894309 0.154472 0.0243902 0.00813008 0.0569106 0.00813008 0.0243902 0.0406504 0.0243902 0.105691 0.0894309 0.0406504 
0.001619 0.00233855 0.000899442 0.0322 0.0214067 0.0142112 0.603166 0.0239252 0.000539665 0.000539665 0.000539665 0.00377766 0.263177 0.0314805 0.000179888 
0.0851634 0.000535619 0.000535619 0.00160686 0.00160686 0.462239 0.33369 0.000535619 0.00160686 0.00482057 0.00267809 0.000535619 0.00160686 0.102303 0.000535619 
0.469293 0.00115875 0.00579374 0.304751 0.00115875 0.0127462 0.0104287 0.00347625 0.00115875 0.00115875 0.00115875 0.0382387 0.00347625 0.142526 0.00347625 
0.000623053 0.0566978 0.00436137 0.00311526 0.00186916 0.307165 0.398131 0.000623053 0.000623053 0.120249 0.00311526 0.00311526 0.0629283 0.035514 0.00186916 
0.237766 0.00287853 0.282671 0.0166955 0.00633276 0.000575705 0.104203 0.00402994 0.00287853 0.00402994 0.00287853 0.00172712 0.00172712 0.328728 0.00287853 
0.045622 0.000850099 0.277416 0.0320204 0.000283366 0.0501559 0.51431 0.000283366 0.00651743 0.00595069 0.000850099 0.00368376 0.00198356 0.0592236 0.000850099 
0.00571429 0.52 0.00571429 0.00571429 0.00571429 0.00571429 0.00571429 0.00571429 0.00571429 0.0285714 0.00571429 0.0171429 0.00571429 0.371429 0.00571429 
0.204601 0.00246508 0.00410846 0.492194 0.000821693 0.00410846 0.120789 0.0304026 0.000821693 0.00739523 0.000821693 0.00903862 0.000821693 0.102712 0.0188989 
0.000481 0.000481 0.00625301 0.452621 0.002405 0.001443 0.442039 0.013949 0.003367 0.012987 0.002405 0.001443 0.00529101 0.0543531 0.000481 
0.017341 0.236994 0.0751445 0.456647 0.00578035 0.00578035 0.00578035 0.0635838 0.0289017 0.00578035 0.0520231 0.0289017 0.00578035 0.00578035 0.00578035 
0.00733496 0.0464548 0.0953545 0.0660147 0.00244499 0.0317848 0.393643 0.00733496 0.0220049 0.251834 0.0513447 0.00244499 0.00244499 0.0171149 0.00244499 
0.0106762 0.00318412 0.0147968 0.0151714 0.00131111 0.0207904 0.597677 0.126803 0.00206031 0.061622 0.000187301 0.00206031 0.000936505 0.142536 0.000187301 
0.249509 0.0137525 0.000654879 0.000654879 0.000654879 0.00196464 0.0438769 0.0150622 0.00196464 0.00327439 0.000654879 0.00196464 0.000654879 0.664702 0.000654879 
0.26097 0.105466 0.265589 0.0192456 0.00384911 0.00384911 0.291763 0.000769823 0.000769823 0.00230947 0.034642 0.00538876 0.00230947 0.000769823 0.00230947 
0.129584 0.00570497 0.000814996 0.0823146 0.0176582 0.00298832 0.549036 0.0508014 0.0220049 0.0442814 0.000271665 0.0551481 0.00244499 0.0345015 0.00244499 
0.121631 0.000728332 0.000728332 0.010925 0.472688 0.00801165 0.188638 0.000728332 0.000728332 0.015295 0.002185 0.000728332 0.015295 0.155135 0.00655499 
0.00529101 0.00529101 0.00529101 0.417989 0.00529101 0.00529101 0.206349 0.026455 0.037037 0.0793651 0.00529101 0.0793651 0.00529101 0.026455 0.0899471 
0.0711297 0.205021 0.0794979 0.0041841 0.0627615 0.0125523 0.34728 0.0041841 0.0209205 0.0125523 0.0041841 0.0125523 0.0125523 0.0627615 0.0878661 
0.0695971 0.120879 0.010989 0.641026 0.040293 0.003663 0.0549451 0.003663 0.018315 0.010989 0.003663 0.003663 0.003663 0.010989 0.003663 
0.00269542 0.132075 0.0188679 0.299191 0.00269542 0.0619946 0.191375 0.0458221 0.0943396 0.00808625 0.0350404 0.0781671 0.0242588 0.00269542 0.00269542 
0.101746 0.0102348 0.378688 0.0740518 0.0583986 0.012643 0.205298 0.00301023 0.000602047 0.00782661 0.000602047 0.00180614 0.00782661 0.135461 0.00180614 
0.00955043 0.00675518 0.000698812 0.0570696 0.115304 0.00349406 0.543909 0.0104822 0.000232937 0.187049 0.0253902 0.00256231 0.0365712 0.000698812 0.000232937 
0.000116509 0.000349528 0.000349528 0.000116509 0.00104858 0.000116509 0.440988 0.000116509 0.000116509 0.000116509 0.000116509 0.555866 0.000349528 0.000116509 0.000116509 
0.0137525 0.0844794 0.0294695 0.575639 0.0137525 0.00196464 0.0569745 0.0687623 0.00196464 0.0137525 0.00589391 0.00196464 0.0609037 0.0530452 0.0176817 
0.164835 0.230769 0.274725 0.032967 0.032967 0.010989 0.010989 0.010989 0.010989 0.0989011 0.010989 0.032967 0.010989 0.0549451 0.010989 
0.142857 0.0649351 0.116883 0.376623 0.012987 0.012987 0.012987 0.012987 0.012987 0.012987 0.012987 0.012987 0.0649351 0.012987 0.116883 
0.0857143 0.142857 0.00952381 0.0285714 0.00952381 0.00952381 0.00952381 0.0285714 0.047619 0.00952381 0.00952381 0.00952381 0.00952381 0.219048 0.371429 
0.0709028 0.00968617 0.0383572 0.000387447 0.000387447 0.000387447 0.52499 0.00658659 0.000387447 0.000387447 0.000387447 0.000387447 0.000387447 0.110422 0.235955 
0.0282068 0.000638162 0.00446713 0.0134014 0.0537332 0.00114869 0.485641 0.00268028 0.00140396 0.350096 0.00344608 0.00829611 0.000382897 0.04097 0.00548819 
0.323141 0.0159833 0.323141 0.00486449 0.192495 0.000694927 0.116053 0.00208478 0.000694927 0.000694927 0.000694927 0.000694927 0.000694927 0.0159833 0.00208478 
0.123548 0.512144 0.00105597 0.00105597 0.0031679 0.00105597 0.32207 0.00105597 0.00105597 0.0137276 0.0095037 0.00105597 0.00105597 0.00739176 0.00105597 
0.0259439 0.000210926 0.000210926 0.0605358 0.0297406 0.0225691 0.590804 0.00400759 0.00147648 0.000210926 0.00949167 0.00400759 0.00358574 0.0833158 0.163889 
0.352601 0.109827 0.156069 0.017341 0.0289017 0.00578035 0.00578035 0.109827 0.0289017 0.00578035 0.00578035 0.109827 0.0520231 0.00578035 0.00578035 
0.227694 0.0482691 0.0141394 0.0014627 0.0131643 0.0102389 0.256948 0.00243784 0.00536324 0.00633837 0.0102389 0.000487567 0.0238908 0.37884 0.000487567 
0.0153846 0.0153846 0.2 0.0153846 0.0153846 0.107692 0.0153846 0.0461538 0.0153846 0.0153846 0.0153846 0.0153846 0.0153846 0.230769 0.261538 
0.2 0.189744 0.0769231 0.00512821 0.00512821 0.0974359 0.00512821 0.0358974 0.0153846 0.00512821 0.00512821 0.00512821 0.00512821 0.220513 0.128205 
0.102703 0.286486 0.135135 0.232432 0.0378378 0.00540541 0.0486486 0.00540541 0.00540541 0.0162162 0.00540541 0.0594595 0.0378378 0.0162162 0.00540541 
0.134503 0.391813 0.216374 0.0877193 0.00584795 0.00584795 0.0175439 0.0643275 0.0292398 0.0175439 0.00584795 0.00584795 0.00584795 0.00584795 0.00584795 
0.0181818 0.345455 0.0424242 0.309091 0.0181818 0.00606061 0.00606061 0.0424242 0.0181818 0.0787879 0.0181818 0.00606061 0.030303 0.00606061 0.0545455 
0.030303 0.494949 0.030303 0.030303 0.0505051 0.0505051 0.030303 0.010101 0.0707071 0.010101 0.010101 0.010101 0.030303 0.131313 0.010101 
0.00645161 0.0236559 0.243011 0.0666667 0.00645161 0.0924731 0.0150538 0.00215054 0.00215054 0.088172 0.00215054 0.00645161 0.00215054 0.427957 0.0150538 
0.00230734 0.00323027 0.0503 0.00230734 0.000461467 0.199815 0.496078 0.0936779 0.00692201 0.0235348 0.0013844 0.0115367 0.000461467 0.101061 0.00692201 
0.0481765 0.000450248 0.379559 0.0157587 0.00225124 0.000450248 0.376857 0.000450248 0.00315173 0.0112562 0.00315173 0.00135074 0.00135074 0.154435 0.00135074 
0.249383 0.017284 0.00576132 0.00246914 0.000823045 0.413992 0.185185 0.0205761 0.000823045 0.0106996 0.000823045 0.0090535 0.00740741 0.0748971 0.000823045 
0.0736278 0.00937082 0.00133869 0.780455 0.00133869 0.00133869 0.0629183 0.0120482 0.0120482 0.0200803 0.0120482 0.00133869 0.00133869 0.00937082 0.00133869 
0.0233683 0.00241741 0.000805802 0.369863 0.00402901 0.000805802 0.510073 0.00402901 0.000805802 0.0523771 0.000805802 0.00241741 0.00241741 0.0169218 0.00886382 
0.112222 0.000454339 0.0131758 0.0649705 0.000454339 0.000454339 0.0786006 0.391186 0.0131758 0.000454339 0.00408905 0.00136302 0.00408905 0.0895048 0.225806 
0.0318841 0.385507 0.0724638 0.24058 0.00289855 0.00289855 0.0608696 0.00289855 0.00869565 0.153623 0.00289855 0.00289855 0.00289855 0.00869565 0.0202899 
0.190372 0.059081 0.146608 0.00218818 0.00656455 0.00218818 0.02407 0.00656455 0.00218818 0.00218818 0.00218818 0.00218818 0.00656455 0.536105 0.0109409 
0.102757 0.0626566 0.0626566 0.388471 0.00250627 0.00250627 0.22807 0.00250627 0.00250627 0.00250627 0.00250627 0.0676692 0.0125313 0.0576441 0.00250627 
0.104816 0.01983 0.000944287 0.00472144 0.01983 0.00472144 0.329556 0.082153 0.0103872 0.17847 0.000944287 0.0103872 0.00283286 0.229462 0.000944287 
0.00848896 0.0865874 0.00509338 0.00169779 0.00509338 0.00169779 0.42275 0.00509338 0.439728 0.00848896 0.00169779 0.00509338 0.00169779 0.00169779 0.00509338 
0.0199256 0.000218962 0.00328443 0.0505802 0.364134 0.000218962 0.514342 0.00240858 0.0142325 0.00240858 0.0098533 0.0151084 0.000656886 0.00240858 0.000218962 
0.0542636 0.581395 0.0697674 0.0697674 0.00775194 0.00775194 0.0232558 0.0387597 0.00775194 0.00775194 0.00775194 0.0232558 0.0232558 0.0697674 0.00775194 
0.223843 0.000634115 0.000634115 0.00443881 0.00570704 0.000634115 0.0234623 0.00697527 0.00570704 0.0513633 0.000634115 0.000634115 0.00190235 0.672796 0.000634115 
0.0104243 0.00572603 0.00425782 0.0245192 0.0597563 0.00748789 0.808251 0.0174717 0.000146821 0.00924974 0.00337689 0.0204082 0.000734107 0.018059 0.0101307 
0.134543 0.00239644 0.000342349 0.454981 0.000342349 0.000342349 0.0790825 0.166039 0.00102705 0.000342349 0.000342349 0.00376583 0.0140363 0.142075 0.000342349 
0.137852 0.000761615 0.389185 0.00228484 0.0053313 0.105864 0.348058 0.000761615 0.00380807 0.000761615 0.000761615 0.000761615 0.000761615 0.00228484 0.000761615 
0.0448625 0.0188133 0.0564399 0.024602 0.0767004 0.015919 0.499276 0.00144718 0.00144718 0.00723589 0.00144718 0.00144718 0.0101302 0.0853835 0.154848 
0.191851 0.0424448 0.00848896 0.439728 0.00169779 0.00169779 0.0696095 0.00169779 0.0118846 0.0730051 0.0390492 0.00169779 0.00169779 0.113752 0.00169779 
0.191355 0.000527148 0.00369004 0.217712 0.000527148 0.00369004 0.287296 0.000527148 0.000527148 0.140749 0.000527148 0.0405904 0.000527148 0.0648392 0.0469162 
0.00598802 0.305389 0.0179641 0.0778443 0.00598802 0.221557 0.0299401 0.0179641 0.00598802 0.0658683 0.00598802 0.00598802 0.0179641 0.197605 0.0179641 
0.033557 0.0201342 0.100671 0.033557 0.00671141 0.167785 0.00671141 0.0201342 0.0201342 0.00671141 0.00671141 0.00671141 0.00671141 0.288591 0.275168 
0.0476689 0.000523834 0.000523834 0.00261917 0.000523834 0.00261917 0.457307 0.0937664 0.0811943 0.0193819 0.000523834 0.000523834 0.000523834 0.127292 0.165008 
0.114428 0.000995025 0.309453 0.00497512 0.00298507 0.000995025 0.106468 0.00497512 0.000995025 0.148259 0.0129353 0.00298507 0.0308458 0.251741 0.00696517 
0.0220713 0.00509338 0.00509338 0.568761 0.00169779 0.00169779 0.293718 0.0424448 0.00169779 0.00169779 0.00169779 0.0152801 0.00169779 0.00509338 0.0322581 
0.002849 0.000189934 0.000569801 0.00512821 0.483001 0.000189934 0.48452 0.000189934 0.000189934 0.00132953 0.000569801 0.000189934 0.0017094 0.017284 0.00208927 
0.16407 0.00641613 0.0907424 0.0614115 0.015582 0.0210816 0.138405 0.00091659 0.00091659 0.00274977 0.0192484 0.00091659 0.00458295 0.224565 0.248396 
0.0490479 0.00750144 0.0132718 0.0017311 0.0363531 0.000577034 0.0317369 0.699942 0.134449 0.00750144 0.000577034 0.0017311 0.000577034 0.00634737 0.00865551 
0.798751 0.00624566 0.000693963 0.00208189 0.000693963 0.000693963 0.0340042 0.0117974 0.00346981 0.0964608 0.0298404 0.000693963 0.00208189 0.0117974 0.000693963 
0.081761 0.0901468 0.0356394 0.0188679 0.0230608 0.00209644 0.358491 0.0314465 0.0230608 0.115304 0.00209644 0.0146751 0.144654 0.048218 0.0104822 
0.0163934 0.344262 0.0491803 0.0163934 0.147541 0.0163934 0.0491803 0.0491803 0.0163934 0.0163934 0.114754 0.0163934 0.0491803 0.0163934 0.0819672 
0.0902973 0.00168256 0.000560852 0.0286035 0.422322 0.000560852 0.255188 0.0386988 0.0106562 0.0588895 0.00953449 0.022995 0.00953449 0.0499159 0.000560852 
0.248989 0.0306181 0.0017331 0.00404391 0.0017331 0.0155979 0.190064 0.0213749 0.0283073 0.000577701 0.000577701 0.0167533 0.428076 0.0109763 0.000577701 
0.0232558 0.0697674 0.0232558 0.0232558 0.0232558 0.0232558 0.0232558 0.0232558 0.116279 0.0232558 0.0232558 0.0232558 0.116279 0.0232558 0.44186 
0.138462 0.0153846 0.0153846 0.0153846 0.0153846 0.0153846 0.0153846 0.0153846 0.292308 0.0153846 0.0153846 0.0461538 0.0153846 0.0153846 0.353846 
0.111111 0.0123457 0.0123457 0.0123457 0.0123457 0.0123457 0.0123457 0.0123457 0.037037 0.0123457 0.234568 0.0123457 0.0123457 0.0123457 0.481481 
0.00187617 0.692308 0.00187617 0.00187617 0.00187617 0.00562852 0.242026 0.00187617 0.00187617 0.00938086 0.00562852 0.0131332 0.00187617 0.0131332 0.00562852 
0.0662215 0.000556483 0.000556483 0.00723428 0.00278242 0.00166945 0.405676 0.00389538 0.293267 0.000556483 0.00166945 0.0706733 0.109627 0.0250417 0.0105732 
0.0153846 0.323077 0.0153846 0.0153846 0.415385 0.0153846 0.0461538 0.0153846 0.0153846 0.0153846 0.0153846 0.0153846 0.0461538 0.0153846 0.0153846 
0.000427168 0.0012815 0.000427168 0.000427168 0.137121 0.00726185 0.301153 0.208885 0.00299018 0.00897053 0.313114 0.000427168 0.00640752 0.0106792 0.000427168 
0.011236 0.325843 0.011236 0.011236 0.0561798 0.168539 0.011236 0.0337079 0.011236 0.0337079 0.0337079 0.0561798 0.0786517 0.011236 0.146067 
0.000903342 0.00451671 0.000903342 0.0171635 0.127371 0.0749774 0.385727 0.00271003 0.00271003 0.0225836 0.0352304 0.00271003 0.309846 0.0117435 0.000903342 
0.0181818 0.527273 0.0181818 0.0181818 0.0181818 0.0181818 0.0181818 0.0181818 0.0909091 0.0181818 0.0181818 0.0181818 0.0545455 0.0181818 0.127273 
0.0804598 0.425287 0.0114943 0.0114943 0.0114943 0.0114943 0.0574713 0.0114943 0.0114943 0.0574713 0.0574713 0.0804598 0.0114943 0.0114943 0.149425 
0.161937 0.00166945 0.00500835 0.00500835 0.00834725 0.0317195 0.0851419 0.00500835 0.632721 0.0217028 0.00834725 0.015025 0.00166945 0.00166945 0.015025 
0.174684 0.00253165 0.00759494 0.0126582 0.00253165 0.00253165 0.103797 0.00253165 0.453165 0.00759494 0.078481 0.043038 0.0126582 0.0177215 0.078481 
0.191011 0.393258 0.011236 0.0337079 0.011236 0.011236 0.011236 0.0337079 0.0561798 0.011236 0.0561798 0.146067 0.011236 0.011236 0.011236 
0.298701 0.000316756 0.000950269 0.00221729 0.000316756 0.000316756 0.000316756 0.000950269 0.688312 0.000950269 0.000316756 0.00475135 0.000950269 0.000316756 0.000316756 
0.162393 0.264957 0.00854701 0.025641 0.00854701 0.025641 0.00854701 0.00854701 0.299145 0.042735 0.0940171 0.025641 0.00854701 0.00854701 0.00854701 
0.227964 0.00101317 0.426545 0.029382 0.00303951 0.00303951 0.00101317 0.00101317 0.167173 0.00506586 0.100304 0.00101317 0.0111449 0.00101317 0.0212766 
0.0114943 0.264368 0.172414 0.0344828 0.0114943 0.0114943 0.0114943 0.0114943 0.172414 0.0114943 0.149425 0.0114943 0.0114943 0.0114943 0.103448 
0.0899001 0.0099889 0.00332963 0.0255272 0.00110988 0.00110988 0.0832408 0.00110988 0.72697 0.00110988 0.0210877 0.00110988 0.0210877 0.0099889 0.00332963 
0.181881 0.00754976 0.000686342 0.000686342 0.000686342 0.000686342 0.000686342 0.295813 0.00343171 0.00343171 0.501716 0.000686342 0.000686342 0.000686342 0.000686342 
0.140496 0.454545 0.00826446 0.00826446 0.0743802 0.00826446 0.00826446 0.00826446 0.00826446 0.00826446 0.00826446 0.00826446 0.107438 0.00826446 0.140496 
0.0491803 0.278689 0.0163934 0.0491803 0.0163934 0.0163934 0.0491803 0.0163934 0.0163934 0.0163934 0.0163934 0.0491803 0.0163934 0.0819672 0.311475 
0.0126582 0.291139 0.0126582 0.189873 0.0126582 0.0126582 0.0126582 0.0126582 0.0126582 0.0126582 0.0126582 0.139241 0.0126582 0.0126582 0.240506 
0.011236 0.438202 0.0337079 0.146067 0.011236 0.0337079 0.011236 0.0561798 0.0786517 0.011236 0.123596 0.011236 0.011236 0.011236 0.011236 
0.0877193 0.438596 0.0175439 0.0175439 0.0175439 0.0175439 0.0175439 0.122807 0.0877193 0.0175439 0.0175439 0.0175439 0.0175439 0.0175439 0.0877193 
0.0340193 0.00209996 0.000419992 0.00881982 0.000419992 0.000419992 0.436371 0.00125997 0.000419992 0.000419992 0.51281 0.000419992 0.000419992 0.00125997 0.000419992 
0.0697674 0.0232558 0.0232558 0.0232558 0.0232558 0.0232558 0.0232558 0.116279 0.0697674 0.0232558 0.162791 0.116279 0.116279 0.0232558 0.162791 
0.0140845 0.211268 0.0422535 0.0140845 0.0985915 0.0985915 0.0140845 0.0140845 0.183099 0.0140845 0.0985915 0.0140845 0.15493 0.0140845 0.0140845 
0.00598802 0.00598802 0.0179641 0.00598802 0.00598802 0.00598802 0.173653 0.00598802 0.00598802 0.125749 0.0658683 0.00598802 0.0538922 0.0179641 0.497006 
0.223881 0.0149254 0.104478 0.104478 0.0149254 0.0149254 0.0149254 0.0149254 0.0746269 0.0447761 0.0447761 0.0447761 0.0149254 0.0447761 0.223881 
0.164557 0.0126582 0.0126582 0.0379747 0.0379747 0.0126582 0.0379747 0.0379747 0.0126582 0.0632911 0.139241 0.0126582 0.0126582 0.0126582 0.392405 
0.00151469 0.000302939 0.00212057 0.00272645 0.000302939 0.000908816 0.480158 0.00212057 0.00212057 0.0215086 0.00212057 0.000908816 0.482581 0.000302939 0.000302939 
0.00752634 0.00351229 0.23432 0.0958354 0.00852985 0.00250878 0.316608 0.0607125 0.000501756 0.000501756 0.00451581 0.000501756 0.189162 0.0747617 0.000501756 
0.0126582 0.392405 0.0126582 0.265823 0.0126582 0.0126582 0.0126582 0.0886076 0.0632911 0.0126582 0.0126582 0.0632911 0.0126582 0.0126582 0.0126582 
0.0617284 0.037037 0.0123457 0.111111 0.037037 0.037037 0.0123457 0.135802 0.0864198 0.0123457 0.0123457 0.0864198 0.0864198 0.0123457 0.259259 
0.633987 0.00466853 0.0121382 0.0252101 0.00280112 0.0289449 0.139122 0.0774977 0.0569561 0.000933707 0.00280112 0.000933707 0.00280112 0.00280112 0.00840336 
0.0833776 0.00584174 0.000531067 0.0780669 0.023898 0.00371747 0.454063 0.0228359 0.0015932 0.000531067 0.079129 0.22889 0.00902815 0.00796601 0.000531067 
0.0774908 0.719557 0.00369004 0.0332103 0.00369004 0.00369004 0.0332103 0.00369004 0.0553506 0.00369004 0.00369004 0.00369004 0.0258303 0.0110701 0.0184502 
0.147848 0.00062383 0.00311915 0.00187149 0.0168434 0.0118528 0.339988 0.0655022 0.238927 0.0817218 0.0305677 0.00187149 0.0555209 0.00062383 0.00311915 
0.012987 0.246753 0.012987 0.038961 0.0649351 0.012987 0.038961 0.012987 0.012987 0.142857 0.324675 0.038961 0.012987 0.012987 0.012987 
0.0163934 0.245902 0.0163934 0.0163934 0.0819672 0.0491803 0.0819672 0.0163934 0.0163934 0.0491803 0.147541 0.0163934 0.0491803 0.0163934 0.180328 
0.0666667 0.466667 0.0222222 0.0222222 0.0222222 0.0222222 0.0222222 0.0222222 0.111111 0.0666667 0.0222222 0.0222222 0.0222222 0.0222222 0.0666667 
0.04 0.466667 0.0133333 0.0133333 0.04 0.0133333 0.04 0.0133333 0.0133333 0.0133333 0.04 0.2 0.0133333 0.04 0.04 
0.158596 0.00310973 0.000444247 0.000444247 0.44558 0.00577521 0.353176 0.000444247 0.000444247 0.000444247 0.0075522 0.000444247 0.0102177 0.0128832 0.000444247 
0.000841852 0.000360794 0.000120265 0.000120265 0.000601323 0.00108238 0.529284 0.00877931 0.00156344 0.000360794 0.450872 0.000120265 0.000120265 0.000841852 0.00493085 
0.0334572 0.0260223 0.0557621 0.00371747 0.00371747 0.00371747 0.0185874 0.0483271 0.063197 0.137546 0.390335 0.070632 0.0483271 0.0483271 0.0483271 
0.147026 0.178451 0.0707071 0.00112233 0.00112233 0.00112233 0.003367 0.257015 0.0684624 0.0751964 0.0347924 0.010101 0.0886644 0.0549944 0.00785634 
0.102461 0.00171723 0.00057241 0.00286205 0.00400687 0.0326274 0.411563 0.00057241 0.00515169 0.00057241 0.00286205 0.0108758 0.421866 0.00171723 0.00057241 
0.037037 0.674074 0.00740741 0.0222222 0.00740741 0.0518519 0.0222222 0.0222222 0.00740741 0.00740741 0.00740741 0.0666667 0.00740741 0.00740741 0.0518519 
0.0175976 0.00535578 0.00535578 0.061974 0.0604438 0.0328998 0.17368 0.0130069 0.00229533 0.0145371 0.000765111 0.00382555 0.38026 0.224178 0.00382555 
0.0110121 0.00157315 0.00157315 0.00996329 0.000524384 0.000524384 0.396959 0.000524384 0.00576822 0.0141584 0.00681699 0.516518 0.0319874 0.00157315 0.000524384 
0.0204724 0.288189 0.0425197 0.0614173 0.023622 0.0015748 0.259843 0.0110236 0.0299213 0.0267717 0.130709 0.0551181 0.0173228 0.0173228 0.0141732 
0.0823529 0.341176 0.152941 0.0352941 0.0117647 0.0352941 0.0588235 0.0117647 0.0117647 0.0117647 0.0352941 0.0117647 0.0352941 0.0117647 0.152941 
0.00413793 0.00965517 0.00689655 0.00137931 0.017931 0.0124138 0.128276 0.00137931 0.757241 0.0124138 0.00137931 0.00413793 0.0262069 0.0124138 0.00413793 
0.0100745 0.0127026 0.00131406 0.00131406 0.00043802 0.00131406 0.282523 0.00043802 0.687254 0.00043802 0.00043802 0.00043802 0.00043802 0.00043802 0.00043802 
0.027027 0.00900901 0.00900901 0.00900901 0.0630631 0.0990991 0.027027 0.00900901 0.441441 0.045045 0.00900901 0.171171 0.027027 0.027027 0.027027 
0.0422535 0.211268 0.0422535 0.0140845 0.0422535 0.0704225 0.0140845 0.0422535 0.211268 0.0140845 0.0140845 0.0140845 0.0140845 0.0140845 0.239437 
0.051616 0.000482393 0.00144718 0.000482393 0.000482393 0.0969609 0.812832 0.000482393 0.000482393 0.000482393 0.00723589 0.000482393 0.0226725 0.000482393 0.00337675 
0.236861 0.00250258 0.00191373 0.682909 0.00191373 0.00014721 0.0295893 0.0201678 0.0172236 0.00014721 0.000441631 0.00191373 0.00368026 0.000441631 0.00014721 
0.0163934 0.147541 0.0163934 0.0163934 0.0163934 0.0163934 0.0819672 0.0163934 0.0819672 0.0163934 0.0491803 0.0163934 0.147541 0.0819672 0.278689 
0.00341297 0.45295 0.000487567 0.00341297 0.0014627 0.000487567 0.531936 0.0014627 0.000487567 0.000487567 0.000487567 0.000487567 0.0014627 0.000487567 0.000487567 
0.172755 0.235913 0.00185759 0.000619195 0.0229102 0.0142415 0.237152 0.00557276 0.0377709 0.00557276 0.0551084 0.0835913 0.117028 0.00928793 0.000619195 
