0.00189133 0.000171939 0.00189133 0.123968 0.0173659 0.000171939 0.000171939 0.332015 0.00189133 0.000171939 0.000171939 0.000171939 0.0517538 0.0242435 0.443776 0.000171939 
0.0172956 0.0172956 0.00157233 0.00157233 0.00157233 0.0644654 0.00157233 0.00157233 0.551887 0.143082 0.00157233 0.0172956 0.00157233 0.111635 0.0172956 0.0487421 
0.0010142 0.0010142 0.0010142 0.0010142 0.0010142 0.0010142 0.0010142 0.0010142 0.406694 0.53854 0.0010142 0.0010142 0.0415822 0.0010142 0.0010142 0.0010142 
0.00316456 0.00316456 0.00316456 0.00316456 0.00316456 0.00316456 0.00316456 0.00316456 0.224684 0.00316456 0.00316456 0.00316456 0.256329 0.00316456 0.0348101 0.446203 
0.0215164 0.0420082 0.0112705 0.0112705 0.00102459 0.00102459 0.0215164 0.123975 0.0522541 0.00102459 0.00102459 0.0932377 0.0932377 0.390369 0.11373 0.0215164 
0.106218 0.00259067 0.106218 0.443005 0.00259067 0.00259067 0.00259067 0.00259067 0.00259067 0.00259067 0.00259067 0.00259067 0.158031 0.158031 0.00259067 0.00259067 
0.000167616 0.000167616 0.223098 0.0839759 0.0638619 0.00351995 0.000167616 0.000167616 0.000167616 0.000167616 0.00519611 0.000167616 0.000167616 0.263326 0.325344 0.0303386 
0.0202162 0.0342274 0.00620496 0.00020016 0.154323 0.00020016 0.00220176 0.00020016 0.00420336 0.00020016 0.00020016 0.00220176 0.00020016 0.286429 0.342474 0.146317 
0.000138966 0.000138966 0.000138966 0.000138966 0.000138966 0.000138966 0.00152863 0.330878 0.000138966 0.0376598 0.000138966 0.000138966 0.0376598 0.328099 0.250278 0.0126459 
0.00137741 0.0702479 0.00137741 0.00137741 0.00137741 0.00137741 0.00137741 0.00137741 0.00137741 0.304408 0.00137741 0.0702479 0.00137741 0.249311 0.0151515 0.27686 
0.00143678 0.0876437 0.0158046 0.00143678 0.0158046 0.0732759 0.00143678 0.00143678 0.102011 0.00143678 0.00143678 0.00143678 0.533046 0.00143678 0.145115 0.0158046 
0.000238892 0.000238892 0.000238892 0.000238892 0.0121835 0.00262781 0.000238892 0.0456283 0.19613 0.0169613 0.000238892 0.000238892 0.301242 0.0193502 0.403966 0.000238892 
0.000994036 0.000994036 0.000994036 0.000994036 0.000994036 0.000994036 0.000994036 0.110338 0.17992 0.000994036 0.0407555 0.000994036 0.517893 0.0308151 0.0805169 0.0308151 
0.0060241 0.0662651 0.0060241 0.126506 0.0060241 0.0662651 0.0060241 0.0060241 0.0060241 0.0060241 0.0060241 0.0060241 0.0662651 0.0060241 0.0060241 0.608434 
0.000137627 0.000137627 0.000137627 0.000137627 0.265758 0.000137627 0.000137627 0.0207817 0.000137627 0.000137627 0.0015139 0.0345445 0.101982 0.000137627 0.407514 0.166667 
0.00115473 0.00115473 0.00115473 0.266744 0.00115473 0.00115473 0.00115473 0.00115473 0.232102 0.00115473 0.0127021 0.00115473 0.00115473 0.185912 0.266744 0.0242494 
0.000317864 0.000317864 0.000317864 0.000317864 0.000317864 0.000317864 0.000317864 0.000317864 0.639224 0.000317864 0.000317864 0.000317864 0.0321043 0.000317864 0.324539 0.000317864 
0.000618812 0.00680693 0.000618812 0.310025 0.00680693 0.000618812 0.000618812 0.000618812 0.0315594 0.000618812 0.000618812 0.000618812 0.26052 0.16151 0.217203 0.000618812 
0.000379363 0.0876328 0.000379363 0.000379363 0.000379363 0.000379363 0.000379363 0.000379363 0.372155 0.000379363 0.000379363 0.000379363 0.182473 0.0307284 0.322838 0.000379363 
0.00121065 0.00121065 0.00121065 0.00121065 0.0254237 0.00121065 0.00121065 0.00121065 0.00121065 0.00121065 0.533898 0.00121065 0.00121065 0.0133172 0.412833 0.00121065 
0.109043 0.00265957 0.00265957 0.00265957 0.00265957 0.00265957 0.00265957 0.00265957 0.454787 0.0824468 0.00265957 0.00265957 0.268617 0.00265957 0.0558511 0.00265957 
0.00127226 0.00127226 0.00127226 0.0267176 0.00127226 0.0139949 0.00127226 0.00127226 0.47201 0.00127226 0.00127226 0.0267176 0.268448 0.00127226 0.179389 0.00127226 
0.205163 0.0013587 0.0013587 0.0013587 0.0013587 0.0557065 0.0013587 0.0013587 0.0013587 0.273098 0.0149457 0.0013587 0.408967 0.0013587 0.0013587 0.0285326 
0.314621 0.00130548 0.00130548 0.0143603 0.00130548 0.00130548 0.00130548 0.0926893 0.00130548 0.223238 0.00130548 0.00130548 0.314621 0.0274151 0.00130548 0.00130548 
0.00198699 0.00921243 0.000180636 0.0417269 0.000180636 0.0146315 0.000180636 0.000180636 0.0164379 0.0381142 0.00198699 0.000180636 0.49151 0.0326951 0.348808 0.00198699 
0.00193798 0.00193798 0.00193798 0.00193798 0.00193798 0.00193798 0.00193798 0.00193798 0.00193798 0.00193798 0.0213178 0.00193798 0.00193798 0.738372 0.215116 0.00193798 
0.000150921 0.209931 0.000150921 0.113341 0.000150921 0.000150921 0.0393903 0.000150921 0.000150921 0.05901 0.000150921 0.0544823 0.000150921 0.00166013 0.440839 0.0801388 
0.0095986 0.0095986 0.0008726 0.149215 0.0095986 0.0008726 0.0008726 0.0008726 0.393543 0.288831 0.0095986 0.0008726 0.0532286 0.0270506 0.0445026 0.0008726 
0.000771605 0.000771605 0.000771605 0.417438 0.263117 0.0393519 0.000771605 0.000771605 0.000771605 0.000771605 0.170525 0.000771605 0.000771605 0.0239198 0.0239198 0.054784 
0.00337838 0.00337838 0.00337838 0.172297 0.00337838 0.00337838 0.00337838 0.00337838 0.510135 0.00337838 0.239865 0.00337838 0.00337838 0.00337838 0.0371622 0.00337838 
0.00145773 0.00145773 0.0889213 0.00145773 0.00145773 0.00145773 0.00145773 0.14723 0.642857 0.00145773 0.074344 0.00145773 0.00145773 0.0306122 0.00145773 0.00145773 
0.000223914 0.000223914 0.000223914 0.000223914 0.000223914 0.000223914 0.148007 0.00918047 0.000223914 0.000223914 0.000223914 0.436856 0.000223914 0.000223914 0.40103 0.00246305 
0.185739 0.000880282 0.000880282 0.0096831 0.000880282 0.000880282 0.000880282 0.000880282 0.441021 0.000880282 0.000880282 0.12412 0.000880282 0.12412 0.0184859 0.0889085 
0.0508505 0.000180963 0.00741947 0.00199059 0.000180963 0.000180963 0.000180963 0.000180963 0.552117 0.000180963 0.0381831 0.000180963 0.000180963 0.000180963 0.289721 0.058089 
0.000422654 0.000422654 0.000422654 0.0511412 0.000422654 0.000422654 0.000422654 0.000422654 0.237109 0.0046492 0.000422654 0.000422654 0.52874 0.000422654 0.173711 0.000422654 
0.409621 0.00145773 0.409621 0.00145773 0.0451895 0.00145773 0.00145773 0.00145773 0.00145773 0.00145773 0.016035 0.00145773 0.016035 0.0889213 0.00145773 0.00145773 
0.00162338 0.00162338 0.00162338 0.131494 0.00162338 0.00162338 0.00162338 0.00162338 0.212662 0.00162338 0.099026 0.00162338 0.24513 0.00162338 0.293831 0.00162338 
0.00797735 0.000257334 0.000257334 0.000257334 0.000257334 0.000257334 0.0105507 0.000257334 0.468605 0.144364 0.00283067 0.0105507 0.221565 0.0259907 0.105764 0.000257334 
0.000162973 0.0132008 0.000162973 0.000162973 0.00994133 0.000162973 0.0148305 0.31796 0.0816493 0.146838 0.0376467 0.0164602 0.000162973 0.236473 0.0229791 0.101206 
0.00862069 0.00862069 0.00862069 0.00862069 0.00862069 0.00862069 0.00862069 0.00862069 0.00862069 0.00862069 0.00862069 0.00862069 0.87069 0.00862069 0.00862069 0.00862069 
0.00118203 0.00118203 0.00118203 0.29669 0.0248227 0.00118203 0.00118203 0.00118203 0.00118203 0.0130024 0.00118203 0.00118203 0.237589 0.0839243 0.332151 0.00118203 
0.000721501 0.000721501 0.000721501 0.000721501 0.0151515 0.000721501 0.101732 0.000721501 0.000721501 0.000721501 0.00793651 0.000721501 0.599567 0.0440115 0.209957 0.0151515 
0.101942 0.00485437 0.00485437 0.199029 0.0533981 0.00485437 0.00485437 0.00485437 0.00485437 0.00485437 0.00485437 0.00485437 0.199029 0.150485 0.199029 0.0533981 
0.0034965 0.0034965 0.0034965 0.388112 0.0034965 0.0034965 0.0034965 0.0034965 0.562937 0.0034965 0.0034965 0.0034965 0.0034965 0.0034965 0.0034965 0.0034965 
0.000508647 0.000508647 0.000508647 0.107325 0.000508647 0.000508647 0.000508647 0.000508647 0.000508647 0.351475 0.000508647 0.000508647 0.483723 0.0513733 0.000508647 0.000508647 
0.00190114 0.00190114 0.00190114 0.230038 0.0209125 0.00190114 0.00190114 0.00190114 0.477186 0.00190114 0.00190114 0.00190114 0.00190114 0.00190114 0.249049 0.00190114 
0.575006 0.000123365 0.000123365 0.000123365 0.000123365 0.00875894 0.000123365 0.00135702 0.233284 0.0507032 0.0186282 0.040834 0.000123365 0.0124599 0.0581051 0.000123365 
0.000104866 0.00220218 0.000104866 0.00534815 0.000104866 0.00534815 0.000104866 0.0116401 0.00325084 0.0420512 0.000104866 0.000104866 0.474098 0.117555 0.313654 0.024224 
0.00280899 0.00280899 0.00280899 0.115169 0.0308989 0.00280899 0.648876 0.00280899 0.115169 0.00280899 0.00280899 0.00280899 0.0589888 0.00280899 0.00280899 0.00280899 
0.0118292 0.000288517 0.0175995 0.000288517 0.000288517 0.000288517 0.000288517 0.000288517 0.000288517 0.0118292 0.0175995 0.000288517 0.617715 0.000288517 0.320542 0.000288517 
0.757437 0.000169033 0.000169033 0.000169033 0.0035497 0.000169033 0.000169033 0.000169033 0.000169033 0.000169033 0.000169033 0.000169033 0.000169033 0.0424273 0.194557 0.000169033 
0.000133761 0.000133761 0.000133761 0.000133761 0.000133761 0.000133761 0.000133761 0.000133761 0.0161851 0.161985 0.000133761 0.000133761 0.000133761 0.000133761 0.1874 0.632825 
0.000160102 0.000160102 0.000160102 0.000160102 0.0882165 0.000160102 0.000160102 0.00176113 0.000160102 0.000160102 0.059398 0.000160102 0.570125 0.00176113 0.277137 0.000160102 
0.0533981 0.00485437 0.00485437 0.00485437 0.00485437 0.00485437 0.00485437 0.00485437 0.538835 0.00485437 0.00485437 0.00485437 0.34466 0.00485437 0.00485437 0.00485437 
0.189815 0.00462963 0.0509259 0.00462963 0.00462963 0.00462963 0.00462963 0.00462963 0.00462963 0.00462963 0.0509259 0.00462963 0.00462963 0.00462963 0.652778 0.00462963 
0.000829187 0.000829187 0.000829187 0.00912106 0.000829187 0.000829187 0.000829187 0.000829187 0.000829187 0.216418 0.000829187 0.00912106 0.747098 0.000829187 0.00912106 0.000829187 
0.000194704 0.000194704 0.000194704 0.0488707 0.000194704 0.000194704 0.000194704 0.000194704 0.547313 0.000194704 0.000194704 0.000194704 0.000194704 0.000194704 0.354556 0.0469237 
0.000441306 0.000441306 0.000441306 0.00485437 0.000441306 0.000441306 0.441748 0.0225066 0.000441306 0.00485437 0.000441306 0.000441306 0.00485437 0.000441306 0.507944 0.00926743 
0.000167056 0.000167056 0.000167056 0.000167056 0.00517875 0.000167056 0.000167056 0.000167056 0.330939 0.0486134 0.023555 0.000167056 0.132142 0.011861 0.239058 0.207317 
0.00337838 0.00337838 0.0371622 0.00337838 0.00337838 0.00337838 0.00337838 0.00337838 0.273649 0.00337838 0.00337838 0.00337838 0.64527 0.00337838 0.00337838 0.00337838 
0.0037594 0.0037594 0.0037594 0.0037594 0.0037594 0.154135 0.492481 0.0037594 0.0037594 0.0037594 0.0037594 0.0037594 0.304511 0.0037594 0.0037594 0.0037594 
0.00537634 0.00537634 0.00537634 0.00537634 0.112903 0.00537634 0.00537634 0.00537634 0.650538 0.00537634 0.00537634 0.0591398 0.112903 0.00537634 0.00537634 0.00537634 
0.000137061 0.00287829 0.000137061 0.000137061 0.000137061 0.000137061 0.0124726 0.242736 0.0165844 0.0796327 0.0577029 0.000137061 0.320861 0.000137061 0.266036 0.000137061 
0.0034965 0.0034965 0.143357 0.0034965 0.108392 0.0034965 0.0034965 0.0034965 0.0034965 0.0384615 0.0034965 0.0034965 0.143357 0.423077 0.0034965 0.108392 
0.0105163 0.000956023 0.000956023 0.0678776 0.000956023 0.000956023 0.0200765 0.000956023 0.0869981 0.106119 0.0487572 0.000956023 0.459847 0.000956023 0.0965583 0.0965583 
0.00224215 0.00224215 0.0246637 0.00224215 0.0695067 0.00224215 0.00224215 0.00224215 0.540359 0.00224215 0.00224215 0.00224215 0.00224215 0.00224215 0.2713 0.0695067 
0.00297619 0.00297619 0.00297619 0.00297619 0.0327381 0.00297619 0.00297619 0.00297619 0.568452 0.00297619 0.0922619 0.00297619 0.00297619 0.0327381 0.00297619 0.241071 
0.000503525 0.000503525 0.000503525 0.000503525 0.000503525 0.00553877 0.000503525 0.000503525 0.690332 0.0407855 0.000503525 0.000503525 0.000503525 0.000503525 0.257301 0.000503525 
0.00167785 0.00167785 0.0352349 0.0184564 0.00167785 0.00167785 0.00167785 0.00167785 0.00167785 0.00167785 0.00167785 0.00167785 0.471477 0.00167785 0.454698 0.00167785 
0.00055991 0.00615901 0.00055991 0.00055991 0.00055991 0.00615901 0.140538 0.0229563 0.0117581 0.202128 0.00055991 0.00055991 0.0509518 0.00055991 0.263718 0.291713 
0.00442478 0.00442478 0.00442478 0.00442478 0.00442478 0.00442478 0.00442478 0.00442478 0.269912 0.00442478 0.00442478 0.00442478 0.358407 0.0486726 0.00442478 0.269912 
0.00306748 0.00306748 0.00306748 0.125767 0.00306748 0.00306748 0.647239 0.00306748 0.0337423 0.156442 0.00306748 0.00306748 0.00306748 0.00306748 0.00306748 0.00306748 
0.000144383 0.000144383 0.000144383 0.000144383 0.000144383 0.000144383 0.0203581 0.000144383 0.000144383 0.0246896 0.000144383 0.00158822 0.524256 0.00303205 0.418856 0.00591972 
0.00510204 0.00510204 0.00510204 0.362245 0.0561224 0.00510204 0.0561224 0.00510204 0.00510204 0.00510204 0.00510204 0.00510204 0.209184 0.260204 0.00510204 0.00510204 
0.103757 0.00193118 0.0282654 0.000175562 0.00193118 0.000175562 0.389923 0.000175562 0.0036868 0.000175562 0.00193118 0.000175562 0.00895365 0.000175562 0.351299 0.107268 
0.0653965 0.000171644 0.00875386 0.0602472 0.000171644 0.00360453 0.000171644 0.000171644 0.355475 0.0482321 0.000171644 0.000171644 0.000171644 0.000171644 0.19413 0.262788 
0.00406504 0.0853659 0.00406504 0.00406504 0.695122 0.00406504 0.0447154 0.00406504 0.00406504 0.00406504 0.00406504 0.00406504 0.0853659 0.0447154 0.00406504 0.00406504 
0.418736 0.351016 0.00112867 0.00112867 0.00112867 0.00112867 0.00112867 0.00112867 0.00112867 0.0349887 0.0575621 0.0349887 0.00112867 0.0349887 0.00112867 0.0575621 
0.00234742 0.00234742 0.00234742 0.00234742 0.495305 0.00234742 0.119718 0.0258216 0.00234742 0.00234742 0.00234742 0.00234742 0.307512 0.0258216 0.00234742 0.00234742 
0.161392 0.446203 0.0981013 0.00316456 0.00316456 0.00316456 0.00316456 0.00316456 0.00316456 0.00316456 0.00316456 0.00316456 0.193038 0.00316456 0.0664557 0.00316456 
0.00246305 0.00246305 0.00246305 0.150246 0.00246305 0.0270936 0.00246305 0.00246305 0.00246305 0.00246305 0.00246305 0.00246305 0.0270936 0.00246305 0.00246305 0.76601 
0.0211777 0.0108471 0.0211777 0.362087 0.000516529 0.000516529 0.0625 0.000516529 0.0831612 0.0470041 0.201963 0.000516529 0.000516529 0.129649 0.0573347 0.000516529 
0.00510204 0.00510204 0.209184 0.0561224 0.0561224 0.00510204 0.00510204 0.00510204 0.260204 0.00510204 0.00510204 0.00510204 0.00510204 0.00510204 0.00510204 0.362245 
0.00326797 0.00326797 0.00326797 0.00326797 0.00326797 0.00326797 0.00326797 0.0359477 0.101307 0.00326797 0.00326797 0.0686275 0.656863 0.00326797 0.101307 0.00326797 
0.0270936 0.0270936 0.00246305 0.0270936 0.00246305 0.00246305 0.0517241 0.00246305 0.174877 0.224138 0.00246305 0.00246305 0.00246305 0.174877 0.273399 0.00246305 
0.317396 0.000576037 0.000576037 0.000576037 0.00633641 0.000576037 0.000576037 0.000576037 0.455645 0.000576037 0.000576037 0.000576037 0.000576037 0.0178571 0.161866 0.0351382 
0.00229358 0.00229358 0.369266 0.0711009 0.0252294 0.00229358 0.00229358 0.00229358 0.00229358 0.00229358 0.00229358 0.00229358 0.116972 0.00229358 0.369266 0.0252294 
0.00362319 0.00362319 0.00362319 0.00362319 0.00362319 0.00362319 0.184783 0.00362319 0.00362319 0.00362319 0.00362319 0.00362319 0.184783 0.148551 0.00362319 0.438406 
0.000144383 0.000144383 0.000144383 0.000144383 0.00447589 0.000144383 0.000144383 0.000144383 0.000144383 0.000144383 0.580566 0.000144383 0.00447589 0.000144383 0.255703 0.153191 
0.000659631 0.000659631 0.000659631 0.000659631 0.000659631 0.000659631 0.000659631 0.000659631 0.950528 0.0270449 0.000659631 0.000659631 0.0138522 0.000659631 0.000659631 0.000659631 
0.00423729 0.00423729 0.00423729 0.00423729 0.00423729 0.00423729 0.00423729 0.00423729 0.639831 0.0466102 0.00423729 0.00423729 0.173729 0.00423729 0.00423729 0.0889831 
0.0180103 0.000857633 0.000857633 0.198113 0.0951973 0.00943396 0.129503 0.000857633 0.0437393 0.000857633 0.000857633 0.035163 0.155232 0.000857633 0.000857633 0.309605 
0.00462963 0.00462963 0.00462963 0.189815 0.00462963 0.0509259 0.00462963 0.00462963 0.699074 0.00462963 0.00462963 0.00462963 0.00462963 0.00462963 0.00462963 0.00462963 
0.000174642 0.000174642 0.000174642 0.000174642 0.000174642 0.000174642 0.0630458 0.000174642 0.000174642 0.000174642 0.000174642 0.00192106 0.52934 0.0717779 0.331994 0.000174642 
0.787582 0.00326797 0.00326797 0.00326797 0.00326797 0.00326797 0.00326797 0.00326797 0.101307 0.00326797 0.00326797 0.0686275 0.00326797 0.00326797 0.00326797 0.00326797 
0.00234742 0.00234742 0.00234742 0.00234742 0.00234742 0.0258216 0.00234742 0.00234742 0.00234742 0.119718 0.00234742 0.00234742 0.330986 0.0492958 0.35446 0.0962441 
0.000686813 0.000686813 0.000686813 0.00755495 0.000686813 0.000686813 0.000686813 0.000686813 0.838599 0.000686813 0.000686813 0.00755495 0.000686813 0.138049 0.000686813 0.000686813 
9.61908e-05 9.61908e-05 9.61908e-05 9.61908e-05 9.61908e-05 9.61908e-05 0.0481916 9.61908e-05 0.528184 0.183821 9.61908e-05 9.61908e-05 9.61908e-05 9.61908e-05 0.238649 9.61908e-05 
0.000178063 0.000178063 0.000178063 0.00551994 0.000178063 0.000178063 0.000178063 0.000178063 0.000178063 0.0927707 0.500534 0.000178063 0.000178063 0.000178063 0.399038 0.000178063 
0.000373692 0.0153214 0.000373692 0.000373692 0.000373692 0.000373692 0.000373692 0.000373692 0.403961 0.119955 0.000373692 0.000373692 0.000373692 0.33296 0.123692 0.000373692 
0.0870098 0.00122549 0.00122549 0.209559 0.00122549 0.00122549 0.185049 0.00122549 0.0747549 0.0134804 0.00122549 0.00122549 0.148284 0.221814 0.00122549 0.0502451 
0.00406504 0.00406504 0.00406504 0.00406504 0.00406504 0.00406504 0.126016 0.00406504 0.00406504 0.0853659 0.0447154 0.00406504 0.695122 0.00406504 0.00406504 0.00406504 
0.00316456 0.00316456 0.00316456 0.0348101 0.00316456 0.00316456 0.00316456 0.00316456 0.794304 0.00316456 0.00316456 0.00316456 0.0981013 0.0348101 0.00316456 0.00316456 
0.000154178 0.000154178 0.00632131 0.000154178 0.000154178 0.015572 0.00169596 0.064909 0.456522 0.0633673 0.00169596 0.000154178 0.0464076 0.0464076 0.0664508 0.22988 
0.00234742 0.00234742 0.00234742 0.00234742 0.00234742 0.00234742 0.00234742 0.00234742 0.00234742 0.00234742 0.00234742 0.00234742 0.307512 0.213615 0.00234742 0.448357 
0.000566251 0.000566251 0.000566251 0.170442 0.000566251 0.000566251 0.000566251 0.000566251 0.32333 0.164779 0.0402039 0.000566251 0.295017 0.000566251 0.000566251 0.000566251 
0.00059312 0.00059312 0.00059312 0.00059312 0.00059312 0.00059312 0.00059312 0.0183867 0.148873 0.00059312 0.00059312 0.0717675 0.0599051 0.617438 0.0717675 0.00652432 
0.00297619 0.00297619 0.00297619 0.151786 0.0625 0.00297619 0.00297619 0.0327381 0.00297619 0.00297619 0.00297619 0.00297619 0.00297619 0.00297619 0.00297619 0.717262 
0.000176491 0.000176491 0.00547123 0.000176491 0.000176491 0.000176491 0.00370632 0.5473 0.000176491 0.000176491 0.00370632 0.0019414 0.000176491 0.0884222 0.176668 0.171373 
0.095092 0.125767 0.00306748 0.00306748 0.0337423 0.00306748 0.00306748 0.0337423 0.00306748 0.00306748 0.00306748 0.00306748 0.677914 0.00306748 0.00306748 0.00306748 
0.00121065 0.00121065 0.00121065 0.00121065 0.00121065 0.00121065 0.00121065 0.00121065 0.473366 0.00121065 0.0133172 0.00121065 0.497579 0.00121065 0.00121065 0.00121065 
0.0476609 0.000175871 0.00193458 0.0300739 0.00721069 0.000175871 0.000175871 0.000175871 0.000175871 0.000175871 0.37478 0.000175871 0.000175871 0.163735 0.255188 0.118009 
0.0371622 0.172297 0.00337838 0.00337838 0.00337838 0.00337838 0.00337838 0.00337838 0.00337838 0.00337838 0.341216 0.00337838 0.00337838 0.00337838 0.341216 0.0709459 
0.000802568 0.000802568 0.000802568 0.000802568 0.000802568 0.000802568 0.0168539 0.000802568 0.000802568 0.161316 0.000802568 0.000802568 0.000802568 0.233547 0.065008 0.514446 
0.000252143 0.000252143 0.000252143 0.358296 0.0103379 0.000252143 0.000252143 0.000252143 0.131367 0.000252143 0.000252143 0.022945 0.101109 0.000252143 0.373424 0.000252143 
0.515187 0.0128505 0.00116822 0.0128505 0.00116822 0.0128505 0.00116822 0.00116822 0.00116822 0.00116822 0.00116822 0.00116822 0.433411 0.00116822 0.00116822 0.00116822 
0.00362319 0.00362319 0.00362319 0.00362319 0.00362319 0.076087 0.00362319 0.00362319 0.00362319 0.547101 0.00362319 0.00362319 0.32971 0.00362319 0.00362319 0.00362319 
0.00540275 0.000491159 0.000491159 0.000491159 0.000491159 0.000491159 0.000491159 0.00540275 0.0152259 0.000491159 0.00540275 0.742141 0.000491159 0.216601 0.00540275 0.000491159 
0.00684932 0.000622665 0.000622665 0.00684932 0.00684932 0.100249 0.000622665 0.000622665 0.100249 0.193649 0.000622665 0.0628892 0.399128 0.000622665 0.112702 0.00684932 
0.00462963 0.00462963 0.0509259 0.236111 0.00462963 0.00462963 0.00462963 0.00462963 0.236111 0.00462963 0.00462963 0.0972222 0.0509259 0.00462963 0.236111 0.0509259 
0.00083612 0.00083612 0.00083612 0.00083612 0.00083612 0.00083612 0.0259197 0.00919732 0.00083612 0.00083612 0.00083612 0.00083612 0.402174 0.00083612 0.352007 0.201505 
0.0015015 0.0015015 0.0015015 0.0015015 0.0015015 0.0015015 0.0015015 0.0015015 0.0015015 0.0015015 0.0015015 0.0015015 0.0765766 0.887387 0.0165165 0.0015015 
0.000215239 0.000215239 0.000215239 0.0109772 0.000215239 0.000215239 0.000215239 0.669608 0.000215239 0.000215239 0.000215239 0.000215239 0.000215239 0.000215239 0.316616 0.000215239 
0.00190114 0.00190114 0.00190114 0.00190114 0.00190114 0.0589354 0.00190114 0.00190114 0.306084 0.0969582 0.00190114 0.00190114 0.00190114 0.00190114 0.230038 0.287072 
0.101371 0.0915769 0.00179563 0.00832517 0.000163239 0.000163239 0.024649 0.000163239 0.000163239 0.075253 0.467026 0.0148547 0.000163239 0.054032 0.160137 0.000163239 
0.000257334 0.000257334 0.000257334 0.000257334 0.000257334 0.000257334 0.411992 0.000257334 0.00283067 0.00283067 0.000257334 0.000257334 0.116058 0.0105507 0.453165 0.000257334 
0.000221435 0.00243578 0.000221435 0.0688663 0.000221435 0.000221435 0.0777236 0.000221435 0.206156 0.0245793 0.000221435 0.000221435 0.000221435 0.341231 0.153012 0.124225 
0.000119674 0.000119674 0.00490665 0.000119674 0.0252513 0.0228578 0.00131642 0.000119674 0.389062 0.288535 0.000119674 0.0515797 0.000119674 0.000119674 0.140139 0.0755146 
0.000109697 0.000109697 0.00120667 0.000109697 0.000109697 0.000109697 0.00120667 0.00230364 0.367595 0.00230364 0.000109697 0.000109697 0.000109697 0.126262 0.375274 0.122971 
0.00592828 0.000144592 0.00159051 0.000144592 0.000144592 0.000144592 0.000144592 0.085454 0.363071 0.000144592 0.0406304 0.000144592 0.000144592 0.0507519 0.224263 0.227154 
0.00121065 0.00121065 0.00121065 0.00121065 0.158596 0.00121065 0.00121065 0.485472 0.00121065 0.00121065 0.0133172 0.00121065 0.00121065 0.315981 0.0133172 0.00121065 
0.000165673 0.000165673 0.000165673 0.000165673 0.000165673 0.000165673 0.000165673 0.000165673 0.603214 0.000165673 0.000165673 0.0018224 0.010106 0.0614645 0.321571 0.000165673 
0.0327841 0.000171644 0.0413663 0.000171644 0.000171644 0.00188809 0.00188809 0.000171644 0.000171644 0.00360453 0.000171644 0.00188809 0.640405 0.0619636 0.213011 0.000171644 
0.735054 0.0013587 0.0013587 0.0013587 0.110054 0.0013587 0.0013587 0.0013587 0.0013587 0.0013587 0.0557065 0.0013587 0.0421196 0.0421196 0.0013587 0.0013587 
0.000912409 0.000912409 0.000912409 0.110401 0.0191606 0.000912409 0.000912409 0.000912409 0.502737 0.000912409 0.0191606 0.000912409 0.229015 0.000912409 0.0921533 0.0191606 
0.00289815 0.000138007 0.0125587 0.000138007 0.00151808 0.000138007 0.000138007 0.323075 0.000138007 0.161606 0.000138007 0.00289815 0.0843224 0.113304 0.296853 0.000138007 
0.000121418 0.000121418 0.000121418 0.000121418 0.000121418 0.00254978 0.000121418 0.276955 0.000121418 0.057188 0.000121418 0.000121418 0.000121418 0.240529 0.421442 0.000121418 
0.000191718 0.000191718 0.000191718 0.0423696 0.000191718 0.000191718 0.000191718 0.0193635 0.314609 0.000191718 0.0385353 0.000191718 0.1574 0.000191718 0.393213 0.0327837 
0.0493512 0.273496 0.000196618 0.0414864 0.000196618 0.000196618 0.000196618 0.000196618 0.0493512 0.0100275 0.0631144 0.0178923 0.102438 0.0650806 0.291192 0.0355879 
0.000192456 0.000192456 0.000192456 0.000192456 0.000192456 0.000192456 0.000192456 0.261932 0.000192456 0.0502309 0.000192456 0.00789069 0.000192456 0.111817 0.279253 0.286952 
0.152268 0.00107991 0.00107991 0.00107991 0.00107991 0.00107991 0.00107991 0.00107991 0.454644 0.206263 0.00107991 0.00107991 0.00107991 0.00107991 0.173866 0.00107991 
0.000701262 0.000701262 0.0217391 0.0918654 0.000701262 0.000701262 0.000701262 0.000701262 0.645863 0.000701262 0.000701262 0.000701262 0.000701262 0.000701262 0.232118 0.000701262 
0.798729 0.0148305 0.0360169 0.0995763 0.000706215 0.000706215 0.000706215 0.000706215 0.00776836 0.0148305 0.000706215 0.0218927 0.000706215 0.000706215 0.000706215 0.000706215 
0.000215703 0.000215703 0.000215703 0.000215703 0.0368852 0.0239431 0.019629 0.017472 0.000215703 0.231018 0.492019 0.0455134 0.000215703 0.000215703 0.127481 0.00452977 
0.000137627 0.000137627 0.000137627 0.0015139 0.000137627 0.000137627 0.000137627 0.000137627 0.000137627 0.140517 0.0317919 0.000137627 0.000137627 0.000137627 0.436416 0.388247 
0.0647135 0.000321958 0.00676111 0.000321958 0.000321958 0.000321958 0.000321958 0.000321958 0.641017 0.113007 0.000321958 0.000321958 0.000321958 0.0325177 0.119446 0.0196394 
0.00280899 0.00280899 0.00280899 0.00280899 0.00280899 0.0308989 0.00280899 0.00280899 0.00280899 0.00280899 0.00280899 0.199438 0.592697 0.00280899 0.115169 0.0308989 
0.266917 0.0037594 0.0037594 0.0037594 0.0037594 0.0037594 0.0037594 0.0037594 0.154135 0.0037594 0.0037594 0.0037594 0.0037594 0.0413534 0.0037594 0.492481 
0.00214592 0.00214592 0.0236052 0.00214592 0.00214592 0.00214592 0.409871 0.00214592 0.00214592 0.216738 0.0236052 0.00214592 0.0236052 0.109442 0.0236052 0.152361 
0.000165673 0.000165673 0.000165673 0.00679258 0.000165673 0.000165673 0.00347913 0.460736 0.000165673 0.112823 0.000165673 0.000165673 0.000165673 0.0879722 0.217197 0.10951 
0.000142328 0.000142328 0.000142328 0.000142328 0.000142328 0.000142328 0.000142328 0.000142328 0.000142328 0.000142328 0.000142328 0.000142328 0.0029889 0.000142328 0.995019 0.000142328 
0.0118551 0.000130276 0.00143304 0.0105524 0.000130276 0.000130276 0.000130276 0.00143304 0.000130276 0.144737 0.00534132 0.000130276 0.461308 0.0795987 0.134315 0.148645 
0.000160359 0.000160359 0.000160359 0.000160359 0.000160359 0.000160359 0.000160359 0.000160359 0.000160359 0.000160359 0.000160359 0.000160359 0.00336754 0.000160359 0.417094 0.577453 
0.00019857 0.00019857 0.00019857 0.00019857 0.615766 0.00019857 0.00019857 0.00019857 0.00019857 0.204726 0.00019857 0.00019857 0.00019857 0.00019857 0.176926 0.00019857 
0.0120217 0.000169319 0.000169319 0.000169319 0.000169319 0.000169319 0.000169319 0.000169319 0.448866 0.0560447 0.00186251 0.000169319 0.125466 0.188114 0.117 0.0492719 
0.449153 0.449153 0.00121065 0.00121065 0.00121065 0.00121065 0.00121065 0.00121065 0.00121065 0.00121065 0.00121065 0.00121065 0.0859564 0.00121065 0.00121065 0.00121065 
0.00124069 0.00124069 0.00124069 0.311414 0.12531 0.00124069 0.137717 0.00124069 0.0756824 0.00124069 0.00124069 0.0136476 0.323821 0.00124069 0.00124069 0.00124069 
0.000133583 0.000133583 0.000133583 0.000133583 0.35012 0.00280524 0.000133583 0.000133583 0.000133583 0.0255143 0.000133583 0.000133583 0.000133583 0.0268501 0.518434 0.0749399 
0.00442478 0.00442478 0.00442478 0.0929204 0.00442478 0.00442478 0.00442478 0.00442478 0.00442478 0.0486726 0.00442478 0.00442478 0.00442478 0.314159 0.00442478 0.49115 
0.109252 0.000984252 0.000984252 0.000984252 0.000984252 0.000984252 0.000984252 0.109252 0.000984252 0.000984252 0.000984252 0.000984252 0.227362 0.000984252 0.542323 0.000984252 
0.00119617 0.00119617 0.156699 0.0370813 0.156699 0.0370813 0.00119617 0.00119617 0.276316 0.00119617 0.00119617 0.00119617 0.216507 0.00119617 0.108852 0.00119617 
0.00125628 0.00125628 0.0138191 0.265075 0.00125628 0.00125628 0.00125628 0.00125628 0.302764 0.0138191 0.0263819 0.00125628 0.365578 0.00125628 0.00125628 0.00125628 
0.00111607 0.00111607 0.0122768 0.246652 0.00111607 0.00111607 0.00111607 0.00111607 0.52567 0.135045 0.00111607 0.00111607 0.0680804 0.00111607 0.00111607 0.00111607 
0.00273224 0.00273224 0.112022 0.139344 0.139344 0.00273224 0.00273224 0.00273224 0.166667 0.0846995 0.00273224 0.00273224 0.248634 0.0846995 0.00273224 0.00273224 
0.000626566 0.000626566 0.000626566 0.107143 0.12594 0.000626566 0.12594 0.000626566 0.000626566 0.000626566 0.000626566 0.0632832 0.144737 0.345238 0.0758145 0.00689223 
0.0313327 0.000441306 0.000441306 0.0357458 0.000441306 0.000441306 0.00485437 0.000441306 0.0269197 0.260812 0.000441306 0.0136805 0.357899 0.251986 0.000441306 0.0136805 
0.000145433 0.000145433 0.000145433 0.000145433 0.000145433 0.000145433 0.000145433 0.000145433 0.36082 0.0103258 0.000145433 0.000145433 0.122309 0.0539558 0.450989 0.000145433 
0.00454939 0.000216638 0.0110485 0.000216638 0.00238302 0.000216638 0.000216638 0.000216638 0.000216638 0.000216638 0.000216638 0.00888215 0.0305459 0.0218804 0.816941 0.102036 
0.185646 0.000264831 0.00556144 0.000264831 0.000264831 0.000264831 0.00556144 0.000264831 0.572299 0.018803 0.000264831 0.000264831 0.018803 0.000264831 0.190943 0.000264831 
0.000295334 0.000295334 0.000295334 0.000295334 0.000295334 0.000295334 0.000295334 0.000295334 0.614589 0.000295334 0.000295334 0.000295334 0.174542 0.000295334 0.207029 0.000295334 
0.0418612 0.0201801 0.0335223 0.000166778 0.000166778 0.000166778 0.000166778 0.000166778 0.463809 0.000166778 0.0985657 0.000166778 0.0218479 0.0118412 0.307038 0.000166778 
0.188433 0.00186567 0.00186567 0.00186567 0.0391791 0.0205224 0.00186567 0.00186567 0.31903 0.00186567 0.00186567 0.00186567 0.132463 0.00186567 0.281716 0.00186567 
0.000417362 0.000417362 0.000417362 0.00876461 0.000417362 0.000417362 0.000417362 0.196578 0.000417362 0.000417362 0.000417362 0.000417362 0.275876 0.225793 0.18823 0.100584 
0.000651042 0.000651042 0.000651042 0.0722656 0.000651042 0.000651042 0.000651042 0.000651042 0.690755 0.000651042 0.000651042 0.0201823 0.0266927 0.000651042 0.0136719 0.169922 
0.000391236 0.0121283 0.0160407 0.266432 0.278169 0.000391236 0.000391236 0.000391236 0.000391236 0.0551643 0.000391236 0.0238654 0.000391236 0.000391236 0.344679 0.000391236 
0.521518 0.000566251 0.000566251 0.000566251 0.000566251 0.00622877 0.000566251 0.0175538 0.000566251 0.374292 0.000566251 0.000566251 0.00622877 0.000566251 0.0685164 0.000566251 
0.120051 0.00381402 0.00018162 0.00199782 0.00018162 0.00018162 0.00018162 0.0165274 0.515983 0.0909916 0.00018162 0.00018162 0.0201598 0.00018162 0.109154 0.120051 
0.338235 0.00210084 0.00210084 0.128151 0.00210084 0.00210084 0.00210084 0.00210084 0.00210084 0.00210084 0.0441176 0.0441176 0.380252 0.00210084 0.00210084 0.0441176 
0.00029274 0.00029274 0.322307 0.00029274 0.00029274 0.00322014 0.225703 0.00029274 0.00029274 0.00614754 0.00029274 0.00029274 0.00322014 0.00029274 0.313525 0.123244 
0.0001343 0.0014773 0.0001343 0.0001343 0.00282031 0.00416331 0.0001343 0.00282031 0.0605694 0.18144 0.0001343 0.0001343 0.0001343 0.0390814 0.0995165 0.607172 
0.0073218 6.05107e-05 0.00490137 0.000665618 0.000665618 6.05107e-05 0.0145831 6.05107e-05 6.05107e-05 0.120477 0.470229 0.00187583 0.00913712 0.0696478 0.295353 0.00490137 
0.000222916 0.000222916 0.434909 0.000222916 0.00913955 0.000222916 0.000222916 0.00913955 0.000222916 0.000222916 0.000222916 0.000222916 0.000222916 0.000222916 0.256576 0.287784 
0.000586166 0.000586166 0.000586166 0.000586166 0.000586166 0.000586166 0.000586166 0.0767878 0.276084 0.0298945 0.000586166 0.000586166 0.141266 0.152989 0.0943728 0.223329 
0.00326797 0.00326797 0.656863 0.00326797 0.0359477 0.00326797 0.00326797 0.00326797 0.00326797 0.00326797 0.00326797 0.00326797 0.0359477 0.232026 0.00326797 0.00326797 
0.144656 0.0340909 0.000307125 0.000307125 0.000307125 0.000307125 0.000307125 0.000307125 0.507064 0.000307125 0.00952088 0.000307125 0.000307125 0.0617322 0.239865 0.000307125 
0.000175871 0.000175871 0.000175871 0.490855 0.000175871 0.000175871 0.000175871 0.000175871 0.0670067 0.000175871 0.00193458 0.0177629 0.000175871 0.112733 0.304432 0.00369328 
0.00137741 0.00137741 0.00137741 0.00137741 0.0151515 0.00137741 0.11157 0.00137741 0.455923 0.00137741 0.00137741 0.00137741 0.263085 0.139118 0.00137741 0.00137741 
0.000201369 0.000201369 0.00221506 0.0867902 0.000201369 0.0867902 0.00221506 0.000201369 0.000201369 0.149215 0.000201369 0.00422876 0.000201369 0.475433 0.191502 0.000201369 
0.000556793 0.0116927 0.000556793 0.000556793 0.000556793 0.000556793 0.000556793 0.000556793 0.668708 0.000556793 0.000556793 0.000556793 0.00612472 0.000556793 0.306793 0.000556793 
0.0334845 0.00413554 0.000133404 0.0508271 0.000133404 0.00813767 0.000133404 0.0428228 0.000133404 0.133538 0.282951 0.000133404 0.0868463 0.0695037 0.0855123 0.201574 
0.000170765 0.000170765 0.000170765 0.000170765 0.000170765 0.00870902 0.000170765 0.000170765 0.591018 0.077015 0.000170765 0.000170765 0.0684768 0.0701844 0.141906 0.0411544 
0.0033528 0.000108155 0.00227125 0.000108155 0.0217391 0.112589 0.0152498 0.000108155 0.000108155 0.645793 0.00443435 0.000108155 0.00443435 0.000108155 0.189379 0.000108155 
0.000144802 0.000144802 0.00159282 0.000144802 0.000144802 0.000144802 0.000144802 0.000144802 0.000144802 0.000144802 0.000144802 0.000144802 0.00159282 0.000144802 0.994932 0.000144802 
0.000711238 0.000711238 0.014936 0.000711238 0.000711238 0.23542 0.150071 0.014936 0.000711238 0.0860597 0.100284 0.142959 0.000711238 0.000711238 0.157183 0.0931721 
0.00510204 0.362245 0.00510204 0.00510204 0.00510204 0.464286 0.00510204 0.00510204 0.00510204 0.00510204 0.00510204 0.00510204 0.00510204 0.00510204 0.107143 0.00510204 
0.000169895 0.00186884 0.000169895 0.000169895 0.00186884 0.000169895 0.000169895 0.288991 0.168366 0.000169895 0.000169895 0.000169895 0.000169895 0.000169895 0.302582 0.234625 
0.000123671 0.000123671 0.000123671 0.0730893 0.528197 0.0174375 0.0186743 0.000123671 0.000123671 0.000123671 0.00259708 0.0075439 0.000123671 0.0298046 0.321667 0.000123671 
0.00943396 0.00943396 0.00943396 0.00943396 0.00943396 0.858491 0.00943396 0.00943396 0.00943396 0.00943396 0.00943396 0.00943396 0.00943396 0.00943396 0.00943396 0.00943396 
0.00462963 0.00462963 0.00462963 0.00462963 0.00462963 0.652778 0.00462963 0.0509259 0.00462963 0.236111 0.00462963 0.00462963 0.00462963 0.00462963 0.00462963 0.00462963 
0.00326797 0.00326797 0.00326797 0.00326797 0.00326797 0.722222 0.00326797 0.00326797 0.00326797 0.101307 0.00326797 0.00326797 0.00326797 0.00326797 0.133987 0.00326797 
0.000400641 0.000400641 0.0204327 0.000400641 0.73758 0.000400641 0.0244391 0.000400641 0.000400641 0.0244391 0.000400641 0.000400641 0.000400641 0.0204327 0.16867 0.000400641 
0.000165948 0.000165948 0.103053 0.0449718 0.000165948 0.539496 0.000165948 0.000165948 0.000165948 0.00182542 0.000165948 0.000165948 0.000165948 0.0648855 0.244109 0.000165948 
0.00462963 0.00462963 0.00462963 0.00462963 0.00462963 0.00462963 0.00462963 0.00462963 0.00462963 0.00462963 0.00462963 0.00462963 0.00462963 0.00462963 0.00462963 0.930556 
0.00151808 0.00841844 0.000138007 0.000138007 0.000138007 0.000138007 0.000138007 0.000138007 0.368617 0.000138007 0.000138007 0.00289815 0.000138007 0.000138007 0.270632 0.346536 
0.00316456 0.00316456 0.00316456 0.00316456 0.00316456 0.667722 0.129747 0.00316456 0.00316456 0.00316456 0.00316456 0.00316456 0.00316456 0.00316456 0.161392 0.00316456 
0.00326797 0.00326797 0.00326797 0.00326797 0.00326797 0.493464 0.133987 0.00326797 0.00326797 0.0686275 0.00326797 0.0359477 0.00326797 0.00326797 0.00326797 0.232026 
0.00537634 0.00537634 0.00537634 0.00537634 0.00537634 0.543011 0.00537634 0.00537634 0.00537634 0.00537634 0.0591398 0.00537634 0.00537634 0.00537634 0.327957 0.00537634 
0.0348101 0.00316456 0.00316456 0.00316456 0.00316456 0.509494 0.00316456 0.00316456 0.00316456 0.00316456 0.414557 0.00316456 0.00316456 0.00316456 0.00316456 0.00316456 
0.150851 0.000327225 0.000327225 0.0265052 0.000327225 0.412631 0.114856 0.000327225 0.00359948 0.0199607 0.000327225 0.010144 0.000327225 0.000327225 0.258835 0.000327225 
0.0869786 0.117497 0.000508647 0.000508647 0.000508647 0.443032 0.000508647 0.00559512 0.000508647 0.0361139 0.000508647 0.0106816 0.000508647 0.000508647 0.295524 0.000508647 
0.0317919 0.00289017 0.00289017 0.176301 0.00289017 0.696532 0.00289017 0.00289017 0.00289017 0.00289017 0.00289017 0.00289017 0.0606936 0.00289017 0.00289017 0.00289017 
6.04741e-05 0.541909 6.04741e-05 6.04741e-05 0.000665215 6.04741e-05 6.04741e-05 6.04741e-05 6.04741e-05 6.04741e-05 6.04741e-05 6.04741e-05 6.04741e-05 6.04741e-05 0.45664 6.04741e-05 
0.00214592 0.152361 0.00214592 0.45279 0.00214592 0.324034 0.00214592 0.00214592 0.00214592 0.00214592 0.00214592 0.00214592 0.0236052 0.00214592 0.00214592 0.0236052 
0.00828953 0.0426607 0.000202184 0.0426607 0.00626769 0.0386171 0.000202184 0.000202184 0.000202184 0.000202184 0.533967 0.000202184 0.000202184 0.000202184 0.325718 0.000202184 
0.00337838 0.10473 0.00337838 0.00337838 0.00337838 0.375 0.00337838 0.00337838 0.00337838 0.0371622 0.442568 0.00337838 0.00337838 0.00337838 0.00337838 0.00337838 
0.108431 0.0723625 0.000225428 0.000225428 0.000225428 0.561542 0.000225428 0.000225428 0.000225428 0.00698828 0.00247971 0.000225428 0.000225428 0.0160054 0.230162 0.000225428 
0.00735294 0.375 0.00735294 0.00735294 0.00735294 0.448529 0.00735294 0.00735294 0.00735294 0.00735294 0.00735294 0.00735294 0.0808824 0.00735294 0.00735294 0.00735294 
0.769845 0.000126807 0.000126807 0.0090033 0.000126807 0.000126807 0.000126807 0.000126807 0.000126807 0.219503 0.000126807 0.000126807 0.000126807 0.000126807 0.000126807 0.000126807 
0.00165017 0.00165017 0.00165017 0.183168 0.117162 0.0346535 0.00165017 0.00165017 0.315182 0.00165017 0.00165017 0.00165017 0.00165017 0.00165017 0.331683 0.00165017 
0.101942 0.00485437 0.00485437 0.00485437 0.00485437 0.0533981 0.00485437 0.00485437 0.00485437 0.0533981 0.00485437 0.00485437 0.00485437 0.00485437 0.101942 0.635922 
0.00297619 0.0327381 0.00297619 0.0625 0.00297619 0.00297619 0.0327381 0.00297619 0.270833 0.181548 0.360119 0.00297619 0.0327381 0.00297619 0.00297619 0.00297619 
0.949324 0.00337838 0.00337838 0.00337838 0.00337838 0.00337838 0.00337838 0.00337838 0.00337838 0.00337838 0.00337838 0.00337838 0.00337838 0.00337838 0.00337838 0.00337838 
0.543011 0.00537634 0.00537634 0.00537634 0.00537634 0.00537634 0.00537634 0.00537634 0.00537634 0.00537634 0.00537634 0.00537634 0.00537634 0.00537634 0.22043 0.166667 
0.231122 0.000183284 0.000183284 0.000183284 0.0533358 0.467559 0.000183284 0.000183284 0.000183284 0.000183284 0.000183284 0.000183284 0.000183284 0.00201613 0.243952 0.000183284 
0.780405 0.00337838 0.00337838 0.0709459 0.00337838 0.0371622 0.00337838 0.0371622 0.00337838 0.0371622 0.00337838 0.00337838 0.00337838 0.00337838 0.00337838 0.00337838 
0.00862069 0.00862069 0.00862069 0.00862069 0.0948276 0.698276 0.00862069 0.00862069 0.00862069 0.00862069 0.00862069 0.00862069 0.0948276 0.00862069 0.00862069 0.00862069 
0.00641026 0.326923 0.00641026 0.00641026 0.00641026 0.134615 0.0705128 0.00641026 0.00641026 0.00641026 0.00641026 0.00641026 0.134615 0.00641026 0.262821 0.00641026 
0.0034965 0.0384615 0.0034965 0.0034965 0.0034965 0.912587 0.0034965 0.0034965 0.0034965 0.0034965 0.0034965 0.0034965 0.0034965 0.0034965 0.0034965 0.0034965 
0.00442478 0.181416 0.00442478 0.00442478 0.00442478 0.269912 0.00442478 0.00442478 0.0486726 0.00442478 0.00442478 0.00442478 0.00442478 0.00442478 0.225664 0.225664 
0.0034965 0.0034965 0.0034965 0.0034965 0.0034965 0.458042 0.0034965 0.0034965 0.0034965 0.318182 0.0034965 0.0034965 0.0034965 0.0034965 0.178322 0.0034965 
0.000144802 0.000144802 0.000144802 0.000144802 0.000144802 0.0884738 0.401245 0.000144802 0.0667535 0.00304083 0.000144802 0.000144802 0.000144802 0.0363452 0.260788 0.14205 
