0.000707 0.000707 0.482686 0.000707 0.006360 0.000707 0.000707 0.002120 0.002120 0.488339 0.003534 0.000707 0.000707 0.006360 0.003534 
0.006442 0.000379 0.510421 0.001895 0.000379 0.000379 0.000379 0.000379 0.001137 0.456612 0.000379 0.001895 0.000379 0.017810 0.001137 
0.000211 0.000211 0.463240 0.061302 0.000211 0.000632 0.000211 0.000211 0.014114 0.392458 0.000211 0.000211 0.001475 0.065094 0.000211 
0.000447 0.000447 0.425041 0.091261 0.000447 0.000149 0.005211 0.000149 0.054042 0.302665 0.001042 0.000149 0.000149 0.118059 0.000744 
0.000110 0.000110 0.298470 0.122096 0.032038 0.000110 0.062424 0.001872 0.117032 0.230430 0.000110 0.000110 0.000110 0.134867 0.000110 
0.000937 0.000426 0.216799 0.120538 0.081182 0.006389 0.087997 0.042678 0.139279 0.167391 0.000767 0.000256 0.000426 0.134168 0.000767 
0.005866 0.005576 0.175610 0.127815 0.094648 0.027011 0.098704 0.075530 0.116518 0.140271 0.000507 0.000072 0.000072 0.115794 0.016004 
0.022642 0.029507 0.135785 0.118622 0.085616 0.034656 0.097366 0.081392 0.108060 0.132088 0.000066 0.001386 0.004951 0.091557 0.056307 
0.039563 0.034411 0.120162 0.099552 0.083236 0.057597 0.081396 0.076980 0.085076 0.108630 0.024229 0.001901 0.032571 0.092682 0.062013 
0.065076 0.061698 0.102866 0.075421 0.064021 0.049559 0.064126 0.065710 0.073943 0.089671 0.035309 0.064971 0.053993 0.069193 0.064443 
0.066900 0.062503 0.087484 0.079191 0.049413 0.062403 0.066300 0.057707 0.058606 0.086685 0.057307 0.070097 0.060704 0.070997 0.063702 
0.067599 0.070597 0.085686 0.072296 0.063003 0.054509 0.071696 0.057107 0.057507 0.083188 0.055808 0.074294 0.055109 0.067599 0.064002 
0.061504 0.067699 0.091781 0.068299 0.058306 0.062303 0.070397 0.056508 0.058406 0.086685 0.053510 0.070797 0.063702 0.066800 0.063303 
0.068099 0.050512 0.090582 0.073095 0.062903 0.057107 0.073495 0.065301 0.068399 0.077592 0.052111 0.066700 0.062303 0.067200 0.064602 
0.061304 0.066600 0.087584 0.073295 0.060804 0.060305 0.062303 0.064202 0.057707 0.082688 0.063702 0.069198 0.053010 0.072596 0.064701 
0.066100 0.066700 0.093480 0.079590 0.054809 0.056008 0.061604 0.062603 0.063103 0.080789 0.052710 0.086185 0.055708 0.064202 0.056408 
0.062903 0.068599 0.091182 0.076293 0.049713 0.056608 0.069398 0.068199 0.060605 0.088683 0.056907 0.068199 0.050012 0.070397 0.062303 
0.062503 0.058306 0.086385 0.071197 0.053810 0.055708 0.069698 0.065001 0.070297 0.089483 0.050012 0.077692 0.056008 0.064801 0.069098 
0.070697 0.063502 0.092381 0.072695 0.051012 0.060205 0.065101 0.052511 0.063902 0.088983 0.062103 0.065801 0.054909 0.067100 0.069098 
0.069898 0.063502 0.085886 0.081489 0.058206 0.057507 0.070997 0.057607 0.058906 0.084986 0.059106 0.066200 0.052111 0.075393 0.058206 
0.066500 0.073595 0.085286 0.076692 0.061504 0.054009 0.061304 0.059505 0.068299 0.083387 0.054809 0.066400 0.060205 0.076193 0.052311 
0.069098 0.059206 0.087085 0.072695 0.054509 0.056907 0.067999 0.071996 0.065401 0.082688 0.056008 0.069098 0.063802 0.065001 0.058506 
0.062903 0.063502 0.082388 0.075393 0.052411 0.063203 0.065501 0.067200 0.068998 0.091381 0.060904 0.073295 0.049913 0.057207 0.065801 
0.069098 0.068798 0.089983 0.072795 0.062903 0.064002 0.061204 0.061304 0.057307 0.078891 0.056108 0.074294 0.057407 0.064801 0.061104 
0.064901 0.067799 0.089283 0.082088 0.049513 0.055309 0.064102 0.060505 0.060305 0.083387 0.060605 0.072196 0.060804 0.067300 0.061904 
0.062303 0.060305 0.083487 0.073595 0.063902 0.061904 0.069798 0.055309 0.067799 0.084786 0.055708 0.073095 0.058306 0.069798 0.059905 
0.060305 0.060804 0.089483 0.079890 0.059006 0.059905 0.066600 0.067699 0.063502 0.083387 0.065401 0.069298 0.055908 0.057807 0.061004 
0.066700 0.070397 0.092680 0.073695 0.059705 0.063502 0.064701 0.062103 0.065101 0.080290 0.050412 0.070097 0.060205 0.064701 0.055708 
0.056707 0.063702 0.083188 0.075194 0.053210 0.057207 0.068199 0.065501 0.063203 0.087085 0.059306 0.077392 0.063003 0.072196 0.054909 
0.060904 0.065301 0.091781 0.071896 0.064901 0.062603 0.070097 0.056608 0.061604 0.089183 0.057907 0.071596 0.059505 0.054609 0.061504 
0.058706 0.054209 0.091681 0.068698 0.052111 0.063502 0.066000 0.061004 0.063303 0.091481 0.063303 0.074494 0.062903 0.062903 0.065701 
0.071396 0.071197 0.086585 0.073795 0.055309 0.062203 0.063802 0.055309 0.063003 0.089083 0.047714 0.071297 0.055808 0.069298 0.064202 
0.064901 0.067699 0.083288 0.064102 0.062103 0.055908 0.072795 0.065001 0.063702 0.092780 0.050712 0.070997 0.055508 0.069098 0.061404 
0.056308 0.063602 0.091681 0.081389 0.049713 0.059306 0.067100 0.065101 0.057107 0.089083 0.053710 0.074394 0.058306 0.072795 0.060405 
0.063602 0.063303 0.087484 0.077092 0.063103 0.068299 0.067000 0.057207 0.060305 0.081289 0.054509 0.071796 0.052511 0.065301 0.067200 
0.068299 0.065101 0.075294 0.066400 0.057107 0.061504 0.065801 0.060605 0.065201 0.087784 0.053510 0.069598 0.054809 0.070497 0.078491 
0.062103 0.065001 0.088484 0.077592 0.052311 0.060704 0.068399 0.055009 0.061004 0.082788 0.060505 0.073895 0.048414 0.073395 0.070397 
0.064002 0.072795 0.089083 0.070797 0.055209 0.054709 0.066700 0.066900 0.064801 0.079690 0.060505 0.064801 0.058806 0.064302 0.066900 
0.067100 0.064701 0.090582 0.069698 0.061904 0.050312 0.066900 0.061304 0.061304 0.088783 0.060704 0.067300 0.059705 0.065401 0.064302 
0.062503 0.065601 0.081989 0.070597 0.053210 0.059306 0.069798 0.067999 0.056108 0.087484 0.058606 0.077892 0.054009 0.068299 0.066600 
0.065001 0.059206 0.079390 0.079590 0.053810 0.057407 0.068898 0.064801 0.063402 0.089183 0.057607 0.069998 0.063402 0.062503 0.065801 
0.065101 0.074294 0.092680 0.073595 0.055109 0.057207 0.072496 0.061304 0.063702 0.082288 0.059405 0.069098 0.053610 0.057507 0.062603 
0.060804 0.067499 0.083987 0.069598 0.058506 0.059505 0.062803 0.064302 0.059905 0.084287 0.060205 0.073695 0.059306 0.070997 0.064602 
0.058706 0.063003 0.090182 0.082688 0.054909 0.068898 0.065601 0.063203 0.063203 0.088983 0.051112 0.075294 0.054809 0.062603 0.056807 
0.062103 0.064002 0.091781 0.075393 0.056707 0.054609 0.061904 0.058906 0.063702 0.085586 0.062303 0.062803 0.051711 0.080689 0.067799 
0.063602 0.067399 0.088484 0.078191 0.058606 0.064002 0.060405 0.069698 0.062603 0.084986 0.054409 0.069698 0.054809 0.067599 0.055508 
0.065901 0.065701 0.083887 0.073795 0.052111 0.062403 0.068299 0.060505 0.064502 0.089383 0.050412 0.076393 0.057707 0.069398 0.059605 
0.060105 0.070297 0.085186 0.079291 0.053610 0.057807 0.064602 0.069798 0.067399 0.084686 0.062403 0.061904 0.062903 0.059106 0.060904 
0.066800 0.069798 0.089283 0.071696 0.058606 0.060704 0.069898 0.061904 0.055109 0.082488 0.066600 0.070697 0.058506 0.070897 0.047015 
0.069198 0.063303 0.090982 0.071796 0.060605 0.060305 0.058406 0.057307 0.065601 0.085286 0.064701 0.069598 0.050312 0.074694 0.057907 
0.060405 0.065001 0.091881 0.077492 0.061904 0.063303 0.070497 0.059705 0.062203 0.082688 0.061404 0.069698 0.053610 0.062303 0.057907 
0.056707 0.073695 0.094579 0.082488 0.053110 0.064302 0.064602 0.057007 0.063303 0.089783 0.052411 0.067599 0.054609 0.070197 0.055608 
0.064801 0.064102 0.087684 0.078991 0.066300 0.052611 0.062103 0.063402 0.069698 0.086585 0.054809 0.073495 0.052511 0.068698 0.054209 
0.059605 0.062303 0.092980 0.076193 0.062403 0.058906 0.072995 0.061504 0.063902 0.082888 0.060005 0.066200 0.061704 0.063402 0.055009 
0.061004 0.068199 0.079690 0.076093 0.060205 0.057607 0.069598 0.065001 0.056608 0.084986 0.058706 0.077892 0.051511 0.074094 0.058806 
0.059605 0.068399 0.084986 0.080989 0.054309 0.059206 0.061804 0.063402 0.059905 0.080390 0.062603 0.068898 0.057707 0.071496 0.066300 
0.070897 0.067799 0.091981 0.062603 0.059905 0.053410 0.059805 0.061504 0.064002 0.089283 0.054709 0.075793 0.059505 0.067899 0.060904 
0.066000 0.065601 0.084786 0.076393 0.058906 0.053610 0.067599 0.067699 0.060704 0.087185 0.052511 0.072695 0.059106 0.066400 0.060804 
0.059605 0.070797 0.086785 0.073095 0.056108 0.054409 0.062803 0.064002 0.066000 0.096378 0.052211 0.064602 0.053910 0.075493 0.063802 
0.065501 0.060605 0.090082 0.075094 0.057007 0.053810 0.066500 0.052011 0.070497 0.081289 0.058406 0.073995 0.063902 0.067999 0.063303 
0.065701 0.062003 0.087784 0.072695 0.057607 0.057307 0.065101 0.060605 0.058106 0.083887 0.055908 0.076293 0.064402 0.069498 0.063103 
0.072695 0.064901 0.096078 0.068199 0.058406 0.059605 0.064302 0.067200 0.058106 0.086285 0.056408 0.067599 0.048114 0.064602 0.067499 
0.058006 0.064901 0.086985 0.081489 0.054009 0.060704 0.061604 0.062303 0.073495 0.076193 0.056707 0.065701 0.061104 0.071696 0.065101 
0.080490 0.060305 0.086785 0.072596 0.060405 0.064302 0.063203 0.061604 0.058806 0.084287 0.051312 0.069798 0.053710 0.064202 0.068199 
0.058006 0.072995 0.081089 0.082388 0.054509 0.069998 0.066500 0.060405 0.059905 0.083587 0.056807 0.079291 0.054609 0.058806 0.061104 
0.067599 0.059905 0.098476 0.074294 0.048414 0.061404 0.061604 0.064102 0.058106 0.073895 0.061504 0.074994 0.057607 0.068898 0.069198 
0.069698 0.053510 0.082988 0.076593 0.061104 0.053610 0.075294 0.063702 0.057207 0.088284 0.050612 0.065001 0.063702 0.078991 0.059705 
0.062703 0.061604 0.084986 0.080689 0.063802 0.056608 0.062403 0.057207 0.059805 0.092181 0.059605 0.071197 0.057907 0.064402 0.064901 
0.062103 0.068798 0.091481 0.070097 0.056108 0.060305 0.071097 0.067300 0.061804 0.081689 0.055908 0.074094 0.064002 0.059206 0.056008 
0.069398 0.055908 0.091681 0.074294 0.058806 0.053310 0.070497 0.057507 0.066600 0.088584 0.053210 0.080689 0.062503 0.065501 0.051511 
0.069398 0.067200 0.089783 0.076093 0.061104 0.055808 0.060704 0.065801 0.065401 0.088084 0.054109 0.072496 0.053910 0.060904 0.059206 
0.068499 0.061504 0.092381 0.069398 0.060904 0.060704 0.060505 0.057407 0.055408 0.093080 0.058906 0.070197 0.058206 0.070697 0.062203 
0.057407 0.063402 0.094379 0.076493 0.062203 0.051911 0.070397 0.058806 0.058406 0.090182 0.066000 0.068499 0.058106 0.062403 0.061404 
0.062303 0.062503 0.090582 0.071496 0.053710 0.063902 0.056408 0.061804 0.059605 0.087784 0.059405 0.072496 0.062803 0.076593 0.058606 
0.066800 0.066300 0.085486 0.074994 0.051711 0.060305 0.067300 0.061304 0.061804 0.080889 0.052311 0.075294 0.051012 0.075593 0.068898 
0.067100 0.057807 0.092081 0.077292 0.059106 0.056907 0.064602 0.059505 0.069998 0.086585 0.055109 0.070897 0.054709 0.067599 0.060704 
0.067899 0.067200 0.089883 0.068798 0.059705 0.059805 0.063502 0.062303 0.060105 0.089583 0.056208 0.071297 0.059605 0.064801 0.059306 
0.071896 0.067799 0.090582 0.076692 0.065701 0.060904 0.069198 0.053510 0.059206 0.088284 0.051911 0.067300 0.057607 0.067699 0.051711 
0.065001 0.065101 0.083887 0.073095 0.058106 0.062003 0.070997 0.058806 0.064202 0.078591 0.063203 0.063902 0.061104 0.064901 0.067100 
0.067799 0.052810 0.094879 0.072096 0.067899 0.054009 0.064602 0.060205 0.056408 0.093080 0.058406 0.077392 0.050812 0.065301 0.064302 
0.062303 0.056108 0.090682 0.070997 0.060105 0.060405 0.063303 0.060904 0.054609 0.085386 0.060505 0.072396 0.059006 0.079091 0.064202 
0.071197 0.063303 0.082988 0.071996 0.063802 0.062403 0.073495 0.062703 0.054009 0.076892 0.059306 0.061904 0.057207 0.072795 0.066000 
0.060704 0.060904 0.079990 0.071097 0.066200 0.064502 0.070697 0.061404 0.062403 0.094279 0.048713 0.071297 0.058706 0.065801 0.063303 
0.070697 0.058306 0.090782 0.067100 0.055908 0.057407 0.067499 0.055209 0.059705 0.083587 0.057807 0.070797 0.063303 0.075693 0.066200 
0.066100 0.062103 0.086585 0.067699 0.058406 0.059006 0.064202 0.062303 0.068199 0.090782 0.044716 0.078991 0.059905 0.064402 0.066600 
0.068399 0.063802 0.080989 0.077092 0.057007 0.058606 0.073795 0.066800 0.062303 0.075893 0.052810 0.069598 0.056907 0.072795 0.063203 
0.059605 0.065401 0.092780 0.066300 0.057207 0.059605 0.068898 0.060804 0.059206 0.089883 0.052011 0.074794 0.061404 0.070797 0.061304 
0.062303 0.057507 0.088683 0.069198 0.062903 0.061104 0.065901 0.054009 0.071396 0.082288 0.064901 0.066500 0.053810 0.072096 0.067399 
0.064302 0.069998 0.084087 0.068798 0.057307 0.068299 0.071996 0.065601 0.061304 0.091581 0.057107 0.069598 0.058306 0.058106 0.053610 
0.062303 0.063402 0.092181 0.074294 0.056608 0.060904 0.066200 0.064202 0.072296 0.086185 0.054909 0.067300 0.056807 0.062503 0.059905 
0.061504 0.070897 0.090082 0.080689 0.059805 0.055209 0.067799 0.066200 0.061404 0.077792 0.051911 0.074794 0.054409 0.069398 0.058106 
0.066300 0.069998 0.085486 0.077492 0.058706 0.058306 0.063502 0.055508 0.065801 0.086685 0.049813 0.072096 0.058706 0.063702 0.067899 
0.063003 0.064502 0.081589 0.079091 0.059705 0.061104 0.067200 0.067399 0.052710 0.088883 0.051112 0.071996 0.063502 0.065901 0.062303 
0.063303 0.065901 0.095578 0.073595 0.056008 0.052411 0.064002 0.071396 0.063502 0.094779 0.059905 0.062803 0.054409 0.067999 0.054409 
0.063602 0.066600 0.086285 0.077192 0.059505 0.061804 0.070897 0.062103 0.059006 0.087085 0.053410 0.071996 0.053310 0.062803 0.064402 
0.060405 0.064502 0.086685 0.074594 0.057907 0.062703 0.062603 0.068599 0.065801 0.083787 0.057607 0.071496 0.067699 0.049913 0.065701 
0.057307 0.076393 0.087584 0.065501 0.059106 0.056608 0.066000 0.066400 0.056907 0.085886 0.046315 0.074394 0.059505 0.070497 0.071596 
0.069098 0.068099 0.087784 0.071596 0.051511 0.059905 0.073395 0.059705 0.057707 0.086585 0.054109 0.064002 0.053910 0.073595 0.068998 
0.064701 0.059206 0.087584 0.075793 0.055508 0.060904 0.065001 0.066800 0.059505 0.086485 0.056108 0.071996 0.053810 0.074794 0.061804 
0.062203 0.062103 0.097377 0.073695 0.064002 0.052611 0.069098 0.058806 0.062103 0.085386 0.057707 0.064901 0.061204 0.069198 0.059605 
0.066500 0.059106 0.093380 0.078791 0.056008 0.060405 0.073695 0.062703 0.059805 0.089383 0.055209 0.069298 0.063502 0.058206 0.054009 
0.066600 0.065401 0.083887 0.076293 0.060305 0.052211 0.066800 0.056608 0.071796 0.090282 0.060904 0.068099 0.058306 0.066700 0.055808 
0.065701 0.067899 0.093780 0.071297 0.061904 0.060105 0.065501 0.056907 0.063203 0.083987 0.062503 0.066100 0.051312 0.065901 0.063902 
0.065401 0.069698 0.090682 0.078291 0.055109 0.058806 0.071896 0.063802 0.051112 0.079490 0.053310 0.065901 0.062303 0.063003 0.071197 
0.064602 0.062203 0.089783 0.068499 0.056208 0.056408 0.061104 0.060005 0.060904 0.093880 0.047614 0.084287 0.049513 0.084287 0.060704 
0.058906 0.067799 0.087185 0.067000 0.064202 0.065501 0.064901 0.059605 0.063203 0.084387 0.057807 0.067399 0.058706 0.069198 0.064202 
0.065901 0.060804 0.086985 0.073595 0.058106 0.057307 0.068099 0.058406 0.063502 0.076892 0.061004 0.075793 0.053510 0.070897 0.069198 
0.064402 0.063303 0.091981 0.063802 0.051611 0.061904 0.069998 0.065801 0.052211 0.087884 0.060904 0.072096 0.063402 0.069398 0.061304 
0.067200 0.065301 0.091781 0.072695 0.054809 0.054709 0.063502 0.067399 0.065301 0.080789 0.060305 0.076692 0.053810 0.065401 0.060305 
0.066700 0.065301 0.087484 0.069198 0.058806 0.063203 0.069198 0.058006 0.061604 0.085586 0.049313 0.079091 0.061304 0.070497 0.054709 
0.066800 0.069998 0.095878 0.070897 0.058606 0.059705 0.071496 0.054409 0.059705 0.093880 0.057207 0.062003 0.053610 0.064302 0.061504 
0.067499 0.061504 0.094079 0.075294 0.059905 0.059505 0.063902 0.056608 0.061304 0.087684 0.055408 0.071097 0.057107 0.070097 0.059006 
0.063402 0.064502 0.088783 0.075993 0.059905 0.056108 0.060605 0.065501 0.061404 0.090582 0.059705 0.075294 0.057107 0.064701 0.056408 
0.053910 0.069798 0.095279 0.082988 0.058106 0.054409 0.070897 0.057807 0.054709 0.078991 0.065701 0.067000 0.061304 0.073095 0.056008 
0.059605 0.068399 0.089383 0.072596 0.056008 0.064901 0.064002 0.064701 0.060505 0.086785 0.056608 0.064602 0.062203 0.067599 0.062103 
0.066500 0.063303 0.085986 0.075493 0.056608 0.058306 0.060904 0.059605 0.068399 0.085586 0.050712 0.077392 0.056508 0.074294 0.060405 
0.061204 0.069598 0.085886 0.075693 0.057807 0.063502 0.066000 0.051411 0.061704 0.077692 0.063103 0.065701 0.066000 0.068898 0.065801 
0.067699 0.060405 0.097177 0.068099 0.059206 0.066300 0.063502 0.060605 0.069498 0.075793 0.057607 0.068599 0.051411 0.067699 0.066400 
0.066000 0.073695 0.083487 0.076992 0.064402 0.065501 0.064002 0.057407 0.064102 0.077492 0.053710 0.070297 0.048913 0.072596 0.061404 
0.066400 0.060105 0.091681 0.073695 0.061004 0.055408 0.061504 0.066300 0.051711 0.086585 0.056608 0.071197 0.055009 0.078191 0.064602 
0.065001 0.072296 0.092081 0.069298 0.050912 0.067599 0.062903 0.069598 0.056308 0.084287 0.045816 0.075593 0.058606 0.065901 0.063802 
0.071197 0.067999 0.085686 0.073995 0.054409 0.061604 0.064602 0.063902 0.062103 0.083188 0.058706 0.066400 0.056008 0.065001 0.065201 
0.066500 0.062003 0.085586 0.078891 0.064402 0.062303 0.055009 0.063602 0.065201 0.083987 0.054909 0.070197 0.049213 0.071996 0.066200 
0.060804 0.064202 0.083288 0.082788 0.057707 0.059405 0.073195 0.062303 0.061504 0.075993 0.058206 0.076992 0.062703 0.063702 0.057207 
0.066100 0.061204 0.090782 0.078791 0.063702 0.061304 0.062403 0.054609 0.063802 0.085386 0.051012 0.071097 0.058006 0.063902 0.067899 
0.067799 0.061904 0.086285 0.069798 0.065501 0.061304 0.067699 0.063203 0.058306 0.083387 0.052311 0.073395 0.062103 0.064502 0.062503 
0.067499 0.066200 0.081489 0.069498 0.051911 0.054009 0.072695 0.070397 0.058706 0.089283 0.052311 0.073995 0.062303 0.070197 0.059505 
0.064302 0.056308 0.088983 0.071796 0.053910 0.063802 0.065601 0.059405 0.059505 0.084187 0.054509 0.078291 0.061904 0.066700 0.070797 
0.057407 0.063203 0.085186 0.075194 0.058306 0.059006 0.070897 0.064901 0.063602 0.089483 0.048414 0.070297 0.061104 0.067999 0.065001 
0.064502 0.063003 0.087285 0.075194 0.051411 0.059006 0.073895 0.061704 0.059206 0.081589 0.061704 0.079990 0.056108 0.060605 0.064801 
0.065901 0.059306 0.098376 0.074694 0.056308 0.061604 0.068998 0.056408 0.059405 0.083487 0.064102 0.066600 0.054609 0.065501 0.064701 
0.070197 0.065801 0.087784 0.079291 0.059605 0.058506 0.066300 0.065401 0.058506 0.087484 0.052111 0.070897 0.049413 0.065001 0.063702 
0.059905 0.056008 0.089283 0.078091 0.062503 0.066500 0.065601 0.057107 0.056108 0.088983 0.057307 0.075693 0.054309 0.066400 0.066200 
0.072695 0.059306 0.093280 0.068698 0.057007 0.054109 0.066200 0.053110 0.064701 0.085386 0.054709 0.071896 0.063602 0.074194 0.061104 
0.066300 0.061904 0.086885 0.072695 0.061704 0.054209 0.067599 0.059905 0.054409 0.081789 0.063203 0.075393 0.061704 0.076093 0.056208 
0.058506 0.066000 0.089783 0.078191 0.050812 0.064002 0.070097 0.063103 0.054609 0.087384 0.057307 0.071197 0.056807 0.066900 0.065301 
0.062303 0.063502 0.091781 0.074294 0.055808 0.055908 0.066500 0.063502 0.055508 0.083188 0.062503 0.077492 0.062403 0.066100 0.059206 
0.068698 0.066900 0.085986 0.075993 0.061304 0.054509 0.070097 0.060605 0.068499 0.082388 0.064202 0.067999 0.051711 0.061704 0.059405 
0.062303 0.070997 0.094979 0.076593 0.067100 0.057307 0.063003 0.058806 0.063602 0.078091 0.055209 0.067999 0.051911 0.073595 0.058506 
0.072296 0.061804 0.081289 0.080290 0.061504 0.062403 0.061604 0.060704 0.064402 0.087984 0.050712 0.073995 0.058506 0.064002 0.058506 
0.069598 0.062203 0.095778 0.074894 0.057007 0.052511 0.063902 0.058306 0.054309 0.082188 0.059306 0.068099 0.057807 0.076992 0.067100 
0.070297 0.061704 0.090082 0.073795 0.052710 0.066500 0.066300 0.059206 0.062903 0.083987 0.053010 0.065801 0.063303 0.072496 0.057907 
0.060605 0.066300 0.086785 0.069598 0.061104 0.072695 0.073195 0.063702 0.057507 0.075693 0.057607 0.068599 0.059505 0.061504 0.065601 
0.066100 0.066200 0.081789 0.074394 0.059206 0.057807 0.068599 0.063602 0.058706 0.083687 0.057407 0.072096 0.051012 0.073895 0.065501 
0.065101 0.069898 0.084087 0.073995 0.058306 0.054109 0.062703 0.057707 0.065901 0.086585 0.059306 0.073395 0.055109 0.073995 0.059805 
0.067799 0.062303 0.089083 0.081889 0.055508 0.060205 0.064901 0.058206 0.059405 0.085086 0.057807 0.074994 0.060704 0.063602 0.058506 
0.068299 0.062203 0.088484 0.074194 0.062603 0.060405 0.068798 0.061004 0.057907 0.092381 0.054709 0.062503 0.050012 0.071996 0.064502 
0.072695 0.073895 0.083787 0.069398 0.050912 0.054409 0.071396 0.054409 0.066700 0.095179 0.057007 0.071097 0.056807 0.057807 0.064502 
0.064901 0.072695 0.089383 0.078591 0.056308 0.060205 0.064701 0.059805 0.064502 0.083687 0.051312 0.064502 0.061504 0.067899 0.060005 
0.062103 0.063402 0.085286 0.067599 0.054509 0.060205 0.067200 0.062703 0.064502 0.090782 0.059505 0.073195 0.054809 0.075993 0.058206 
0.066900 0.068798 0.084287 0.078191 0.053710 0.056508 0.067599 0.056907 0.060305 0.085486 0.051711 0.072196 0.064701 0.069498 0.063203 
0.068898 0.059605 0.085186 0.076892 0.054409 0.059605 0.063802 0.060005 0.065401 0.084187 0.056208 0.072296 0.060105 0.072695 0.060704 
0.059705 0.069398 0.094379 0.076692 0.059905 0.052910 0.060904 0.065601 0.061004 0.088284 0.057307 0.072795 0.056907 0.066500 0.057707 
0.066200 0.057407 0.082988 0.076193 0.061204 0.063003 0.059405 0.056907 0.062403 0.089883 0.053410 0.069198 0.057607 0.077692 0.066500 
0.056208 0.067899 0.083787 0.069098 0.065201 0.059206 0.065401 0.056907 0.054409 0.090582 0.055908 0.081989 0.057307 0.071396 0.064701 
0.066700 0.073495 0.087484 0.074894 0.054009 0.059805 0.062903 0.071097 0.061004 0.090382 0.053710 0.065801 0.051212 0.063702 0.063802 
0.061304 0.067699 0.083687 0.074594 0.057407 0.061804 0.065101 0.061804 0.054809 0.087584 0.057507 0.074194 0.062303 0.072795 0.057407 
0.059106 0.062803 0.092281 0.075094 0.063103 0.060005 0.069598 0.053910 0.070697 0.084587 0.061804 0.065401 0.051811 0.066300 0.063502 
0.066000 0.066800 0.089283 0.071796 0.061804 0.064102 0.067699 0.059106 0.059206 0.079690 0.055908 0.071796 0.058206 0.067000 0.061604 
0.063103 0.060804 0.087784 0.072795 0.063003 0.057007 0.067699 0.057707 0.062703 0.089683 0.058006 0.068299 0.055608 0.070497 0.065301 
0.071996 0.069498 0.084886 0.060005 0.057107 0.055908 0.071197 0.059705 0.059905 0.091282 0.054209 0.070097 0.056008 0.068499 0.069698 
0.068299 0.071097 0.084886 0.080190 0.059306 0.057607 0.059405 0.061604 0.053810 0.084587 0.056108 0.071297 0.052710 0.074294 0.064801 
0.062603 0.057107 0.087384 0.078291 0.061504 0.059206 0.068698 0.067699 0.054509 0.086785 0.058906 0.071297 0.051112 0.076692 0.058206 
0.067300 0.064602 0.089283 0.070697 0.054609 0.058106 0.064202 0.063602 0.058506 0.090782 0.057507 0.069898 0.062303 0.059106 0.069498 
0.058306 0.062303 0.086085 0.081489 0.052611 0.056608 0.067300 0.064602 0.062003 0.086385 0.050212 0.075793 0.056108 0.070697 0.069498 
0.068898 0.061304 0.096977 0.069498 0.056508 0.062703 0.058606 0.060804 0.055708 0.090782 0.063103 0.068898 0.052411 0.068399 0.065401 
0.066200 0.056108 0.092880 0.076393 0.062203 0.058406 0.067599 0.058306 0.060005 0.099375 0.060804 0.066500 0.047714 0.069598 0.057907 
0.060704 0.066600 0.090782 0.080789 0.057707 0.057807 0.060704 0.062203 0.055109 0.083188 0.062703 0.073695 0.061004 0.072196 0.054809 
0.063103 0.066600 0.085186 0.072695 0.061404 0.057407 0.068898 0.056508 0.064302 0.085586 0.062303 0.069398 0.058206 0.070397 0.058006 
0.058106 0.062303 0.083587 0.077192 0.065401 0.062703 0.071396 0.054809 0.060005 0.090582 0.059505 0.068399 0.060804 0.065701 0.059505 
0.064602 0.065501 0.083088 0.079291 0.063902 0.062103 0.070697 0.057407 0.060405 0.083188 0.052011 0.079890 0.048514 0.069598 0.059805 
0.063602 0.068898 0.085186 0.082988 0.060605 0.056807 0.065401 0.060405 0.054509 0.082588 0.064102 0.059405 0.062503 0.064302 0.068698 
0.069298 0.070097 0.088584 0.074794 0.053210 0.057807 0.070697 0.056707 0.060005 0.082788 0.054609 0.069598 0.058706 0.067699 0.065401 
0.060505 0.054309 0.092481 0.068499 0.060605 0.058406 0.067899 0.063802 0.070797 0.082788 0.062103 0.073195 0.054709 0.071696 0.058206 
0.067499 0.055408 0.087285 0.078791 0.063003 0.059006 0.068199 0.062003 0.065101 0.081989 0.062703 0.064701 0.059905 0.065101 0.059306 
0.059605 0.066000 0.095478 0.070297 0.056608 0.054709 0.068199 0.060904 0.060704 0.078291 0.060205 0.079291 0.055408 0.071696 0.062603 
0.067599 0.065201 0.087984 0.071097 0.063203 0.060904 0.070397 0.058506 0.058706 0.086085 0.061204 0.069898 0.053210 0.059106 0.066900 
0.065201 0.059306 0.098076 0.064402 0.054009 0.062103 0.070597 0.060605 0.057307 0.096877 0.055009 0.071796 0.054809 0.068099 0.061804 
0.059106 0.064102 0.093480 0.081089 0.056108 0.059206 0.073095 0.059805 0.060305 0.080490 0.059805 0.071297 0.058606 0.060904 0.062603 
0.076493 0.067200 0.085486 0.083188 0.058906 0.059006 0.063003 0.058106 0.055708 0.076792 0.050912 0.070297 0.057707 0.073595 0.063602 
0.076293 0.057907 0.084686 0.075593 0.055209 0.056608 0.067399 0.062303 0.061304 0.077492 0.056608 0.066700 0.060205 0.073495 0.068199 
0.064701 0.062803 0.090982 0.081889 0.066200 0.059306 0.067799 0.061104 0.058606 0.085686 0.056008 0.065401 0.051611 0.064502 0.063402 
0.067899 0.060704 0.090982 0.073195 0.058006 0.061304 0.063802 0.055309 0.067499 0.089183 0.053510 0.068998 0.059505 0.072496 0.057607 
0.065901 0.061504 0.083687 0.072895 0.058306 0.061204 0.056907 0.061104 0.053710 0.091182 0.061304 0.075993 0.058506 0.070297 0.067499 
0.063303 0.059206 0.086785 0.073395 0.059905 0.060704 0.059705 0.065301 0.061804 0.092680 0.070097 0.071596 0.060904 0.060005 0.054609 
0.066800 0.064701 0.095678 0.075593 0.054909 0.059405 0.059106 0.066300 0.068898 0.085586 0.051711 0.072596 0.057007 0.063802 0.057907 
0.064502 0.059106 0.096877 0.071097 0.056008 0.057507 0.080090 0.059306 0.056807 0.086985 0.062803 0.069698 0.054909 0.061904 0.062403 
0.067200 0.068099 0.090482 0.082788 0.050912 0.066300 0.065801 0.064002 0.060005 0.086685 0.054709 0.071097 0.049813 0.065401 0.056707 
0.058306 0.068798 0.086285 0.077392 0.058606 0.052111 0.062903 0.069698 0.070497 0.089283 0.055908 0.074794 0.058606 0.062703 0.054109 
0.060904 0.060605 0.082788 0.081389 0.059206 0.059306 0.069798 0.057207 0.059705 0.091881 0.055908 0.078691 0.052211 0.069098 0.061304 
0.065301 0.065001 0.095778 0.079490 0.058606 0.060205 0.068499 0.061904 0.055009 0.078591 0.051611 0.073795 0.056408 0.066000 0.063802 
0.059006 0.066300 0.089283 0.066200 0.064302 0.054409 0.061504 0.062503 0.062303 0.084686 0.059206 0.072196 0.070697 0.065401 0.062003 
0.061104 0.066500 0.091481 0.071996 0.056707 0.061104 0.067499 0.059805 0.057007 0.086985 0.057707 0.068998 0.062903 0.066300 0.063902 
0.063203 0.064202 0.093180 0.074694 0.059306 0.051711 0.066900 0.060605 0.058606 0.086585 0.062903 0.067999 0.057107 0.060804 0.072196 
0.063103 0.061204 0.074894 0.077492 0.062803 0.061404 0.073995 0.062603 0.053910 0.088184 0.057807 0.070997 0.061004 0.065701 0.064901 
0.065701 0.071197 0.087484 0.072396 0.058206 0.069398 0.066500 0.056907 0.057507 0.084886 0.049413 0.072795 0.053410 0.069598 0.064602 
0.066300 0.064801 0.095378 0.068399 0.067799 0.065001 0.059206 0.063602 0.066600 0.081389 0.055408 0.068698 0.049813 0.064502 0.063103 
0.064002 0.069598 0.081189 0.071297 0.058006 0.065501 0.061904 0.057607 0.064402 0.082788 0.060605 0.065901 0.060904 0.070797 0.065501 
0.057807 0.069098 0.090082 0.076193 0.058806 0.057907 0.067699 0.062503 0.058706 0.079091 0.054909 0.071197 0.064102 0.065701 0.066200 
0.068698 0.067300 0.086585 0.082888 0.057107 0.053910 0.078191 0.065601 0.059805 0.073395 0.047215 0.067200 0.062403 0.068998 0.060704 
0.062303 0.067799 0.089583 0.064502 0.062803 0.059006 0.059905 0.056308 0.062803 0.080290 0.058206 0.075294 0.059705 0.076393 0.065101 
0.060904 0.069098 0.087584 0.075194 0.052011 0.056707 0.071396 0.062503 0.066800 0.087384 0.050512 0.074594 0.055808 0.066000 0.063502 
0.063802 0.071696 0.086585 0.081589 0.050412 0.057707 0.065001 0.062503 0.065501 0.082088 0.057007 0.070697 0.051511 0.068898 0.065001 
0.066400 0.066200 0.091781 0.074694 0.056208 0.060105 0.069298 0.063502 0.060804 0.082088 0.057107 0.071896 0.062103 0.062203 0.055608 
0.060305 0.064701 0.086585 0.073795 0.064602 0.063103 0.063203 0.061704 0.067000 0.082788 0.057507 0.070897 0.061204 0.062003 0.060605 
0.068499 0.065101 0.089383 0.074494 0.063602 0.062503 0.061804 0.054709 0.059106 0.090682 0.052910 0.069398 0.061704 0.055708 0.070397 
0.072895 0.062703 0.096478 0.071496 0.060704 0.055908 0.061204 0.066900 0.058906 0.082288 0.058706 0.074994 0.053610 0.062103 0.061104 
0.064202 0.058506 0.087484 0.068698 0.059306 0.056308 0.073695 0.058706 0.063303 0.089583 0.053810 0.069698 0.068099 0.067899 0.060704 
0.064801 0.067599 0.084587 0.075393 0.055009 0.055309 0.070197 0.062403 0.062103 0.087984 0.060305 0.070297 0.054509 0.068898 0.060605 
0.066400 0.064602 0.089483 0.070097 0.063802 0.063103 0.059805 0.061904 0.058306 0.092980 0.060005 0.073095 0.058206 0.059306 0.058906 
0.064602 0.073295 0.084587 0.077492 0.058706 0.052511 0.066100 0.072196 0.058006 0.081989 0.058906 0.069798 0.055009 0.068499 0.058306 
0.071796 0.067999 0.091082 0.072096 0.052611 0.055408 0.061304 0.064701 0.066900 0.090682 0.054009 0.070997 0.052311 0.064801 0.063303 
0.064402 0.071796 0.084487 0.075493 0.069498 0.059405 0.062503 0.057607 0.063402 0.087584 0.054609 0.069198 0.052511 0.067300 0.060205 
0.066000 0.064402 0.091381 0.076792 0.054409 0.055508 0.067300 0.065301 0.064602 0.079990 0.058606 0.084187 0.051611 0.063402 0.056508 
0.067699 0.065201 0.092980 0.080090 0.056707 0.066500 0.074294 0.059705 0.050912 0.083088 0.055209 0.069798 0.049513 0.067899 0.060405 
0.065801 0.067999 0.088983 0.071297 0.056508 0.061604 0.074894 0.058806 0.061904 0.089283 0.053010 0.064701 0.058406 0.066900 0.059905 
0.057407 0.069398 0.083088 0.078091 0.061304 0.060005 0.071896 0.065501 0.055408 0.078391 0.055109 0.074494 0.058506 0.068998 0.062403 
0.063203 0.063702 0.087384 0.077092 0.063602 0.061104 0.069798 0.058906 0.057007 0.092281 0.054009 0.068798 0.055608 0.065101 0.062403 
0.072596 0.053610 0.077992 0.072496 0.050912 0.058306 0.062703 0.068399 0.067300 0.085086 0.059705 0.071896 0.056208 0.070597 0.072196 
0.070097 0.061704 0.091781 0.076293 0.060105 0.058706 0.071496 0.064002 0.061904 0.076992 0.050212 0.075893 0.058006 0.062303 0.060505 
0.061304 0.071097 0.080590 0.076193 0.055309 0.057707 0.071496 0.057407 0.057207 0.089583 0.059306 0.066300 0.056907 0.074794 0.064801 
0.066200 0.062003 0.093380 0.072695 0.060804 0.052011 0.061704 0.068798 0.058806 0.088484 0.054909 0.071396 0.060405 0.070597 0.057807 
0.064202 0.067300 0.097077 0.074994 0.057207 0.062503 0.066700 0.059705 0.053510 0.086985 0.051511 0.071496 0.055608 0.074094 0.057107 
0.059705 0.066500 0.090282 0.073595 0.061404 0.061204 0.066100 0.060904 0.065801 0.085686 0.057207 0.067699 0.059006 0.059405 0.065501 
0.070897 0.066200 0.088384 0.074894 0.056608 0.058006 0.064102 0.064202 0.059006 0.084587 0.052411 0.071996 0.065701 0.064901 0.058106 
0.064202 0.066300 0.088883 0.075593 0.062403 0.056907 0.061604 0.060804 0.061904 0.086585 0.058206 0.067799 0.055209 0.068998 0.064602 
0.067300 0.062903 0.086385 0.074994 0.059106 0.061904 0.069498 0.057007 0.065801 0.089583 0.053010 0.066700 0.055209 0.075094 0.055508 
0.061204 0.065101 0.089583 0.081389 0.057807 0.056008 0.070097 0.065401 0.060505 0.078891 0.053910 0.066500 0.056008 0.069898 0.067699 
0.067799 0.067699 0.084187 0.073395 0.053910 0.054609 0.066400 0.058806 0.066300 0.085086 0.052810 0.080689 0.058206 0.070097 0.060005 
0.062503 0.066800 0.081789 0.070497 0.060005 0.059006 0.065101 0.063502 0.060405 0.093480 0.061504 0.073095 0.052311 0.063802 0.066200 
0.062303 0.065501 0.090582 0.068798 0.060904 0.065701 0.072096 0.068399 0.060704 0.084886 0.055808 0.068399 0.053610 0.063402 0.058906 
0.069198 0.065901 0.083787 0.072596 0.054209 0.054209 0.067000 0.064602 0.061404 0.088084 0.057207 0.077892 0.055808 0.072396 0.055708 
0.072296 0.051511 0.083987 0.071696 0.056807 0.057907 0.064302 0.068299 0.065501 0.082288 0.060605 0.073195 0.067599 0.068898 0.055109 
0.067000 0.065101 0.090682 0.072396 0.059006 0.064402 0.058706 0.061504 0.056807 0.084587 0.063702 0.066900 0.061604 0.065901 0.061704 
0.062803 0.063702 0.095279 0.072995 0.061404 0.055708 0.064402 0.053910 0.057807 0.085386 0.060605 0.072096 0.052910 0.070297 0.070697 
0.047814 0.074994 0.091981 0.074094 0.063702 0.063402 0.067499 0.061204 0.058406 0.081489 0.061804 0.062503 0.054409 0.074194 0.062503 
0.065301 0.067899 0.087285 0.077992 0.047315 0.054709 0.065401 0.067200 0.057207 0.082188 0.066300 0.075593 0.055808 0.073395 0.056408 
0.066100 0.065801 0.086685 0.080590 0.057907 0.053810 0.066700 0.057707 0.068299 0.090082 0.053110 0.074494 0.055009 0.064102 0.059605 
0.066600 0.060505 0.096178 0.080889 0.059306 0.057307 0.073295 0.047315 0.058606 0.087984 0.058006 0.067699 0.058506 0.071496 0.056308 
0.064701 0.066700 0.082188 0.069298 0.067000 0.058706 0.077392 0.050712 0.049713 0.086285 0.057407 0.072895 0.056308 0.070197 0.070497 
0.063802 0.066300 0.099176 0.075294 0.060505 0.052611 0.061104 0.058906 0.061604 0.078591 0.057307 0.070397 0.061804 0.066900 0.065701 
0.061204 0.063802 0.100475 0.072496 0.051611 0.060505 0.064901 0.062503 0.058506 0.086785 0.061904 0.069698 0.058606 0.061104 0.065901 
0.069598 0.069498 0.082988 0.072296 0.050312 0.056408 0.062503 0.064402 0.066400 0.086985 0.049413 0.068099 0.059905 0.070897 0.070297 
0.062203 0.074894 0.084187 0.076792 0.059006 0.060205 0.059705 0.062503 0.059106 0.083487 0.060904 0.072895 0.056108 0.070997 0.057007 
0.068399 0.063402 0.089583 0.071197 0.063003 0.054109 0.069498 0.057207 0.057507 0.083887 0.054509 0.073095 0.065801 0.068998 0.059805 
0.065901 0.057307 0.090082 0.074994 0.059206 0.060704 0.070097 0.060704 0.063502 0.080190 0.057607 0.070397 0.057707 0.072895 0.058706 
0.067999 0.060505 0.082588 0.074794 0.060305 0.059705 0.068199 0.054809 0.061504 0.084686 0.053110 0.076493 0.062003 0.068698 0.064602 
0.070297 0.059605 0.089583 0.071197 0.055009 0.065801 0.073895 0.059805 0.061204 0.088184 0.051312 0.072296 0.054209 0.071696 0.055908 
0.062903 0.070597 0.093280 0.066000 0.057607 0.060205 0.068199 0.059805 0.063802 0.083987 0.067899 0.067100 0.055808 0.057407 0.065401 
0.060305 0.065501 0.085686 0.071496 0.064202 0.060605 0.073295 0.058506 0.062403 0.074994 0.060704 0.066200 0.062603 0.069998 0.063502 
0.060005 0.067599 0.087285 0.071496 0.064402 0.063203 0.062203 0.056208 0.052511 0.088084 0.057607 0.065301 0.058006 0.071396 0.074694 
0.064701 0.064002 0.093880 0.077092 0.056807 0.065701 0.072296 0.061204 0.058706 0.085886 0.052411 0.069298 0.052011 0.068599 0.057407 
0.061004 0.064502 0.096078 0.080789 0.049513 0.056208 0.069998 0.062503 0.060205 0.083188 0.060005 0.071996 0.051312 0.069298 0.063402 
0.061704 0.057307 0.089983 0.073295 0.067999 0.061904 0.063303 0.062603 0.060405 0.089083 0.060205 0.074694 0.053710 0.061304 0.062503 
0.062403 0.066600 0.094079 0.069798 0.058306 0.059705 0.066500 0.067699 0.058806 0.080689 0.047115 0.074494 0.056508 0.070197 0.067100 
0.064102 0.064602 0.091282 0.069598 0.061104 0.060605 0.067999 0.063802 0.056408 0.087784 0.052810 0.067399 0.056208 0.069598 0.066700 
0.067799 0.068898 0.088284 0.068499 0.058906 0.059905 0.073195 0.058506 0.060704 0.084487 0.058006 0.079390 0.052710 0.066900 0.053810 
0.067499 0.062403 0.087884 0.079790 0.048813 0.067000 0.058906 0.064002 0.066300 0.085086 0.053610 0.068599 0.059206 0.068499 0.062403 
0.069098 0.061304 0.085286 0.080190 0.066600 0.049213 0.064102 0.062503 0.065001 0.087384 0.049713 0.062503 0.063303 0.072196 0.061604 
0.069398 0.065701 0.090582 0.076792 0.054409 0.060305 0.065501 0.063702 0.052011 0.085986 0.058506 0.075094 0.051611 0.068599 0.061804 
0.062203 0.064302 0.089883 0.073795 0.050712 0.051611 0.071696 0.064402 0.063902 0.083687 0.065201 0.075393 0.059206 0.066600 0.057407 
0.066100 0.066700 0.085386 0.081389 0.056707 0.056008 0.064701 0.066600 0.062903 0.083288 0.061204 0.069198 0.048214 0.066600 0.065001 
0.059306 0.061604 0.086485 0.076193 0.058506 0.070697 0.059505 0.065101 0.065001 0.095878 0.052211 0.069498 0.053910 0.064701 0.061404 
0.071197 0.066600 0.094979 0.075393 0.057707 0.059106 0.068199 0.061804 0.064002 0.080290 0.049813 0.067999 0.054809 0.069998 0.058106 
0.071197 0.068499 0.079291 0.064602 0.053410 0.062503 0.064602 0.059006 0.063203 0.085386 0.060904 0.064002 0.061304 0.075993 0.066100 
0.068299 0.066300 0.085786 0.076093 0.058606 0.058706 0.070097 0.058806 0.072296 0.082688 0.055608 0.074694 0.049813 0.063303 0.058906 
0.054309 0.068698 0.086585 0.072695 0.055408 0.055508 0.069998 0.061304 0.059306 0.088883 0.060804 0.075693 0.062203 0.065301 0.063303 
0.071696 0.058806 0.084187 0.075194 0.058306 0.059106 0.069698 0.057107 0.059605 0.081289 0.058006 0.072596 0.051911 0.076692 0.065801 
0.066000 0.060904 0.082388 0.073995 0.058606 0.063103 0.068299 0.050812 0.062403 0.085786 0.059805 0.068099 0.063502 0.069698 0.066600 
0.060305 0.071896 0.092381 0.069198 0.061104 0.061204 0.061904 0.060305 0.063602 0.080789 0.057607 0.068898 0.060704 0.069098 0.061004 
0.067000 0.066600 0.078691 0.077692 0.061104 0.061804 0.070697 0.061104 0.067499 0.088783 0.054509 0.070497 0.061904 0.062003 0.050112 
0.065101 0.066300 0.085986 0.075793 0.052211 0.059905 0.066900 0.069198 0.069498 0.085786 0.060205 0.065301 0.057207 0.066100 0.054509 
0.069198 0.062903 0.092081 0.075693 0.056807 0.063003 0.060505 0.059006 0.063203 0.087884 0.055408 0.066600 0.057207 0.063602 0.066900 
0.063003 0.064402 0.091481 0.068998 0.059505 0.064202 0.058406 0.062503 0.067399 0.083687 0.053510 0.071496 0.057607 0.069898 0.063902 
0.062303 0.055608 0.093380 0.075593 0.054009 0.060105 0.074094 0.059805 0.055408 0.089983 0.056907 0.070697 0.063103 0.068399 0.060605 
0.063103 0.062203 0.084587 0.079690 0.056907 0.055908 0.079990 0.058006 0.060605 0.083787 0.059405 0.065601 0.058406 0.071496 0.060305 
0.065501 0.066200 0.096578 0.070597 0.059006 0.059905 0.066200 0.063203 0.058906 0.082588 0.065401 0.066500 0.055808 0.065901 0.057707 
0.055009 0.064202 0.085086 0.078191 0.051711 0.062803 0.066800 0.065701 0.068399 0.084187 0.055708 0.071396 0.062303 0.066500 0.062003 
0.061004 0.064801 0.100475 0.068499 0.063802 0.059405 0.071596 0.062903 0.066100 0.077592 0.058406 0.071996 0.053610 0.062203 0.057607 
0.064002 0.057207 0.088783 0.077992 0.063402 0.056408 0.068599 0.054809 0.058806 0.087484 0.059505 0.067599 0.062703 0.070597 0.062103 
0.073495 0.054509 0.093380 0.068998 0.057407 0.062303 0.067599 0.063402 0.057207 0.087085 0.058106 0.075693 0.055508 0.065501 0.059805 
0.068698 0.059805 0.091381 0.073195 0.064602 0.059206 0.066900 0.049113 0.064701 0.088284 0.051511 0.071796 0.056807 0.069998 0.064002 
0.067799 0.061804 0.083787 0.071696 0.057707 0.059505 0.064102 0.060405 0.064602 0.083088 0.059605 0.070497 0.058606 0.069998 0.066800 
0.064202 0.064402 0.086285 0.073195 0.055309 0.064202 0.071297 0.055508 0.059405 0.085286 0.051312 0.072596 0.057307 0.075593 0.064102 
0.054509 0.065601 0.087085 0.077292 0.068599 0.058506 0.070197 0.055508 0.062003 0.089283 0.060105 0.065801 0.053110 0.068399 0.064002 
