0.002120 0.000707 0.486926 0.002120 0.000707 0.003534 0.002120 0.000707 0.003534 0.493993 0.000707 0.000707 0.000707 0.000707 0.000707 
0.001895 0.000379 0.501326 0.001137 0.001895 0.000379 0.000379 0.000379 0.000379 0.482380 0.004168 0.000379 0.000379 0.001895 0.002653 
0.000211 0.000632 0.459027 0.085317 0.000211 0.000211 0.000632 0.000211 0.000632 0.389088 0.000211 0.000632 0.000211 0.061723 0.001053 
0.000447 0.000149 0.356558 0.159744 0.000149 0.000149 0.001935 0.000447 0.023671 0.303558 0.000149 0.000149 0.000149 0.152598 0.000149 
0.000110 0.000110 0.278432 0.164593 0.007597 0.000110 0.055598 0.000550 0.095673 0.220742 0.000550 0.000110 0.000110 0.175603 0.000110 
0.000596 0.000085 0.222591 0.150354 0.047619 0.000426 0.080160 0.036204 0.124798 0.176932 0.001448 0.000085 0.000426 0.154954 0.003322 
0.001376 0.000652 0.166630 0.145919 0.077124 0.018466 0.094938 0.094793 0.104932 0.146499 0.000072 0.000217 0.000652 0.134333 0.013397 
0.004951 0.005875 0.157436 0.124431 0.077035 0.035712 0.098290 0.091689 0.107796 0.127071 0.000990 0.000066 0.000858 0.117830 0.049970 
0.036987 0.024842 0.128013 0.119549 0.084340 0.051954 0.089861 0.089247 0.092928 0.118690 0.000061 0.000552 0.000675 0.106177 0.056125 
0.056632 0.041220 0.108777 0.098010 0.059165 0.047765 0.069932 0.077110 0.070776 0.094210 0.031931 0.075526 0.032037 0.085766 0.051143 
0.060804 0.045716 0.099176 0.092880 0.063103 0.047115 0.068399 0.066600 0.060305 0.081389 0.048014 0.091481 0.040819 0.086285 0.047914 
0.059505 0.037622 0.094079 0.095778 0.062403 0.043717 0.065501 0.069198 0.067899 0.090282 0.051411 0.092980 0.037622 0.081789 0.050212 
0.056408 0.042718 0.100175 0.092281 0.058006 0.046415 0.059605 0.070997 0.065901 0.093080 0.042318 0.092081 0.044317 0.086685 0.049013 
0.063303 0.040420 0.094679 0.090682 0.061904 0.046715 0.063802 0.069798 0.063502 0.087684 0.050412 0.089783 0.040919 0.087384 0.049013 
0.062003 0.044017 0.097477 0.092081 0.057107 0.048314 0.069698 0.067999 0.061804 0.077692 0.049713 0.095478 0.039021 0.089883 0.047714 
0.058906 0.050012 0.105071 0.088184 0.057907 0.042918 0.060505 0.067200 0.062903 0.085086 0.046715 0.100475 0.039820 0.079790 0.054509 
0.060704 0.046315 0.094079 0.091681 0.063902 0.045816 0.061004 0.065301 0.071396 0.080290 0.050312 0.092481 0.043417 0.086685 0.046615 
0.069698 0.041119 0.100575 0.094279 0.059505 0.043018 0.062803 0.063802 0.070197 0.085086 0.049813 0.095079 0.044117 0.068499 0.052411 
0.062303 0.040220 0.097277 0.096677 0.058506 0.036922 0.067100 0.065501 0.072995 0.084587 0.049913 0.098576 0.037122 0.082588 0.049713 
0.056608 0.041819 0.106370 0.094079 0.060605 0.054509 0.064801 0.062203 0.064801 0.082288 0.051112 0.088384 0.053610 0.075793 0.043018 
0.066200 0.041919 0.094979 0.094579 0.070997 0.045616 0.065601 0.064202 0.064901 0.082488 0.050712 0.097577 0.041719 0.075593 0.042918 
0.056208 0.037022 0.110567 0.096677 0.057907 0.049313 0.060804 0.064002 0.065801 0.086585 0.058806 0.092980 0.036123 0.084986 0.042218 
0.061904 0.043517 0.100974 0.089683 0.061104 0.043617 0.066500 0.067899 0.066800 0.081389 0.046115 0.099276 0.040620 0.081489 0.049113 
0.060704 0.045216 0.102073 0.090382 0.065601 0.045416 0.062003 0.065101 0.065101 0.081889 0.050912 0.092081 0.045416 0.087085 0.041019 
0.073895 0.038021 0.094679 0.096078 0.057807 0.042718 0.063402 0.077192 0.069498 0.084986 0.042418 0.096677 0.042918 0.074594 0.045116 
0.066000 0.033325 0.104372 0.089083 0.064701 0.046915 0.072895 0.063702 0.058806 0.087984 0.053310 0.093580 0.041919 0.080889 0.042518 
0.058406 0.037122 0.100774 0.098076 0.060105 0.043817 0.065201 0.060205 0.068898 0.083887 0.050212 0.089283 0.048014 0.083387 0.052611 
0.063003 0.043018 0.097177 0.092680 0.069398 0.050212 0.067499 0.061004 0.070497 0.083487 0.047514 0.086385 0.038221 0.079590 0.050312 
0.067200 0.040220 0.102273 0.088284 0.063103 0.040620 0.068798 0.071496 0.067100 0.085886 0.052211 0.090682 0.040120 0.074294 0.047714 
0.061404 0.038321 0.104172 0.093680 0.066200 0.042518 0.067499 0.067999 0.061804 0.086485 0.051811 0.088883 0.045216 0.080789 0.043218 
0.063902 0.036922 0.097277 0.088783 0.061504 0.046815 0.065401 0.066000 0.066400 0.080490 0.048713 0.098176 0.039221 0.086385 0.054009 
0.055109 0.034624 0.099675 0.099875 0.061104 0.047514 0.066400 0.071097 0.067599 0.082588 0.049513 0.093080 0.041019 0.077492 0.053310 
0.069598 0.045216 0.104172 0.088683 0.062403 0.042318 0.064002 0.068499 0.062103 0.079191 0.046115 0.087784 0.042518 0.090182 0.047215 
0.065601 0.045316 0.106570 0.087684 0.059705 0.047814 0.064701 0.056208 0.067499 0.087484 0.045616 0.093580 0.038421 0.080590 0.053210 
0.067999 0.041419 0.094479 0.092780 0.062303 0.047414 0.063203 0.070597 0.068998 0.089483 0.041519 0.095279 0.043318 0.073195 0.048014 
0.066500 0.052511 0.098676 0.081389 0.059206 0.047414 0.066700 0.065401 0.064502 0.085986 0.040620 0.098476 0.041419 0.085986 0.045216 
0.064302 0.042818 0.096478 0.085386 0.063003 0.045916 0.062003 0.075294 0.068998 0.090282 0.041419 0.089083 0.041419 0.080090 0.053510 
0.063203 0.045216 0.092680 0.092780 0.064002 0.048314 0.067399 0.068798 0.064402 0.090782 0.045016 0.085086 0.040420 0.082488 0.049413 
0.067899 0.044916 0.091381 0.092581 0.058006 0.051811 0.062203 0.067000 0.058106 0.095179 0.046515 0.097077 0.046415 0.078591 0.042318 
0.065401 0.037222 0.097277 0.086085 0.062903 0.049413 0.062303 0.068099 0.067300 0.090982 0.045716 0.098176 0.045616 0.074794 0.048713 
0.068599 0.038721 0.101574 0.087085 0.067599 0.045516 0.066200 0.066500 0.066400 0.084587 0.039720 0.100575 0.048414 0.077692 0.040819 
0.061404 0.039920 0.098076 0.091881 0.065201 0.044417 0.071097 0.075593 0.068299 0.083887 0.046115 0.088384 0.044916 0.075993 0.044816 
0.066500 0.043717 0.101374 0.091481 0.062903 0.042618 0.059405 0.067100 0.063802 0.082188 0.046915 0.097477 0.038121 0.086085 0.050312 
0.063802 0.046915 0.102873 0.088284 0.059106 0.049613 0.057907 0.065401 0.066100 0.087684 0.046715 0.091881 0.039820 0.087884 0.046015 
0.070197 0.042818 0.102273 0.093080 0.064202 0.049313 0.066000 0.062703 0.060405 0.089383 0.047115 0.096478 0.034724 0.073495 0.047814 
0.063402 0.039720 0.100375 0.096178 0.065901 0.048514 0.065401 0.064602 0.059905 0.086785 0.048314 0.094079 0.037822 0.078291 0.050712 
0.064602 0.039820 0.097877 0.097177 0.060005 0.045516 0.069698 0.062203 0.067200 0.086485 0.046115 0.097077 0.040320 0.078691 0.047215 
0.060605 0.038021 0.103273 0.092081 0.068099 0.042918 0.064102 0.061504 0.061504 0.086385 0.046115 0.094879 0.042418 0.081289 0.056807 
0.062003 0.040320 0.101374 0.095678 0.068499 0.047315 0.065301 0.055408 0.065501 0.085286 0.050212 0.094979 0.033425 0.080689 0.054009 
0.066100 0.043517 0.100475 0.089783 0.059505 0.049413 0.065601 0.067000 0.065301 0.083787 0.046415 0.088384 0.046815 0.081189 0.046715 
0.062703 0.048913 0.099675 0.086585 0.058006 0.047414 0.063003 0.073795 0.065901 0.081389 0.050512 0.093880 0.038921 0.081189 0.048114 
0.062203 0.049113 0.099276 0.092481 0.059206 0.044916 0.065701 0.065801 0.060605 0.083587 0.047914 0.095478 0.040520 0.080789 0.052411 
0.064002 0.039121 0.101274 0.096378 0.063003 0.046315 0.071996 0.064701 0.060305 0.094779 0.045416 0.087784 0.042618 0.077892 0.044417 
0.061604 0.033625 0.102673 0.095978 0.059705 0.052710 0.069098 0.061104 0.063502 0.079690 0.048514 0.095179 0.041119 0.090582 0.044916 
0.063103 0.039620 0.095678 0.096178 0.065701 0.054209 0.061804 0.064901 0.067399 0.084187 0.049013 0.096977 0.037722 0.075993 0.047514 
0.065401 0.040320 0.101974 0.091881 0.065501 0.039920 0.066600 0.070497 0.067999 0.085886 0.049013 0.086185 0.039221 0.083987 0.045616 
0.064102 0.035024 0.095279 0.094479 0.058206 0.046915 0.066600 0.070097 0.058506 0.087484 0.051511 0.090782 0.048414 0.085486 0.047115 
0.063402 0.050612 0.103273 0.095079 0.059006 0.045516 0.066600 0.061104 0.064202 0.083288 0.049313 0.090882 0.039520 0.081589 0.046615 
0.070097 0.039920 0.100774 0.094479 0.061204 0.046715 0.060505 0.060205 0.073095 0.089383 0.041219 0.097077 0.038121 0.082388 0.044816 
0.064102 0.041019 0.093680 0.091881 0.061904 0.050212 0.067699 0.066600 0.068798 0.082988 0.040520 0.084287 0.048514 0.088184 0.049613 
0.063502 0.040620 0.102273 0.088783 0.066700 0.043417 0.067499 0.064402 0.069098 0.086285 0.040020 0.095878 0.039720 0.086385 0.045416 
0.059805 0.035024 0.106070 0.090682 0.064202 0.049913 0.062103 0.065001 0.063902 0.088983 0.052111 0.086685 0.050412 0.075693 0.049413 
0.057107 0.040719 0.111366 0.090182 0.065001 0.046815 0.065001 0.058506 0.061204 0.077192 0.048813 0.092181 0.045216 0.087984 0.052710 
0.064402 0.050912 0.097877 0.086985 0.062703 0.053710 0.061104 0.062703 0.061904 0.082988 0.054709 0.090882 0.041919 0.077492 0.049713 
0.063303 0.038121 0.097477 0.086185 0.064302 0.043617 0.063902 0.066600 0.075294 0.090782 0.046115 0.090682 0.044417 0.077992 0.051212 
0.061604 0.040620 0.101274 0.092181 0.060105 0.044617 0.067499 0.066700 0.066000 0.087484 0.056308 0.092980 0.044916 0.077992 0.039720 
0.063502 0.043517 0.093380 0.094079 0.067200 0.041419 0.059505 0.064602 0.063902 0.083987 0.049313 0.094679 0.051012 0.076393 0.053510 
0.065301 0.037322 0.098476 0.095878 0.059405 0.046215 0.069698 0.066000 0.063103 0.087684 0.041619 0.095878 0.047115 0.081289 0.045016 
0.060704 0.038521 0.103273 0.098376 0.062303 0.051212 0.063203 0.069698 0.061604 0.086785 0.048114 0.097377 0.037422 0.080190 0.041219 
0.067200 0.042218 0.098676 0.096877 0.061004 0.044217 0.067999 0.062603 0.067699 0.085386 0.047714 0.087884 0.040120 0.081089 0.049313 
0.067300 0.041819 0.098576 0.093280 0.071696 0.043517 0.059405 0.063502 0.068299 0.085986 0.047914 0.092780 0.041419 0.080390 0.044117 
0.066200 0.047814 0.100075 0.091981 0.058706 0.050612 0.059505 0.065101 0.065501 0.079990 0.050612 0.096777 0.041919 0.079790 0.045416 
0.065601 0.038621 0.110567 0.090082 0.061004 0.045816 0.063003 0.064202 0.071896 0.085486 0.043018 0.098276 0.030427 0.081389 0.050612 
0.064602 0.038921 0.096178 0.090082 0.065901 0.053110 0.061804 0.066000 0.065301 0.083587 0.046515 0.095478 0.038621 0.087684 0.046215 
0.059106 0.043417 0.099575 0.094979 0.059805 0.049613 0.065201 0.069298 0.063702 0.082788 0.048314 0.092481 0.048414 0.077392 0.045916 
0.064602 0.044816 0.102573 0.090082 0.063902 0.042918 0.062503 0.066200 0.064602 0.073995 0.060005 0.088284 0.041419 0.080290 0.053810 
0.071297 0.035823 0.097977 0.102173 0.062803 0.041819 0.069998 0.065501 0.066000 0.077592 0.048713 0.097577 0.039920 0.073995 0.048813 
0.061304 0.042018 0.103372 0.090682 0.061504 0.041019 0.066700 0.067399 0.067000 0.082488 0.045516 0.093980 0.042918 0.081989 0.052111 
0.067699 0.036922 0.096977 0.093380 0.064701 0.046515 0.060405 0.069398 0.067799 0.083288 0.052710 0.096078 0.036323 0.082388 0.045416 
0.059006 0.038021 0.101074 0.087784 0.064202 0.043417 0.058806 0.071097 0.071696 0.089183 0.044117 0.094479 0.042518 0.085786 0.048813 
0.067000 0.040819 0.097277 0.087684 0.069598 0.053810 0.069498 0.068299 0.066900 0.083487 0.050212 0.084686 0.040520 0.075194 0.045016 
0.059605 0.047514 0.105871 0.092381 0.064701 0.047015 0.066500 0.063402 0.070497 0.082688 0.046215 0.096278 0.036123 0.072196 0.049013 
0.063802 0.040919 0.099375 0.088683 0.068998 0.045516 0.072995 0.059206 0.059605 0.082988 0.056008 0.088284 0.042718 0.081889 0.049013 
0.068499 0.049713 0.099176 0.098076 0.062703 0.046415 0.061104 0.063502 0.061504 0.082788 0.050612 0.091182 0.034924 0.078291 0.051511 
0.064801 0.044617 0.100275 0.092980 0.066200 0.037722 0.072096 0.064901 0.060105 0.085486 0.041419 0.089483 0.046815 0.086885 0.046215 
0.067599 0.041319 0.102673 0.094479 0.061804 0.044417 0.068299 0.062403 0.070997 0.083687 0.049813 0.094579 0.039321 0.072096 0.046515 
0.055908 0.046115 0.105671 0.099675 0.060405 0.049113 0.064302 0.067200 0.060305 0.081789 0.044916 0.100874 0.043018 0.077792 0.042918 
0.061704 0.041919 0.096178 0.095578 0.059306 0.046015 0.065501 0.058906 0.068698 0.089083 0.047015 0.088883 0.047215 0.084487 0.049513 
0.053510 0.040120 0.096877 0.090582 0.057807 0.042818 0.072496 0.070797 0.067399 0.088484 0.049413 0.094379 0.037222 0.083088 0.055009 
0.064502 0.045316 0.103472 0.086385 0.061604 0.045516 0.068199 0.070097 0.062403 0.086485 0.046115 0.090282 0.040420 0.076093 0.053110 
0.069198 0.041519 0.099975 0.089783 0.069598 0.044117 0.068099 0.064901 0.061104 0.085386 0.045216 0.094179 0.043318 0.074394 0.049213 
0.055708 0.047514 0.097777 0.097777 0.057207 0.047714 0.056907 0.063003 0.060904 0.092481 0.047514 0.095578 0.043417 0.083787 0.052710 
0.061604 0.043417 0.099375 0.093280 0.061104 0.047115 0.067999 0.062903 0.064502 0.083987 0.045516 0.102273 0.042718 0.076393 0.047814 
0.067499 0.042918 0.096078 0.088484 0.062103 0.045916 0.062803 0.065901 0.065201 0.091481 0.051212 0.092481 0.040020 0.081689 0.046215 
0.060305 0.038521 0.102173 0.086185 0.066600 0.055608 0.061204 0.069898 0.066000 0.088084 0.042518 0.097077 0.041619 0.077092 0.047115 
0.066100 0.039021 0.109568 0.088284 0.060405 0.048514 0.059605 0.068099 0.062403 0.090382 0.045616 0.095179 0.040919 0.080490 0.045416 
0.062503 0.046515 0.100774 0.094279 0.051511 0.041319 0.063203 0.067000 0.066000 0.096178 0.049513 0.096478 0.035523 0.083487 0.045716 
0.061404 0.040020 0.100874 0.088084 0.061104 0.047714 0.062803 0.065801 0.069598 0.085386 0.046115 0.097077 0.045616 0.082188 0.046215 
0.068998 0.040919 0.099775 0.098776 0.060005 0.038621 0.066000 0.065001 0.057907 0.085186 0.047614 0.094379 0.051312 0.079291 0.046215 
0.060804 0.040020 0.106070 0.092481 0.065101 0.049413 0.062503 0.065301 0.065701 0.089883 0.045316 0.087984 0.038021 0.082088 0.049313 
0.055608 0.037222 0.095378 0.093880 0.066300 0.040919 0.067599 0.066200 0.059206 0.088783 0.055408 0.098976 0.043218 0.081389 0.049913 
0.066800 0.039620 0.095978 0.083787 0.058706 0.043118 0.066200 0.064502 0.066500 0.088783 0.047914 0.099475 0.042618 0.083387 0.052611 
0.063103 0.040020 0.101074 0.090682 0.062403 0.044617 0.064202 0.066600 0.064302 0.082888 0.051212 0.096078 0.041319 0.087684 0.043817 
0.066600 0.042518 0.104871 0.093880 0.059705 0.049513 0.068998 0.067599 0.061104 0.081989 0.049113 0.088484 0.040919 0.077192 0.047514 
0.068299 0.042218 0.102973 0.088284 0.068399 0.045416 0.066400 0.066200 0.068299 0.082288 0.042918 0.090582 0.041819 0.083487 0.042418 
0.060405 0.048114 0.098976 0.094679 0.061004 0.046615 0.066900 0.067000 0.067000 0.084187 0.046515 0.097177 0.037522 0.079191 0.044716 
0.059006 0.040620 0.104472 0.093180 0.064502 0.038521 0.071996 0.071496 0.063203 0.080590 0.050312 0.100375 0.041219 0.075593 0.044916 
0.065201 0.041319 0.094779 0.094879 0.061404 0.046515 0.071496 0.062903 0.064801 0.085486 0.048214 0.094579 0.035723 0.081589 0.051112 
0.065701 0.037922 0.099475 0.092081 0.061704 0.048813 0.063502 0.064801 0.064701 0.085986 0.054209 0.089883 0.041519 0.082888 0.046815 
0.055808 0.047115 0.099575 0.089683 0.065001 0.045016 0.063502 0.064502 0.064402 0.084986 0.055309 0.095878 0.043417 0.081589 0.044217 
0.063902 0.038321 0.104272 0.089083 0.060305 0.049913 0.072196 0.060704 0.065001 0.083387 0.041619 0.102873 0.038921 0.082288 0.047215 
0.059505 0.039221 0.107070 0.088883 0.061104 0.048414 0.066800 0.066500 0.061904 0.082188 0.047714 0.097877 0.044017 0.079291 0.049513 
0.059605 0.040320 0.097477 0.094679 0.062503 0.050412 0.062803 0.060005 0.068898 0.094179 0.046215 0.092581 0.040719 0.081489 0.048114 
0.062303 0.039121 0.101874 0.087085 0.065901 0.040120 0.064801 0.069498 0.064901 0.085386 0.052111 0.091182 0.043817 0.080390 0.051511 
0.066200 0.038421 0.100475 0.087784 0.064801 0.046415 0.065501 0.066000 0.065201 0.086585 0.048114 0.095778 0.037122 0.083088 0.048514 
0.066400 0.044117 0.099975 0.081289 0.062103 0.051411 0.069898 0.067599 0.063502 0.089583 0.046615 0.090982 0.040819 0.076992 0.048713 
0.065601 0.043917 0.094079 0.090382 0.059505 0.045616 0.059106 0.070297 0.064302 0.079490 0.056308 0.098776 0.043617 0.084187 0.044816 
0.065001 0.037222 0.101774 0.090782 0.063203 0.045216 0.067999 0.063602 0.068798 0.084187 0.046215 0.083188 0.043018 0.085486 0.054309 
0.063103 0.040420 0.099176 0.090182 0.066400 0.044417 0.068898 0.067799 0.059805 0.085486 0.052111 0.095778 0.044617 0.076393 0.045416 
0.069198 0.045016 0.101374 0.089483 0.059905 0.053010 0.069398 0.061604 0.062003 0.086985 0.051012 0.087484 0.039920 0.081389 0.042218 
0.062503 0.046215 0.100874 0.085586 0.065901 0.045316 0.067399 0.068499 0.063902 0.088584 0.044816 0.087185 0.045516 0.082788 0.044916 
0.065801 0.042618 0.097977 0.093780 0.062303 0.047115 0.062203 0.064901 0.066200 0.079690 0.048314 0.094479 0.037822 0.083088 0.053710 
0.058406 0.045316 0.095478 0.097277 0.063303 0.045816 0.064701 0.068798 0.059905 0.086685 0.052211 0.094679 0.042318 0.084587 0.040520 
0.060205 0.036323 0.105071 0.098176 0.063602 0.049213 0.066400 0.074394 0.065001 0.085086 0.044716 0.087085 0.041119 0.075893 0.047714 
0.061704 0.043218 0.102073 0.097577 0.059106 0.043018 0.062303 0.067999 0.071996 0.087684 0.046715 0.094679 0.036323 0.077892 0.047714 
0.060005 0.044517 0.088783 0.105871 0.060405 0.039620 0.061804 0.080190 0.065301 0.083587 0.044117 0.093080 0.043218 0.077092 0.052411 
0.067000 0.038021 0.095279 0.095279 0.061404 0.044517 0.070097 0.067899 0.063402 0.084187 0.049813 0.090782 0.035024 0.087684 0.049613 
0.062803 0.041519 0.095978 0.093880 0.065001 0.050112 0.064801 0.064502 0.068499 0.084786 0.054509 0.092181 0.037922 0.074294 0.049213 
0.059605 0.041719 0.099975 0.090282 0.062103 0.048214 0.072895 0.070897 0.065701 0.080789 0.049013 0.091981 0.042618 0.078591 0.045616 
0.061704 0.043917 0.102073 0.090582 0.056008 0.050312 0.062703 0.069598 0.065701 0.084686 0.047714 0.093580 0.042318 0.087384 0.041719 
0.066800 0.042518 0.098876 0.090482 0.065501 0.048314 0.065001 0.068299 0.058906 0.086885 0.046615 0.101974 0.039321 0.076692 0.043817 
0.065601 0.042118 0.095978 0.092181 0.067000 0.039720 0.064302 0.063003 0.069398 0.084087 0.052011 0.090582 0.041419 0.081289 0.051312 
0.067399 0.038721 0.098676 0.089683 0.056608 0.047015 0.069598 0.073895 0.063502 0.077792 0.052511 0.097277 0.037122 0.082988 0.047215 
0.063203 0.045216 0.099975 0.086685 0.069998 0.046515 0.069798 0.061404 0.063802 0.083987 0.049813 0.094979 0.045916 0.075593 0.043118 
0.060405 0.049813 0.092880 0.091481 0.063502 0.045816 0.064502 0.069898 0.065301 0.082488 0.044317 0.094579 0.041119 0.083188 0.050712 
0.066900 0.039620 0.097777 0.094679 0.057607 0.044117 0.067799 0.065901 0.064801 0.092980 0.046915 0.090482 0.046715 0.079790 0.043917 
0.066300 0.038821 0.100375 0.091282 0.057707 0.047914 0.067300 0.067999 0.066600 0.088184 0.046415 0.102473 0.036323 0.078391 0.043917 
0.069198 0.047914 0.094379 0.092481 0.060505 0.042018 0.067999 0.069698 0.056608 0.086485 0.053110 0.090782 0.042318 0.082088 0.044417 
0.065101 0.038021 0.094779 0.094779 0.063303 0.046715 0.067200 0.069198 0.059405 0.086185 0.048713 0.095079 0.043617 0.083487 0.044417 
0.065401 0.050112 0.097477 0.089183 0.057507 0.048813 0.071896 0.064202 0.061904 0.084287 0.050412 0.093280 0.040620 0.076992 0.047914 
0.065901 0.044617 0.098176 0.093680 0.061804 0.043717 0.057707 0.064102 0.069298 0.083887 0.045116 0.104871 0.035823 0.080390 0.050912 
0.062303 0.043517 0.097277 0.085986 0.062503 0.043517 0.062803 0.071896 0.067499 0.081089 0.054809 0.098376 0.038421 0.079390 0.050612 
0.068698 0.046715 0.094479 0.088384 0.068998 0.045616 0.064102 0.060704 0.069598 0.092481 0.046115 0.094379 0.041419 0.076393 0.041919 
0.059905 0.046115 0.098076 0.096478 0.061304 0.049613 0.061604 0.063402 0.071097 0.082088 0.044217 0.097277 0.047215 0.080689 0.040919 
0.061804 0.037722 0.095478 0.087984 0.065301 0.048913 0.063203 0.066900 0.077892 0.087185 0.045516 0.087285 0.044916 0.080590 0.049313 
0.066700 0.042918 0.096278 0.093680 0.063902 0.041819 0.065101 0.064502 0.062503 0.084786 0.052611 0.082488 0.048713 0.083487 0.050512 
0.064102 0.049913 0.099775 0.095179 0.067499 0.043417 0.064701 0.069198 0.064701 0.085386 0.042218 0.084886 0.048414 0.076293 0.044317 
0.069398 0.041819 0.098276 0.090482 0.064602 0.047015 0.070497 0.071596 0.058406 0.086085 0.040919 0.093680 0.037622 0.080490 0.049113 
0.059705 0.043018 0.095678 0.081289 0.062003 0.049413 0.070397 0.063402 0.071197 0.088584 0.051411 0.097477 0.040520 0.080590 0.045316 
0.064801 0.038721 0.103472 0.092081 0.062803 0.044117 0.068698 0.072995 0.063602 0.081689 0.044517 0.091282 0.042318 0.084786 0.044117 
0.058206 0.043617 0.095279 0.093980 0.069598 0.052311 0.065501 0.061504 0.055808 0.088783 0.043218 0.094979 0.042118 0.085286 0.049813 
0.067200 0.040719 0.094179 0.089183 0.061204 0.048614 0.071996 0.073795 0.066000 0.092481 0.045416 0.090782 0.035623 0.077092 0.045716 
0.061804 0.040220 0.104771 0.088384 0.058406 0.045016 0.067399 0.070297 0.066600 0.085286 0.046315 0.092780 0.042018 0.081089 0.049613 
0.060704 0.047714 0.098776 0.089583 0.064701 0.049113 0.061604 0.067799 0.065901 0.081189 0.046515 0.093180 0.040620 0.082288 0.050312 
0.065401 0.041019 0.098976 0.095378 0.061804 0.043417 0.069498 0.061204 0.064701 0.079091 0.046815 0.092780 0.046315 0.088783 0.044816 
0.065301 0.047015 0.102073 0.099775 0.058906 0.045016 0.062903 0.067799 0.068898 0.087684 0.047714 0.084786 0.043218 0.075393 0.043517 
0.063402 0.041819 0.101174 0.091981 0.057307 0.040220 0.059605 0.067399 0.066500 0.086985 0.051911 0.098176 0.040819 0.086585 0.046115 
0.069298 0.045116 0.099475 0.092581 0.062903 0.040220 0.061604 0.062703 0.065901 0.086385 0.049013 0.096078 0.036922 0.086985 0.044816 
0.059805 0.037622 0.105071 0.091781 0.068798 0.045416 0.069398 0.054409 0.069998 0.073995 0.051811 0.095079 0.038521 0.086485 0.051811 
0.059206 0.036822 0.107369 0.089383 0.070997 0.042418 0.066100 0.072496 0.065701 0.080490 0.045816 0.094779 0.040420 0.084387 0.043617 
0.066800 0.040020 0.101674 0.089683 0.068199 0.040919 0.065801 0.064502 0.067000 0.081389 0.048014 0.096677 0.043717 0.079390 0.046215 
0.062603 0.037122 0.096278 0.087984 0.059306 0.047015 0.063602 0.068798 0.071097 0.083188 0.054909 0.095478 0.038421 0.087984 0.046215 
0.067899 0.042618 0.103273 0.091381 0.068698 0.040220 0.068898 0.064202 0.067100 0.077592 0.055408 0.088484 0.047514 0.076692 0.040020 
0.062503 0.044417 0.098676 0.093180 0.063003 0.047115 0.067300 0.068199 0.070797 0.089583 0.043318 0.092481 0.036323 0.074894 0.048214 
0.057507 0.037422 0.097777 0.098176 0.061404 0.048314 0.063303 0.062603 0.068499 0.083088 0.050512 0.091681 0.046915 0.081889 0.050912 
0.063702 0.044916 0.099375 0.090882 0.066400 0.046015 0.064302 0.068299 0.072196 0.081689 0.048314 0.089383 0.039420 0.078191 0.046915 
0.069098 0.036123 0.093180 0.089683 0.064202 0.043517 0.067599 0.074194 0.065901 0.086285 0.048614 0.096378 0.046015 0.071596 0.047614 
0.059905 0.048813 0.096677 0.086885 0.059405 0.046115 0.065601 0.064602 0.074494 0.086385 0.044117 0.093280 0.039420 0.089183 0.045116 
0.062003 0.045516 0.093180 0.091881 0.064701 0.050912 0.068798 0.065801 0.062403 0.085486 0.056308 0.092381 0.038621 0.081589 0.040420 
0.065401 0.037922 0.099875 0.087285 0.056707 0.045316 0.059405 0.065801 0.068399 0.092281 0.043018 0.102473 0.047814 0.078891 0.049413 
0.059605 0.039820 0.103672 0.091381 0.064602 0.048713 0.062303 0.067899 0.062203 0.085186 0.048114 0.094679 0.043218 0.080789 0.047814 
0.064502 0.042318 0.103472 0.094379 0.067300 0.044617 0.063902 0.063103 0.063902 0.082688 0.044716 0.095878 0.041519 0.077292 0.050412 
0.062303 0.041619 0.093380 0.090182 0.067399 0.046115 0.065101 0.064901 0.071596 0.085586 0.049213 0.095878 0.040420 0.079690 0.046615 
0.072596 0.046715 0.096777 0.098976 0.058206 0.050212 0.063203 0.064901 0.067899 0.084587 0.046515 0.085686 0.041419 0.074294 0.048014 
0.065001 0.037222 0.103472 0.095778 0.059106 0.052111 0.065801 0.064402 0.067300 0.082488 0.045316 0.091681 0.042318 0.083987 0.044017 
0.062103 0.038221 0.096877 0.090882 0.062503 0.043218 0.065601 0.072196 0.069098 0.082188 0.048813 0.093580 0.042718 0.084587 0.047414 
0.058406 0.044417 0.106970 0.093780 0.066700 0.047814 0.060605 0.068898 0.064602 0.078591 0.053610 0.084287 0.041819 0.084587 0.044916 
0.066800 0.038121 0.098776 0.084287 0.061104 0.049013 0.065701 0.066100 0.066500 0.087884 0.045216 0.094279 0.049113 0.081489 0.045616 
0.062203 0.045516 0.103772 0.097177 0.061204 0.053710 0.066300 0.057407 0.063303 0.081089 0.050912 0.089983 0.046915 0.076093 0.044417 
0.063502 0.045616 0.096278 0.090882 0.058106 0.041619 0.063103 0.061004 0.069798 0.086385 0.046615 0.093180 0.042018 0.089083 0.052810 
0.068898 0.043118 0.098176 0.092381 0.062103 0.047215 0.062603 0.060704 0.072396 0.079690 0.047514 0.090482 0.042518 0.084487 0.047714 
0.060804 0.039121 0.109268 0.093080 0.061704 0.043218 0.068599 0.067899 0.068399 0.090682 0.047514 0.089283 0.043218 0.075393 0.041819 
0.067899 0.045316 0.100275 0.089983 0.054609 0.055009 0.055109 0.070997 0.069598 0.082488 0.052710 0.088683 0.036722 0.080889 0.049713 
0.059206 0.046015 0.102173 0.097177 0.055508 0.045616 0.059605 0.070797 0.064701 0.088883 0.048614 0.089483 0.036922 0.088883 0.046415 
0.058306 0.043218 0.109268 0.094279 0.063402 0.043218 0.063003 0.071896 0.063003 0.082688 0.048114 0.090582 0.037122 0.082288 0.049613 
0.061304 0.048214 0.098676 0.086885 0.050512 0.045716 0.064302 0.069098 0.074494 0.087484 0.050112 0.080689 0.052011 0.075893 0.054609 
0.057207 0.040520 0.099475 0.090182 0.064102 0.044617 0.063203 0.067399 0.066600 0.086185 0.050112 0.091381 0.044017 0.086185 0.048813 
0.060405 0.048314 0.103073 0.093280 0.056807 0.049413 0.057207 0.072096 0.061804 0.082288 0.053410 0.099176 0.035923 0.079191 0.047614 
0.067499 0.049513 0.100974 0.082888 0.066800 0.037022 0.064302 0.067399 0.065901 0.085486 0.048813 0.097277 0.036523 0.077892 0.051711 
0.066000 0.037422 0.094779 0.092181 0.069698 0.046115 0.063502 0.070897 0.071197 0.081589 0.045416 0.093080 0.039121 0.079890 0.049113 
0.062803 0.032326 0.095279 0.095778 0.066400 0.043917 0.070297 0.066200 0.066800 0.084087 0.046315 0.102773 0.039720 0.080290 0.047015 
0.060205 0.045116 0.101474 0.090182 0.067599 0.046215 0.061904 0.069198 0.063303 0.081789 0.042618 0.093280 0.049413 0.089283 0.038421 
0.061504 0.045016 0.102173 0.086885 0.059805 0.053610 0.056807 0.063303 0.067300 0.084886 0.049113 0.094379 0.041319 0.085286 0.048614 
0.063502 0.041719 0.100674 0.082888 0.061504 0.046015 0.067100 0.069898 0.063802 0.084786 0.051811 0.097077 0.034724 0.085686 0.048813 
0.068099 0.038921 0.100774 0.093480 0.058306 0.038421 0.066700 0.071297 0.068299 0.084287 0.051212 0.097477 0.042218 0.070997 0.049513 
0.060804 0.040120 0.094979 0.093480 0.061804 0.043218 0.068998 0.066400 0.068698 0.091681 0.041019 0.090082 0.044217 0.080689 0.053810 
0.064701 0.039221 0.096677 0.089283 0.061204 0.044517 0.062803 0.067399 0.067899 0.086085 0.046615 0.093880 0.049913 0.084886 0.044916 
0.069098 0.031327 0.102273 0.089383 0.064302 0.048813 0.063802 0.069198 0.069798 0.082288 0.049013 0.090982 0.041519 0.080390 0.047814 
0.065701 0.039321 0.097377 0.098476 0.070697 0.044517 0.063802 0.062303 0.066600 0.088683 0.048414 0.094979 0.041119 0.074394 0.043617 
0.058606 0.049113 0.099875 0.086985 0.057807 0.051012 0.068898 0.065801 0.064701 0.090282 0.044117 0.100275 0.043417 0.070597 0.048514 
0.064502 0.036822 0.092880 0.091881 0.068698 0.047814 0.062103 0.068399 0.064102 0.084487 0.051711 0.097877 0.042018 0.079390 0.047315 
0.063303 0.045016 0.095878 0.095478 0.061204 0.043018 0.063702 0.059405 0.066300 0.082788 0.050312 0.097377 0.040120 0.084487 0.051611 
0.065001 0.040520 0.096378 0.092081 0.058806 0.044716 0.065901 0.064901 0.072196 0.085186 0.053510 0.092780 0.043717 0.079990 0.044317 
0.064202 0.039321 0.098276 0.092381 0.064002 0.040719 0.063602 0.070597 0.068499 0.084886 0.049813 0.086685 0.044816 0.083687 0.048514 
0.060904 0.037722 0.097677 0.089883 0.062103 0.042618 0.066100 0.063203 0.062503 0.086085 0.052311 0.092780 0.045816 0.083887 0.056408 
0.064502 0.032925 0.102373 0.098076 0.058906 0.047614 0.065301 0.061404 0.064002 0.081989 0.056807 0.093880 0.041219 0.084387 0.046615 
0.063702 0.039920 0.108668 0.081889 0.061404 0.053610 0.066100 0.064602 0.064002 0.090482 0.044017 0.093280 0.039920 0.080590 0.047814 
0.060205 0.042718 0.096977 0.092680 0.060804 0.046115 0.065001 0.070497 0.070697 0.082388 0.045916 0.093680 0.042618 0.082488 0.047215 
0.059306 0.043917 0.101274 0.087984 0.062903 0.049513 0.061704 0.065701 0.062303 0.084886 0.051711 0.089483 0.045216 0.084986 0.049113 
0.060005 0.038821 0.098876 0.096378 0.064701 0.046015 0.067699 0.066500 0.064701 0.084387 0.045816 0.099475 0.037722 0.076692 0.052211 
0.062603 0.043717 0.098976 0.094079 0.063402 0.045016 0.065501 0.066500 0.064302 0.086885 0.051112 0.093080 0.044716 0.077192 0.042918 
0.065401 0.040620 0.098576 0.085586 0.059605 0.051212 0.072895 0.067599 0.061904 0.086785 0.043917 0.085086 0.046815 0.087285 0.046715 
0.066700 0.044117 0.095578 0.091781 0.062803 0.040719 0.066400 0.059405 0.066800 0.087984 0.043717 0.091781 0.043318 0.082488 0.056408 
0.067599 0.045916 0.105471 0.096877 0.054909 0.040020 0.062503 0.059605 0.063502 0.085486 0.049113 0.094579 0.045216 0.083487 0.045716 
0.062703 0.041919 0.106070 0.088883 0.064701 0.047115 0.066300 0.065601 0.071796 0.083188 0.042318 0.090282 0.040719 0.084487 0.043917 
0.058206 0.046415 0.104871 0.098376 0.065301 0.048414 0.060904 0.071197 0.060205 0.085186 0.044217 0.090182 0.042518 0.082088 0.041919 
0.061804 0.042818 0.100475 0.084886 0.059705 0.058706 0.063702 0.066000 0.065201 0.079990 0.051911 0.096578 0.040120 0.079890 0.048214 
0.070697 0.031327 0.098476 0.093780 0.058606 0.055309 0.072396 0.062603 0.068998 0.085986 0.050712 0.090982 0.039420 0.078191 0.042518 
0.064302 0.042518 0.091481 0.101074 0.065601 0.043617 0.063103 0.067399 0.067699 0.086985 0.046615 0.091581 0.046315 0.081489 0.040220 
0.064502 0.038721 0.097077 0.091581 0.062403 0.041819 0.068798 0.065101 0.066200 0.085386 0.044417 0.098476 0.046215 0.085286 0.044017 
0.061904 0.046915 0.105071 0.098076 0.060804 0.049713 0.061804 0.067499 0.066800 0.087984 0.047914 0.092880 0.031626 0.077492 0.043517 
0.053410 0.046615 0.110167 0.088983 0.063003 0.046815 0.059805 0.071996 0.067899 0.085286 0.047814 0.094179 0.042818 0.073195 0.048014 
0.051711 0.042618 0.098976 0.091481 0.066300 0.048614 0.063402 0.069298 0.065301 0.086985 0.043817 0.091981 0.042018 0.091381 0.046115 
0.069598 0.046215 0.099875 0.094579 0.063303 0.048713 0.064202 0.068199 0.065601 0.084986 0.047714 0.088184 0.036423 0.080490 0.041919 
0.057507 0.042318 0.101174 0.099276 0.065901 0.046915 0.072695 0.065301 0.058806 0.088384 0.046715 0.090482 0.039520 0.077892 0.047115 
0.064502 0.039920 0.103372 0.088384 0.058606 0.048514 0.067999 0.070097 0.065101 0.084986 0.042918 0.097077 0.045316 0.078491 0.044716 
0.063003 0.038921 0.098876 0.088084 0.068299 0.047015 0.069398 0.061004 0.067000 0.082688 0.045116 0.094679 0.044217 0.083188 0.048514 
0.067899 0.042318 0.101674 0.098376 0.061904 0.043218 0.059206 0.066600 0.070597 0.082588 0.045416 0.093180 0.045016 0.080490 0.041519 
0.059206 0.034124 0.108269 0.095778 0.070897 0.048713 0.062703 0.063602 0.062903 0.084487 0.046315 0.099875 0.037622 0.077192 0.048314 
0.064102 0.046515 0.098276 0.090182 0.060605 0.042518 0.066700 0.070297 0.062903 0.085786 0.048214 0.091282 0.042918 0.084087 0.045616 
0.059805 0.041319 0.094779 0.095179 0.064202 0.048614 0.068599 0.066200 0.063003 0.082188 0.049313 0.099575 0.039221 0.080090 0.047914 
0.063802 0.043917 0.098376 0.089883 0.067899 0.047315 0.063702 0.061804 0.064102 0.087584 0.047115 0.092381 0.041919 0.084886 0.045316 
0.050412 0.055109 0.090882 0.095179 0.064901 0.046115 0.063103 0.064002 0.064602 0.083387 0.057007 0.096777 0.036023 0.085886 0.046615 
0.062803 0.045316 0.104572 0.090782 0.060505 0.044617 0.059705 0.074194 0.057907 0.089583 0.043118 0.092680 0.045616 0.080889 0.047714 
0.065501 0.038721 0.096178 0.090282 0.063902 0.047115 0.067799 0.067599 0.071396 0.081389 0.049313 0.095778 0.038121 0.077592 0.049313 
0.061104 0.034024 0.098376 0.096278 0.060005 0.046815 0.061604 0.065401 0.065201 0.087984 0.051411 0.098276 0.038321 0.089083 0.046115 
0.064302 0.046615 0.097377 0.098276 0.068798 0.041619 0.068499 0.067399 0.065401 0.080989 0.047614 0.088883 0.043817 0.077492 0.042918 
0.059106 0.040620 0.104272 0.094879 0.056108 0.046915 0.064402 0.065001 0.067200 0.085886 0.054309 0.091381 0.041619 0.082388 0.045916 
0.059006 0.041719 0.104372 0.094979 0.065101 0.045516 0.061604 0.067699 0.061504 0.086385 0.053310 0.091481 0.039920 0.079890 0.047514 
0.063402 0.039221 0.107769 0.084986 0.062703 0.040220 0.067000 0.069898 0.062403 0.087085 0.041519 0.101974 0.043118 0.080590 0.048114 
0.060105 0.036423 0.106770 0.094379 0.065101 0.046415 0.064402 0.072895 0.058106 0.083587 0.050312 0.095279 0.041919 0.082788 0.041519 
0.060305 0.037822 0.099276 0.096977 0.061904 0.041219 0.066900 0.067200 0.063902 0.086785 0.045816 0.091282 0.040220 0.083987 0.056408 
0.064801 0.039820 0.096478 0.101474 0.059605 0.048813 0.068199 0.064602 0.069898 0.079690 0.050912 0.088584 0.039321 0.081689 0.046115 
0.067499 0.039021 0.101274 0.089383 0.063802 0.048314 0.065401 0.067200 0.069898 0.078891 0.050012 0.084686 0.042518 0.083387 0.048713 
0.066800 0.036023 0.092680 0.093280 0.061604 0.046715 0.070897 0.067100 0.065901 0.086185 0.051212 0.091681 0.044916 0.082588 0.042418 
0.066900 0.036323 0.102573 0.095678 0.063003 0.043917 0.065901 0.067399 0.053110 0.081089 0.051911 0.099575 0.042018 0.082288 0.048314 
0.063902 0.040220 0.094279 0.088683 0.067200 0.040120 0.057907 0.063402 0.067399 0.094079 0.051711 0.094279 0.044716 0.081189 0.050912 
0.059505 0.045816 0.101574 0.099076 0.058506 0.044916 0.060105 0.065001 0.065801 0.088284 0.053510 0.093580 0.037222 0.080789 0.046315 
0.067499 0.034324 0.101874 0.094579 0.062703 0.044816 0.064801 0.062103 0.067100 0.081289 0.051611 0.098976 0.037122 0.081289 0.049913 
0.061404 0.040120 0.102273 0.091182 0.061704 0.046315 0.062503 0.067399 0.072396 0.088683 0.046515 0.093880 0.039720 0.076792 0.049113 
0.062003 0.050012 0.096078 0.094279 0.058006 0.039720 0.060704 0.066900 0.062403 0.097777 0.053610 0.093680 0.038021 0.078291 0.048514 
0.055309 0.043617 0.097477 0.096578 0.063902 0.038221 0.062403 0.075893 0.065301 0.088284 0.048713 0.097577 0.042918 0.079390 0.044417 
0.059805 0.043118 0.099375 0.097377 0.065401 0.043817 0.063602 0.066100 0.066000 0.082388 0.051312 0.088983 0.041119 0.085786 0.045816 
0.062903 0.036922 0.108668 0.095678 0.055508 0.044017 0.064102 0.069798 0.070197 0.080490 0.049713 0.099375 0.036523 0.082988 0.043118 
0.059905 0.037022 0.104372 0.094179 0.060904 0.043717 0.066200 0.066200 0.069198 0.088284 0.047714 0.092780 0.042218 0.079890 0.047414 
0.060005 0.037422 0.100774 0.096578 0.062603 0.042318 0.063802 0.073095 0.062503 0.086285 0.048114 0.092381 0.044816 0.078691 0.050612 
0.063103 0.039321 0.099475 0.093180 0.059505 0.045716 0.066300 0.063402 0.065801 0.089683 0.051112 0.099475 0.043018 0.076493 0.044417 
0.065801 0.039021 0.095978 0.089283 0.063303 0.046615 0.063902 0.067399 0.077292 0.085486 0.040520 0.091981 0.049513 0.078891 0.045016 
0.067000 0.039820 0.102073 0.092680 0.063702 0.040919 0.061904 0.066400 0.069398 0.082188 0.049113 0.095378 0.043717 0.078291 0.047414 
0.059106 0.042218 0.100275 0.090782 0.063103 0.042718 0.067200 0.068998 0.068998 0.087984 0.049013 0.088783 0.043517 0.076792 0.050512 
0.058506 0.043917 0.094479 0.097177 0.058806 0.049713 0.067499 0.067699 0.073595 0.089183 0.049013 0.087484 0.038821 0.075393 0.048713 
0.065101 0.041319 0.100075 0.091182 0.067399 0.042518 0.065101 0.066300 0.062303 0.088184 0.045716 0.096777 0.042218 0.079091 0.046715 
0.060605 0.039221 0.097477 0.091282 0.065601 0.049413 0.067999 0.071097 0.060105 0.083887 0.047414 0.089383 0.046515 0.077992 0.052011 
0.061504 0.044117 0.099575 0.094579 0.059405 0.045416 0.068099 0.064102 0.073095 0.080090 0.052810 0.091082 0.035623 0.077892 0.052611 
0.063003 0.046115 0.099475 0.082388 0.057707 0.047215 0.066200 0.067399 0.071696 0.081389 0.051411 0.099076 0.041419 0.082188 0.043318 
0.051811 0.049313 0.095978 0.093980 0.061104 0.048414 0.066700 0.070997 0.063103 0.087784 0.050812 0.092581 0.037022 0.087085 0.043318 
0.067000 0.043617 0.098076 0.083687 0.069298 0.049813 0.064102 0.066200 0.070397 0.080889 0.043118 0.098776 0.042018 0.080490 0.042518 
0.069798 0.049413 0.096877 0.092381 0.063303 0.043118 0.057707 0.075893 0.065301 0.085086 0.048614 0.095378 0.040120 0.072596 0.044417 
0.058006 0.041719 0.099475 0.090982 0.065801 0.047814 0.066700 0.071197 0.060305 0.080190 0.040120 0.097177 0.040220 0.087584 0.052710 
0.059405 0.047414 0.102073 0.089183 0.051012 0.052810 0.065601 0.061504 0.064801 0.084886 0.048314 0.089083 0.045716 0.084487 0.053710 
0.064801 0.036722 0.101574 0.089983 0.062103 0.052910 0.060405 0.071197 0.070397 0.080590 0.050312 0.085686 0.046115 0.079990 0.047215 
0.070697 0.045216 0.097977 0.091481 0.060804 0.049313 0.063303 0.068499 0.068099 0.081089 0.046515 0.095378 0.038321 0.082688 0.040620 
0.060305 0.041719 0.092081 0.092081 0.061804 0.043817 0.066400 0.064302 0.068698 0.083387 0.052411 0.091082 0.044517 0.084187 0.053210 
0.058606 0.038421 0.108369 0.087984 0.058106 0.045616 0.072196 0.069198 0.064602 0.088783 0.046715 0.094979 0.033125 0.082088 0.051212 
0.058406 0.037722 0.101974 0.096278 0.066300 0.046515 0.066600 0.063203 0.059605 0.091182 0.045916 0.096777 0.044816 0.080989 0.043717 
0.070297 0.044117 0.096977 0.097177 0.057807 0.049213 0.064701 0.066800 0.067799 0.083787 0.046115 0.093180 0.040120 0.076393 0.045516 
0.060904 0.038921 0.098176 0.097077 0.062203 0.042318 0.068199 0.065901 0.066400 0.088783 0.047015 0.088983 0.048014 0.078791 0.048314 
0.068099 0.048913 0.096278 0.089683 0.069698 0.041419 0.066900 0.065301 0.061204 0.086585 0.047115 0.087684 0.047315 0.077592 0.046215 
0.063003 0.042818 0.097477 0.092780 0.058306 0.041619 0.069498 0.062603 0.067599 0.085586 0.049313 0.096877 0.043417 0.084087 0.045016 
0.064502 0.038621 0.101674 0.087784 0.061704 0.049513 0.070597 0.068199 0.064602 0.087085 0.047814 0.089783 0.042218 0.083088 0.042818 
0.059106 0.050312 0.107669 0.088983 0.056308 0.048713 0.067599 0.069898 0.060605 0.082988 0.048114 0.088384 0.040819 0.076593 0.053910 
0.060105 0.046215 0.092481 0.087384 0.065101 0.042918 0.059805 0.073895 0.071197 0.081889 0.051312 0.097277 0.041419 0.085886 0.043118 
0.060904 0.043318 0.100475 0.095279 0.062003 0.046615 0.065901 0.071197 0.060405 0.084487 0.052311 0.095878 0.034524 0.079790 0.046915 
0.067000 0.044816 0.099276 0.095878 0.064901 0.044617 0.062403 0.066700 0.062603 0.077992 0.052511 0.090082 0.042218 0.080789 0.048214 
0.065701 0.039820 0.098176 0.092481 0.065501 0.047514 0.065801 0.073295 0.065701 0.082888 0.042018 0.096278 0.044916 0.078691 0.041219 
