0.000171939 0.000171939 0.000171939 0.151479 0.00876891 0.000171939 0.00361073 0.299347 0.000171939 0.0139271 0.0276823 0.000171939 0.00533012 0.00361073 0.485041 0.000171939 
0.00157233 0.00157233 0.0487421 0.00157233 0.00157233 0.0487421 0.00157233 0.00157233 0.457547 0.205975 0.00157233 0.00157233 0.00157233 0.00157233 0.00157233 0.221698 
0.0010142 0.0010142 0.0010142 0.0010142 0.0010142 0.0010142 0.0720081 0.0010142 0.477688 0.416836 0.0010142 0.0010142 0.0212982 0.0010142 0.0010142 0.0010142 
0.00316456 0.00316456 0.00316456 0.00316456 0.00316456 0.00316456 0.00316456 0.00316456 0.00316456 0.00316456 0.00316456 0.129747 0.193038 0.0664557 0.00316456 0.572785 
0.00102459 0.0932377 0.00102459 0.00102459 0.0317623 0.0317623 0.00102459 0.00102459 0.00102459 0.0625 0.00102459 0.0829918 0.349385 0.318648 0.00102459 0.0215164 
0.235751 0.00259067 0.0284974 0.443005 0.00259067 0.00259067 0.00259067 0.0544041 0.00259067 0.00259067 0.00259067 0.0284974 0.158031 0.0284974 0.00259067 0.00259067 
0.00351995 0.000167616 0.208012 0.149346 0.0286624 0.000167616 0.000167616 0.000167616 0.000167616 0.000167616 0.000167616 0.000167616 0.000167616 0.330372 0.278411 0.000167616 
0.00020016 0.0242194 0.016213 0.036229 0.122298 0.00020016 0.00020016 0.00220176 0.00020016 0.00020016 0.00020016 0.00420336 0.00820657 0.286429 0.346477 0.152322 
0.000138966 0.000138966 0.000138966 0.000138966 0.000138966 0.000138966 0.00291829 0.336437 0.000138966 0.000138966 0.00569761 0.000138966 0.0265425 0.361451 0.234992 0.0307115 
0.00137741 0.0151515 0.00137741 0.0151515 0.00137741 0.00137741 0.00137741 0.0151515 0.00137741 0.263085 0.00137741 0.0151515 0.00137741 0.221763 0.00137741 0.442149 
0.00143678 0.0445402 0.00143678 0.00143678 0.00143678 0.0158046 0.00143678 0.00143678 0.0158046 0.00143678 0.00143678 0.00143678 0.619253 0.00143678 0.24569 0.0445402 
0.000238892 0.000238892 0.0145724 0.00501672 0.000238892 0.000238892 0.000238892 0.00979455 0.255853 0.000238892 0.000238892 0.000238892 0.248686 0.0480172 0.365743 0.0504061 
0.0109344 0.000994036 0.000994036 0.000994036 0.000994036 0.000994036 0.000994036 0.000994036 0.269384 0.0308151 0.0606362 0.000994036 0.547714 0.0109344 0.000994036 0.0606362 
0.0662651 0.0060241 0.0060241 0.0060241 0.0060241 0.126506 0.126506 0.0060241 0.0060241 0.0060241 0.0060241 0.0060241 0.0060241 0.0060241 0.0060241 0.608434 
0.000137627 0.00564272 0.000137627 0.00289017 0.271263 0.000137627 0.0111478 0.00289017 0.00564272 0.0166529 0.000137627 0.00839527 0.0895954 0.000137627 0.428159 0.157033 
0.0588915 0.00115473 0.00115473 0.54388 0.00115473 0.00115473 0.00115473 0.0127021 0.266744 0.00115473 0.00115473 0.00115473 0.00115473 0.0935335 0.00115473 0.0127021 
0.000317864 0.000317864 0.000317864 0.000317864 0.000317864 0.000317864 0.00667514 0.000317864 0.629688 0.000317864 0.000317864 0.000317864 0.0543547 0.0034965 0.302289 0.000317864 
0.000618812 0.000618812 0.000618812 0.316213 0.000618812 0.000618812 0.000618812 0.000618812 0.000618812 0.0501238 0.000618812 0.000618812 0.29146 0.0872525 0.248144 0.000618812 
0.000379363 0.0534901 0.000379363 0.000379363 0.000379363 0.000379363 0.00796662 0.000379363 0.459408 0.000379363 0.000379363 0.000379363 0.144537 0.000379363 0.330425 0.000379363 
0.00121065 0.00121065 0.00121065 0.00121065 0.0254237 0.00121065 0.00121065 0.00121065 0.00121065 0.00121065 0.727603 0.00121065 0.00121065 0.00121065 0.194915 0.0375303 
0.00265957 0.00265957 0.0292553 0.00265957 0.00265957 0.00265957 0.00265957 0.00265957 0.640957 0.00265957 0.00265957 0.00265957 0.268617 0.00265957 0.0292553 0.00265957 
0.00127226 0.00127226 0.00127226 0.103053 0.00127226 0.00127226 0.00127226 0.00127226 0.395674 0.00127226 0.00127226 0.00127226 0.332061 0.00127226 0.153944 0.00127226 
0.137228 0.0013587 0.0013587 0.0013587 0.0013587 0.0013587 0.0421196 0.0013587 0.0013587 0.327446 0.0013587 0.0149457 0.436141 0.0013587 0.0149457 0.0149457 
0.171018 0.00130548 0.00130548 0.0274151 0.00130548 0.0796345 0.04047 0.0274151 0.0274151 0.288512 0.00130548 0.00130548 0.327676 0.00130548 0.00130548 0.00130548 
0.0146315 0.00559971 0.000180636 0.047146 0.000180636 0.000180636 0.000180636 0.000180636 0.047146 0.047146 0.000180636 0.000180636 0.487897 0.0218569 0.327132 0.000180636 
0.00193798 0.00193798 0.00193798 0.0406977 0.00193798 0.00193798 0.00193798 0.00193798 0.00193798 0.00193798 0.0213178 0.00193798 0.00193798 0.815891 0.0988372 0.00193798 
0.000150921 0.231059 0.000150921 0.148053 0.000150921 0.000150921 0.0393903 0.000150921 0.000150921 0.108814 0.000150921 0.0137338 0.000150921 0.000150921 0.404618 0.0529731 
0.0270506 0.0008726 0.0008726 0.0968586 0.0008726 0.149215 0.0008726 0.0008726 0.410995 0.219023 0.0270506 0.0008726 0.0095986 0.0532286 0.0008726 0.0008726 
0.0316358 0.000771605 0.000771605 0.371142 0.239969 0.000771605 0.000771605 0.000771605 0.000771605 0.000771605 0.31713 0.000771605 0.000771605 0.0316358 0.000771605 0.000771605 
0.00337838 0.0371622 0.00337838 0.00337838 0.138514 0.00337838 0.0371622 0.00337838 0.442568 0.00337838 0.00337838 0.239865 0.0371622 0.0371622 0.00337838 0.00337838 
0.00145773 0.00145773 0.00145773 0.0306122 0.00145773 0.00145773 0.00145773 0.234694 0.686589 0.00145773 0.0306122 0.00145773 0.00145773 0.00145773 0.00145773 0.00145773 
0.000223914 0.000223914 0.000223914 0.000223914 0.000223914 0.000223914 0.0741155 0.000223914 0.000223914 0.000223914 0.000223914 0.474922 0.000223914 0.00470219 0.443574 0.000223914 
0.28257 0.000880282 0.000880282 0.000880282 0.000880282 0.000880282 0.000880282 0.000880282 0.40581 0.000880282 0.000880282 0.0977113 0.000880282 0.203345 0.000880282 0.000880282 
0.000180963 0.0309446 0.000180963 0.000180963 0.000180963 0.000180963 0.000180963 0.000180963 0.523163 0.0237061 0.0200869 0.000180963 0.00380022 0.00380022 0.269815 0.123236 
0.000422654 0.0046492 0.000422654 0.000422654 0.000422654 0.000422654 0.000422654 0.0046492 0.300507 0.000422654 0.000422654 0.000422654 0.499155 0.000422654 0.169484 0.0173288 
0.526239 0.0306122 0.0451895 0.0597668 0.074344 0.016035 0.00145773 0.00145773 0.00145773 0.00145773 0.00145773 0.00145773 0.00145773 0.234694 0.00145773 0.00145773 
0.00162338 0.00162338 0.00162338 0.00162338 0.00162338 0.00162338 0.00162338 0.00162338 0.196429 0.00162338 0.147727 0.00162338 0.196429 0.00162338 0.439935 0.00162338 
0.0620175 0.000257334 0.000257334 0.000257334 0.000257334 0.000257334 0.0311374 0.000257334 0.502059 0.134071 0.000257334 0.0105507 0.149511 0.000257334 0.100618 0.00797735 
0.0132008 0.000162973 0.000162973 0.000162973 0.000162973 0.000162973 0.000162973 0.238103 0.0604628 0.202249 0.0246089 0.00994133 0.00342243 0.213657 0.0995763 0.133801 
0.00862069 0.00862069 0.00862069 0.00862069 0.00862069 0.00862069 0.00862069 0.00862069 0.0948276 0.00862069 0.00862069 0.00862069 0.784483 0.00862069 0.00862069 0.00862069 
0.00118203 0.00118203 0.00118203 0.320331 0.0248227 0.00118203 0.00118203 0.00118203 0.00118203 0.00118203 0.00118203 0.00118203 0.237589 0.00118203 0.27305 0.131206 
0.000721501 0.000721501 0.000721501 0.123377 0.000721501 0.000721501 0.000721501 0.000721501 0.000721501 0.000721501 0.000721501 0.000721501 0.650072 0.000721501 0.217172 0.000721501 
0.00485437 0.00485437 0.0533981 0.296117 0.00485437 0.00485437 0.00485437 0.00485437 0.00485437 0.00485437 0.00485437 0.00485437 0.441748 0.00485437 0.00485437 0.150485 
0.0034965 0.0034965 0.0384615 0.248252 0.0034965 0.0384615 0.0034965 0.0034965 0.632867 0.0034965 0.0034965 0.0034965 0.0034965 0.0034965 0.0034965 0.0034965 
0.000508647 0.000508647 0.000508647 0.0971516 0.000508647 0.000508647 0.000508647 0.000508647 0.000508647 0.38708 0.0157681 0.000508647 0.493896 0.000508647 0.000508647 0.000508647 
0.00190114 0.00190114 0.00190114 0.287072 0.11597 0.00190114 0.00190114 0.00190114 0.401141 0.0589354 0.00190114 0.00190114 0.00190114 0.00190114 0.11597 0.00190114 
0.594745 0.000123365 0.00505798 0.000123365 0.00875894 0.000123365 0.000123365 0.000123365 0.23205 0.0815445 0.0235628 0.000123365 0.00752529 0.0112263 0.0297311 0.00505798 
0.000104866 0.0116401 0.000104866 0.00220218 0.000104866 0.000104866 0.000104866 0.000104866 0.00115352 0.0126888 0.000104866 0.000104866 0.486682 0.111263 0.341967 0.0315646 
0.00280899 0.00280899 0.00280899 0.00280899 0.227528 0.00280899 0.592697 0.0308989 0.00280899 0.00280899 0.00280899 0.0308989 0.00280899 0.00280899 0.00280899 0.0870787 
0.0118292 0.000288517 0.000288517 0.00894403 0.000288517 0.000288517 0.000288517 0.000288517 0.000288517 0.0551068 0.000288517 0.000288517 0.606174 0.000288517 0.314772 0.000288517 
0.742224 0.000169033 0.000169033 0.000169033 0.000169033 0.000169033 0.000169033 0.000169033 0.000169033 0.000169033 0.00524003 0.000169033 0.000169033 0.0272143 0.223293 0.000169033 
0.000133761 0.000133761 0.000133761 0.000133761 0.000133761 0.000133761 0.000133761 0.000133761 0.0175227 0.156635 0.00682183 0.0121723 0.000133761 0.000133761 0.1874 0.618111 
0.000160102 0.000160102 0.000160102 0.00176113 0.056196 0.000160102 0.000160102 0.000160102 0.000160102 0.000160102 0.0898175 0.0065642 0.558918 0.000160102 0.285142 0.000160102 
0.00485437 0.150485 0.00485437 0.00485437 0.00485437 0.00485437 0.00485437 0.00485437 0.490291 0.00485437 0.00485437 0.00485437 0.296117 0.00485437 0.00485437 0.00485437 
0.513889 0.00462963 0.00462963 0.00462963 0.0972222 0.00462963 0.00462963 0.00462963 0.00462963 0.00462963 0.00462963 0.00462963 0.143519 0.0509259 0.00462963 0.143519 
0.000829187 0.000829187 0.000829187 0.000829187 0.0174129 0.000829187 0.000829187 0.000829187 0.000829187 0.208126 0.000829187 0.000829187 0.763682 0.000829187 0.000829187 0.000829187 
0.000194704 0.000194704 0.000194704 0.0566589 0.000194704 0.000194704 0.000194704 0.000194704 0.578466 0.000194704 0.000194704 0.000194704 0.000194704 0.000194704 0.321456 0.0410826 
0.000441306 0.000441306 0.000441306 0.00485437 0.000441306 0.000441306 0.454987 0.000441306 0.000441306 0.000441306 0.00485437 0.000441306 0.0313327 0.000441306 0.485878 0.0136805 
0.00684932 0.000167056 0.000167056 0.000167056 0.00517875 0.000167056 0.00183762 0.000167056 0.379385 0.0720013 0.0185433 0.000167056 0.145506 0.0152021 0.200635 0.153859 
0.00337838 0.00337838 0.00337838 0.00337838 0.00337838 0.00337838 0.00337838 0.00337838 0.206081 0.00337838 0.00337838 0.00337838 0.746622 0.00337838 0.00337838 0.00337838 
0.0037594 0.0037594 0.0037594 0.0789474 0.0037594 0.0037594 0.530075 0.0037594 0.0037594 0.0037594 0.0037594 0.0037594 0.342105 0.0037594 0.0037594 0.0037594 
0.00537634 0.00537634 0.00537634 0.00537634 0.00537634 0.00537634 0.00537634 0.00537634 0.811828 0.00537634 0.00537634 0.00537634 0.112903 0.00537634 0.00537634 0.00537634 
0.000137061 0.000137061 0.000137061 0.00150768 0.000137061 0.00150768 0.017955 0.264666 0.0124726 0.100192 0.0645559 0.00287829 0.244106 0.0165844 0.272889 0.000137061 
0.0384615 0.0034965 0.283217 0.0034965 0.0034965 0.0034965 0.0034965 0.0034965 0.0034965 0.0034965 0.0034965 0.0034965 0.213287 0.283217 0.0034965 0.143357 
0.000956023 0.000956023 0.000956023 0.000956023 0.0105163 0.0200765 0.0200765 0.000956023 0.1826 0.0965583 0.0487572 0.0105163 0.412046 0.000956023 0.144359 0.0487572 
0.00224215 0.00224215 0.00224215 0.11435 0.0919283 0.0695067 0.0246637 0.00224215 0.473094 0.00224215 0.00224215 0.00224215 0.00224215 0.00224215 0.204036 0.00224215 
0.00297619 0.00297619 0.00297619 0.00297619 0.00297619 0.00297619 0.00297619 0.0327381 0.598214 0.00297619 0.0327381 0.00297619 0.00297619 0.00297619 0.00297619 0.300595 
0.000503525 0.000503525 0.000503525 0.000503525 0.00553877 0.0156093 0.000503525 0.000503525 0.725579 0.030715 0.000503525 0.000503525 0.00553877 0.000503525 0.211984 0.000503525 
0.135906 0.00167785 0.00167785 0.00167785 0.00167785 0.00167785 0.0184564 0.00167785 0.119128 0.00167785 0.00167785 0.00167785 0.32047 0.00167785 0.387584 0.00167785 
0.00055991 0.00615901 0.00055991 0.106943 0.00055991 0.00055991 0.118141 0.00615901 0.0901456 0.151736 0.00055991 0.00055991 0.106943 0.00055991 0.263718 0.146137 
0.00442478 0.0486726 0.00442478 0.00442478 0.00442478 0.00442478 0.00442478 0.00442478 0.446903 0.00442478 0.00442478 0.00442478 0.269912 0.00442478 0.00442478 0.181416 
0.095092 0.00306748 0.00306748 0.00306748 0.46319 0.00306748 0.371166 0.00306748 0.00306748 0.00306748 0.00306748 0.00306748 0.0337423 0.00306748 0.00306748 0.00306748 
0.000144383 0.000144383 0.000144383 0.000144383 0.000144383 0.000144383 0.000144383 0.0102512 0.000144383 0.0160266 0.000144383 0.000144383 0.609443 0.000144383 0.362547 0.000144383 
0.00510204 0.00510204 0.00510204 0.464286 0.00510204 0.00510204 0.209184 0.00510204 0.00510204 0.00510204 0.00510204 0.00510204 0.158163 0.107143 0.00510204 0.00510204 
0.066889 0.000175562 0.00895365 0.000175562 0.000175562 0.000175562 0.393434 0.00193118 0.0405548 0.000175562 0.000175562 0.000175562 0.0704003 0.0107093 0.347788 0.058111 
0.0482321 0.000171644 0.000171644 0.0465156 0.000171644 0.000171644 0.000171644 0.0121867 0.358908 0.0722623 0.000171644 0.000171644 0.000171644 0.0465156 0.178682 0.235324 
0.00406504 0.0853659 0.00406504 0.00406504 0.613821 0.00406504 0.00406504 0.00406504 0.00406504 0.00406504 0.00406504 0.0447154 0.00406504 0.207317 0.00406504 0.00406504 
0.396163 0.339729 0.023702 0.00112867 0.0462754 0.0124153 0.00112867 0.00112867 0.00112867 0.00112867 0.102709 0.00112867 0.0688488 0.00112867 0.00112867 0.00112867 
0.00234742 0.00234742 0.00234742 0.00234742 0.284038 0.00234742 0.119718 0.00234742 0.119718 0.00234742 0.0258216 0.00234742 0.424883 0.00234742 0.00234742 0.00234742 
0.00316456 0.382911 0.161392 0.129747 0.00316456 0.00316456 0.00316456 0.00316456 0.0348101 0.00316456 0.00316456 0.00316456 0.129747 0.00316456 0.129747 0.00316456 
0.00246305 0.0517241 0.00246305 0.00246305 0.174877 0.00246305 0.00246305 0.00246305 0.0270936 0.00246305 0.00246305 0.00246305 0.0763547 0.00246305 0.00246305 0.642857 
0.00568182 0.000516529 0.000516529 0.300103 0.000516529 0.0521694 0.145145 0.000516529 0.0470041 0.0831612 0.176136 0.000516529 0.000516529 0.186467 0.000516529 0.000516529 
0.00510204 0.00510204 0.107143 0.0561224 0.00510204 0.00510204 0.00510204 0.00510204 0.464286 0.00510204 0.00510204 0.00510204 0.00510204 0.00510204 0.107143 0.209184 
0.00326797 0.00326797 0.00326797 0.00326797 0.00326797 0.00326797 0.00326797 0.133987 0.00326797 0.00326797 0.0359477 0.00326797 0.656863 0.00326797 0.133987 0.00326797 
0.0763547 0.00246305 0.00246305 0.00246305 0.00246305 0.125616 0.00246305 0.00246305 0.0517241 0.100985 0.00246305 0.224138 0.00246305 0.0517241 0.347291 0.00246305 
0.421083 0.000576037 0.000576037 0.000576037 0.0293779 0.000576037 0.000576037 0.000576037 0.351959 0.0639401 0.000576037 0.000576037 0.000576037 0.0524194 0.0754608 0.000576037 
0.00229358 0.00229358 0.461009 0.00229358 0.00229358 0.00229358 0.00229358 0.00229358 0.0481651 0.162844 0.00229358 0.00229358 0.139908 0.00229358 0.162844 0.00229358 
0.0398551 0.00362319 0.00362319 0.00362319 0.112319 0.00362319 0.0398551 0.00362319 0.257246 0.00362319 0.00362319 0.00362319 0.00362319 0.148551 0.112319 0.257246 
0.000144383 0.000144383 0.000144383 0.000144383 0.000144383 0.000144383 0.000144383 0.000144383 0.000144383 0.000144383 0.553133 0.000144383 0.000144383 0.000144383 0.225383 0.219607 
0.0336412 0.000659631 0.000659631 0.000659631 0.000659631 0.000659631 0.000659631 0.000659631 0.957124 0.000659631 0.000659631 0.000659631 0.000659631 0.000659631 0.000659631 0.000659631 
0.00423729 0.00423729 0.00423729 0.00423729 0.00423729 0.00423729 0.0466102 0.00423729 0.555085 0.00423729 0.00423729 0.0466102 0.216102 0.00423729 0.0466102 0.0466102 
0.0694683 0.000857633 0.000857633 0.198113 0.0951973 0.000857633 0.138079 0.000857633 0.000857633 0.11235 0.000857633 0.000857633 0.0951973 0.155232 0.000857633 0.129503 
0.00462963 0.00462963 0.00462963 0.00462963 0.00462963 0.189815 0.00462963 0.00462963 0.74537 0.00462963 0.00462963 0.00462963 0.00462963 0.00462963 0.00462963 0.00462963 
0.000174642 0.000174642 0.0281174 0.000174642 0.000174642 0.000174642 0.0333566 0.0054139 0.000174642 0.000174642 0.000174642 0.000174642 0.513622 0.0455816 0.366923 0.0054139 
0.656863 0.00326797 0.00326797 0.00326797 0.00326797 0.00326797 0.00326797 0.00326797 0.00326797 0.00326797 0.00326797 0.00326797 0.00326797 0.199346 0.00326797 0.101307 
0.0492958 0.00234742 0.00234742 0.00234742 0.00234742 0.00234742 0.00234742 0.0258216 0.0492958 0.00234742 0.00234742 0.00234742 0.307512 0.00234742 0.542254 0.00234742 
0.000686813 0.000686813 0.000686813 0.000686813 0.000686813 0.000686813 0.000686813 0.000686813 0.975962 0.000686813 0.000686813 0.000686813 0.000686813 0.000686813 0.0144231 0.000686813 
9.61908e-05 9.61908e-05 9.61908e-05 0.0154867 9.61908e-05 9.61908e-05 0.0376106 9.61908e-05 0.51087 0.199211 9.61908e-05 9.61908e-05 0.00394382 9.61908e-05 0.231916 9.61908e-05 
0.000178063 0.000178063 0.000178063 0.000178063 0.000178063 0.000178063 0.000178063 0.000178063 0.000178063 0.0678419 0.507657 0.00195869 0.00195869 0.000178063 0.418625 0.000178063 
0.000373692 0.000373692 0.000373692 0.00411061 0.000373692 0.000373692 0.000373692 0.000373692 0.38154 0.134903 0.000373692 0.000373692 0.00411061 0.29559 0.164798 0.0115845 
0.00122549 0.00122549 0.11152 0.0625 0.00122549 0.0379902 0.258578 0.00122549 0.00122549 0.00122549 0.00122549 0.00122549 0.234069 0.246324 0.00122549 0.0379902 
0.00406504 0.00406504 0.00406504 0.00406504 0.00406504 0.00406504 0.207317 0.00406504 0.00406504 0.00406504 0.0447154 0.00406504 0.695122 0.00406504 0.00406504 0.00406504 
0.00316456 0.00316456 0.00316456 0.0348101 0.00316456 0.00316456 0.00316456 0.00316456 0.794304 0.00316456 0.00316456 0.0348101 0.00316456 0.00316456 0.0981013 0.00316456 
0.000154178 0.000154178 0.00786309 0.000154178 0.000154178 0.00323774 0.000154178 0.0741597 0.445729 0.0602837 0.000154178 0.000154178 0.00632131 0.0602837 0.0618255 0.279217 
0.07277 0.00234742 0.00234742 0.00234742 0.00234742 0.00234742 0.00234742 0.119718 0.0258216 0.0258216 0.0258216 0.00234742 0.495305 0.00234742 0.00234742 0.213615 
0.00622877 0.000566251 0.000566251 0.159117 0.000566251 0.00622877 0.000566251 0.0175538 0.340317 0.136467 0.0288788 0.000566251 0.266704 0.000566251 0.000566251 0.0345413 
0.00059312 0.00059312 0.00059312 0.00059312 0.00059312 0.00059312 0.00059312 0.0183867 0.0480427 0.00059312 0.00059312 0.113286 0.131079 0.599644 0.0836299 0.00059312 
0.0625 0.00297619 0.00297619 0.00297619 0.00297619 0.00297619 0.0625 0.00297619 0.00297619 0.122024 0.00297619 0.00297619 0.00297619 0.00297619 0.21131 0.508929 
0.000176491 0.000176491 0.000176491 0.000176491 0.000176491 0.000176491 0.0019414 0.5473 0.000176491 0.000176491 0.000176491 0.000176491 0.0425344 0.0619485 0.194317 0.150194 
0.00306748 0.187117 0.00306748 0.00306748 0.095092 0.00306748 0.00306748 0.00306748 0.0644172 0.00306748 0.00306748 0.00306748 0.616564 0.00306748 0.00306748 0.00306748 
0.00121065 0.00121065 0.00121065 0.00121065 0.00121065 0.00121065 0.00121065 0.00121065 0.546005 0.00121065 0.00121065 0.00121065 0.424939 0.00121065 0.0133172 0.00121065 
0.03535 0.000175871 0.00721069 0.0283152 0.000175871 0.000175871 0.0124868 0.000175871 0.000175871 0.000175871 0.362469 0.000175871 0.000175871 0.169012 0.27981 0.10394 
0.00337838 0.0371622 0.00337838 0.00337838 0.341216 0.00337838 0.0371622 0.00337838 0.307432 0.00337838 0.00337838 0.00337838 0.00337838 0.00337838 0.239865 0.00337838 
0.000802568 0.000802568 0.000802568 0.000802568 0.000802568 0.000802568 0.065008 0.000802568 0.000802568 0.217496 0.000802568 0.000802568 0.000802568 0.257624 0.000802568 0.450241 
0.00277358 0.000252143 0.000252143 0.315431 0.000252143 0.00277358 0.000252143 0.0103379 0.184317 0.000252143 0.00277358 0.0405951 0.000252143 0.000252143 0.431417 0.00781644 
0.304907 0.00116822 0.0595794 0.00116822 0.00116822 0.00116822 0.00116822 0.00116822 0.00116822 0.00116822 0.00116822 0.00116822 0.620327 0.00116822 0.00116822 0.00116822 
0.00362319 0.00362319 0.00362319 0.00362319 0.00362319 0.00362319 0.00362319 0.00362319 0.00362319 0.438406 0.0398551 0.00362319 0.474638 0.00362319 0.00362319 0.00362319 
0.000491159 0.000491159 0.000491159 0.000491159 0.000491159 0.000491159 0.00540275 0.000491159 0.0201375 0.000491159 0.000491159 0.697937 0.000491159 0.270629 0.000491159 0.000491159 
0.000622665 0.000622665 0.000622665 0.000622665 0.00684932 0.000622665 0.000622665 0.0566625 0.143836 0.131382 0.0379826 0.0442092 0.318182 0.000622665 0.231009 0.0255293 
0.00462963 0.00462963 0.00462963 0.236111 0.00462963 0.00462963 0.00462963 0.00462963 0.282407 0.00462963 0.00462963 0.0509259 0.00462963 0.00462963 0.375 0.00462963 
0.00083612 0.0175585 0.00083612 0.00083612 0.00083612 0.00083612 0.00083612 0.00083612 0.00083612 0.00083612 0.00083612 0.00083612 0.469064 0.0175585 0.318562 0.16806 
0.0015015 0.0015015 0.0015015 0.0015015 0.0765766 0.0015015 0.0015015 0.0015015 0.0015015 0.0015015 0.0015015 0.0015015 0.0015015 0.842342 0.0615616 0.0015015 
0.000215239 0.000215239 0.000215239 0.015282 0.000215239 0.000215239 0.000215239 0.665303 0.000215239 0.000215239 0.000215239 0.000215239 0.000215239 0.00236763 0.314464 0.000215239 
0.00190114 0.00190114 0.00190114 0.039924 0.00190114 0.00190114 0.00190114 0.0969582 0.287072 0.134981 0.00190114 0.00190114 0.0209125 0.00190114 0.11597 0.287072 
0.111166 0.0997388 0.000163239 0.000163239 0.000163239 0.000163239 0.0360757 0.000163239 0.000163239 0.112798 0.445805 0.000163239 0.000163239 0.000163239 0.15524 0.0377081 
0.000257334 0.000257334 0.000257334 0.000257334 0.000257334 0.000257334 0.414565 0.000257334 0.000257334 0.00283067 0.000257334 0.000257334 0.0388574 0.0234174 0.517499 0.000257334 
0.000221435 0.000221435 0.000221435 0.0555802 0.000221435 0.000221435 0.079938 0.000221435 0.0998671 0.0511515 0.00243578 0.000221435 0.000221435 0.403233 0.20837 0.0976528 
0.000119674 0.000119674 0.000119674 0.000119674 0.00251316 0.00131642 0.00131642 0.000119674 0.36393 0.307683 0.000119674 0.0132839 0.0216611 0.0120871 0.159287 0.116204 
0.000109697 0.000109697 0.000109697 0.000109697 0.000109697 0.000109697 0.00120667 0.00340061 0.333589 0.00230364 0.00120667 0.000109697 0.000109697 0.112001 0.396117 0.149298 
0.000144592 0.000144592 0.000144592 0.000144592 0.000144592 0.000144592 0.00159051 0.0146038 0.403557 0.000144592 0.0218334 0.000144592 0.000144592 0.0232794 0.24306 0.290775 
0.00121065 0.00121065 0.00121065 0.00121065 0.00121065 0.00121065 0.00121065 0.594431 0.00121065 0.00121065 0.00121065 0.00121065 0.00121065 0.376513 0.00121065 0.0133172 
0.00347913 0.000165673 0.00513585 0.0564944 0.000165673 0.000165673 0.000165673 0.000165673 0.609841 0.000165673 0.000165673 0.000165673 0.000165673 0.0697482 0.253645 0.000165673 
0.0276347 0.020769 0.0224854 0.000171644 0.00360453 0.000171644 0.000171644 0.000171644 0.000171644 0.000171644 0.000171644 0.000171644 0.724511 0.0739787 0.125472 0.000171644 
0.870924 0.0013587 0.0013587 0.0013587 0.0828804 0.0013587 0.0149457 0.0013587 0.0013587 0.0013587 0.0013587 0.0013587 0.0149457 0.0013587 0.0013587 0.0013587 
0.000912409 0.000912409 0.000912409 0.064781 0.000912409 0.0191606 0.000912409 0.000912409 0.612226 0.000912409 0.000912409 0.000912409 0.110401 0.000912409 0.183394 0.000912409 
0.000138007 0.000138007 0.00841844 0.000138007 0.00151808 0.000138007 0.000138007 0.312034 0.00703837 0.162986 0.000138007 0.00289815 0.0857025 0.128485 0.249931 0.0401601 
0.000121418 0.000121418 0.000121418 0.0462603 0.000121418 0.000121418 0.000121418 0.241744 0.000121418 0.0256192 0.000121418 0.000121418 0.000121418 0.287882 0.397159 0.000121418 
0.000191718 0.013612 0.000191718 0.136311 0.000191718 0.0116948 0.000191718 0.000191718 0.326112 0.000191718 0.000191718 0.000191718 0.113305 0.000191718 0.366373 0.0308666 
0.0827762 0.269564 0.000196618 0.047385 0.000196618 0.000196618 0.000196618 0.000196618 0.00806134 0.0788439 0.047385 0.0021628 0.114235 0.069013 0.23024 0.0493512 
0.000192456 0.00404157 0.000192456 0.000192456 0.000192456 0.00211701 0.000192456 0.277329 0.019438 0.0425327 0.000192456 0.000192456 0.000192456 0.0637028 0.327367 0.261932 
0.00107991 0.00107991 0.00107991 0.0550756 0.00107991 0.00107991 0.00107991 0.00107991 0.49784 0.173866 0.00107991 0.00107991 0.00107991 0.00107991 0.260259 0.00107991 
0.000701262 0.000701262 0.00771388 0.042777 0.000701262 0.000701262 0.000701262 0.00771388 0.589762 0.00771388 0.000701262 0.000701262 0.000701262 0.000701262 0.337307 0.000701262 
0.855226 0.000706215 0.0360169 0.0642655 0.000706215 0.000706215 0.000706215 0.000706215 0.00776836 0.000706215 0.000706215 0.000706215 0.0289548 0.000706215 0.000706215 0.000706215 
0.0153149 0.000215703 0.0153149 0.000215703 0.000215703 0.0433563 0.00237274 0.0066868 0.000215703 0.177092 0.52006 0.0368852 0.0498274 0.000215703 0.129638 0.00237274 
0.000137627 0.000137627 0.000137627 0.000137627 0.000137627 0.000137627 0.000137627 0.000137627 0.000137627 0.135012 0.0441784 0.000137627 0.000137627 0.000137627 0.607074 0.212084 
0.100129 0.000321958 0.000321958 0.000321958 0.000321958 0.000321958 0.000321958 0.000321958 0.724726 0.0518352 0.000321958 0.000321958 0.00998068 0.000321958 0.109788 0.000321958 
0.00280899 0.00280899 0.00280899 0.00280899 0.00280899 0.00280899 0.00280899 0.00280899 0.0589888 0.00280899 0.00280899 0.227528 0.452247 0.00280899 0.00280899 0.227528 
0.0037594 0.0037594 0.0037594 0.0037594 0.0037594 0.0037594 0.0037594 0.0037594 0.342105 0.116541 0.0037594 0.0037594 0.0037594 0.0037594 0.0037594 0.492481 
0.00214592 0.00214592 0.00214592 0.00214592 0.0236052 0.00214592 0.302575 0.00214592 0.00214592 0.17382 0.0236052 0.00214592 0.0665236 0.00214592 0.00214592 0.388412 
0.000165673 0.0018224 0.000165673 0.000165673 0.000165673 0.000165673 0.000165673 0.430915 0.000165673 0.131047 0.000165673 0.000165673 0.000165673 0.131047 0.2056 0.0979125 
0.000142328 0.000142328 0.000142328 0.00156561 0.000142328 0.000142328 0.000142328 0.000142328 0.000142328 0.000142328 0.000142328 0.000142328 0.0029889 0.000142328 0.993595 0.000142328 
0.0548463 0.000130276 0.000130276 0.000130276 0.000130276 0.000130276 0.000130276 0.0027358 0.000130276 0.156462 0.000130276 0.000130276 0.48606 0.0861126 0.0978374 0.114773 
0.000160359 0.000160359 0.000160359 0.000160359 0.00176395 0.000160359 0.000160359 0.000160359 0.000160359 0.000160359 0.000160359 0.000160359 0.000160359 0.000160359 0.457184 0.538967 
0.00218427 0.00019857 0.00416998 0.00019857 0.603852 0.00019857 0.00019857 0.00019857 0.00019857 0.218626 0.00019857 0.00019857 0.00019857 0.00019857 0.168983 0.00019857 
0.0052489 0.000169319 0.000169319 0.000169319 0.000169319 0.00355571 0.0052489 0.000169319 0.47765 0.040806 0.000169319 0.000169319 0.100068 0.145784 0.19658 0.023874 
0.376513 0.400726 0.0133172 0.00121065 0.0617433 0.00121065 0.0375303 0.00121065 0.00121065 0.00121065 0.00121065 0.0133172 0.0859564 0.00121065 0.00121065 0.00121065 
0.0508685 0.00124069 0.00124069 0.261787 0.0632754 0.00124069 0.199752 0.00124069 0.00124069 0.00124069 0.00124069 0.00124069 0.41067 0.00124069 0.00124069 0.00124069 
0.000133583 0.00146941 0.000133583 0.000133583 0.362143 0.000133583 0.000133583 0.000133583 0.000133583 0.04288 0.000133583 0.000133583 0.000133583 0.0308576 0.50374 0.0575741 
0.00442478 0.00442478 0.00442478 0.00442478 0.00442478 0.00442478 0.00442478 0.00442478 0.00442478 0.00442478 0.00442478 0.00442478 0.00442478 0.181416 0.00442478 0.756637 
0.000984252 0.000984252 0.0206693 0.000984252 0.000984252 0.000984252 0.000984252 0.000984252 0.000984252 0.000984252 0.000984252 0.000984252 0.41437 0.000984252 0.542323 0.0108268 
0.00119617 0.00119617 0.0610048 0.00119617 0.00119617 0.00119617 0.00119617 0.0610048 0.324163 0.0490431 0.00119617 0.00119617 0.192584 0.00119617 0.264354 0.0370813 
0.0766332 0.00125628 0.00125628 0.164573 0.00125628 0.00125628 0.00125628 0.0138191 0.302764 0.00125628 0.00125628 0.0138191 0.340452 0.0766332 0.00125628 0.00125628 
0.0234375 0.00111607 0.00111607 0.157366 0.00111607 0.00111607 0.00111607 0.00111607 0.53683 0.0904018 0.00111607 0.00111607 0.123884 0.00111607 0.0569196 0.00111607 
0.166667 0.00273224 0.00273224 0.166667 0.00273224 0.0846995 0.0300546 0.00273224 0.0846995 0.00273224 0.00273224 0.00273224 0.166667 0.248634 0.0300546 0.00273224 
0.000626566 0.000626566 0.000626566 0.144737 0.169799 0.000626566 0.169799 0.000626566 0.000626566 0.000626566 0.0131579 0.000626566 0.0883459 0.407895 0.000626566 0.000626566 
0.0180936 0.000441306 0.000441306 0.000441306 0.0136805 0.000441306 0.0401589 0.000441306 0.000441306 0.137246 0.000441306 0.000441306 0.4594 0.256399 0.00485437 0.0666372 
0.000145433 0.000145433 0.000145433 0.000145433 0.00159977 0.000145433 0.000145433 0.000145433 0.386998 0.0277778 0.000145433 0.000145433 0.13249 0.0306864 0.418994 0.000145433 
0.000216638 0.00454939 0.000216638 0.000216638 0.000216638 0.000216638 0.000216638 0.000216638 0.000216638 0.0132149 0.000216638 0.00238302 0.0392114 0.0348787 0.832106 0.0717071 
0.265095 0.000264831 0.000264831 0.000264831 0.000264831 0.000264831 0.000264831 0.000264831 0.574947 0.00291314 0.000264831 0.000264831 0.000264831 0.000264831 0.153867 0.000264831 
0.000295334 0.000295334 0.000295334 0.000295334 0.000295334 0.000295334 0.000295334 0.000295334 0.626403 0.000295334 0.000295334 0.000295334 0.142056 0.000295334 0.227702 0.000295334 
0.0768846 0.0318546 0.0618746 0.00350233 0.000166778 0.000166778 0.000166778 0.00183456 0.432121 0.000166778 0.0568712 0.0235157 0.0118412 0.0618746 0.236991 0.000166778 
0.412313 0.00186567 0.00186567 0.151119 0.00186567 0.00186567 0.00186567 0.00186567 0.26306 0.113806 0.0205224 0.0205224 0.00186567 0.00186567 0.00186567 0.00186567 
0.000417362 0.000417362 0.000417362 0.000417362 0.000417362 0.00876461 0.000417362 0.0838898 0.000417362 0.000417362 0.000417362 0.000417362 0.359349 0.255008 0.209098 0.0797162 
0.000651042 0.000651042 0.000651042 0.078776 0.000651042 0.000651042 0.000651042 0.000651042 0.625651 0.000651042 0.000651042 0.000651042 0.0722656 0.000651042 0.000651042 0.215495 
0.000391236 0.00821596 0.0199531 0.289906 0.258607 0.000391236 0.000391236 0.000391236 0.000391236 0.145149 0.000391236 0.000391236 0.000391236 0.000391236 0.274257 0.000391236 
0.578143 0.000566251 0.000566251 0.000566251 0.000566251 0.000566251 0.000566251 0.0118913 0.000566251 0.402605 0.000566251 0.000566251 0.000566251 0.000566251 0.000566251 0.000566251 
0.127316 0.00926262 0.00563022 0.00018162 0.00018162 0.00018162 0.00563022 0.0237922 0.534145 0.0601162 0.00018162 0.00018162 0.0292408 0.00018162 0.0746458 0.129132 
0.443277 0.00210084 0.00210084 0.00210084 0.00210084 0.00210084 0.00210084 0.00210084 0.00210084 0.00210084 0.0441176 0.0441176 0.443277 0.00210084 0.00210084 0.00210084 
0.00029274 0.00029274 0.357436 0.00322014 0.00029274 0.00322014 0.252049 0.00029274 0.00029274 0.00029274 0.00029274 0.00029274 0.00029274 0.00029274 0.269614 0.111534 
0.0001343 0.0108783 0.0001343 0.00282031 0.0001343 0.0001343 0.0001343 0.0001343 0.0337094 0.133092 0.00819232 0.00416331 0.0001343 0.0310234 0.130406 0.644776 
0.0260801 6.05107e-05 0.000665618 6.05107e-05 0.000665618 6.05107e-05 6.05107e-05 6.05107e-05 6.05107e-05 0.140445 0.467203 6.05107e-05 6.05107e-05 0.064807 0.298983 0.000665618 
0.000222916 0.000222916 0.450513 0.000222916 0.000222916 0.00468123 0.000222916 0.00468123 0.0113687 0.000222916 0.000222916 0.000222916 0.000222916 0.00245207 0.227597 0.296701 
0.000586166 0.000586166 0.000586166 0.000586166 0.0181712 0.000586166 0.000586166 0.000586166 0.340563 0.000586166 0.000586166 0.000586166 0.0592028 0.100234 0.141266 0.334701 
0.00326797 0.00326797 0.689542 0.133987 0.00326797 0.00326797 0.00326797 0.00326797 0.0359477 0.00326797 0.00326797 0.0359477 0.00326797 0.0686275 0.00326797 0.00326797 
0.175369 0.000307125 0.000307125 0.0494472 0.00337838 0.000307125 0.000307125 0.000307125 0.344287 0.000307125 0.000307125 0.000307125 0.000307125 0.0709459 0.353501 0.000307125 
0.082835 0.000175871 0.000175871 0.482061 0.000175871 0.00193458 0.000175871 0.000175871 0.00545199 0.0564544 0.000175871 0.00193458 0.000175871 0.11625 0.251671 0.000175871 
0.00137741 0.00137741 0.00137741 0.0151515 0.00137741 0.00137741 0.00137741 0.00137741 0.414601 0.11157 0.00137741 0.00137741 0.221763 0.221763 0.00137741 0.00137741 
0.000201369 0.0142972 0.00221506 0.133105 0.000201369 0.000201369 0.000201369 0.000201369 0.00221506 0.12505 0.000201369 0.000201369 0.000201369 0.545912 0.175393 0.000201369 
0.000556793 0.0116927 0.000556793 0.000556793 0.000556793 0.000556793 0.0116927 0.000556793 0.640869 0.000556793 0.0228285 0.0172606 0.000556793 0.000556793 0.290089 0.000556793 
0.0601654 0.000133404 0.00280149 0.0641676 0.000133404 0.00546958 0.000133404 0.0494931 0.0268143 0.133538 0.31897 0.000133404 0.0655016 0.046825 0.0508271 0.174893 
0.000170765 0.000170765 0.000170765 0.00187842 0.00358607 0.000170765 0.000170765 0.000170765 0.519296 0.0992145 0.000170765 0.000170765 0.140198 0.0531079 0.13849 0.042862 
0.000108155 0.00443435 0.0249838 0.000108155 0.000108155 0.117997 0.0130867 0.000108155 0.000108155 0.636059 0.000108155 0.000108155 0.000108155 0.000108155 0.202358 0.000108155 
0.000144802 0.000144802 0.000144802 0.000144802 0.000144802 0.0102809 0.000144802 0.00304083 0.00159282 0.000144802 0.000144802 0.000144802 0.000144802 0.000144802 0.983348 0.000144802 
0.000711238 0.000711238 0.000711238 0.000711238 0.000711238 0.121622 0.214083 0.000711238 0.000711238 0.100284 0.0220484 0.150071 0.000711238 0.000711238 0.214083 0.171408 
0.00510204 0.107143 0.00510204 0.00510204 0.107143 0.617347 0.00510204 0.00510204 0.00510204 0.00510204 0.00510204 0.00510204 0.00510204 0.107143 0.00510204 0.00510204 
0.000169895 0.000169895 0.000169895 0.00186884 0.000169895 0.0120625 0.000169895 0.319572 0.113999 0.0375467 0.000169895 0.00186884 0.000169895 0.000169895 0.29069 0.221033 
0.000123671 0.00507049 0.000123671 0.132451 0.467598 0.000123671 0.0446451 0.000123671 0.00259708 0.000123671 0.000123671 0.00259708 0.000123671 0.053302 0.290749 0.000123671 
0.00943396 0.103774 0.00943396 0.00943396 0.00943396 0.669811 0.00943396 0.00943396 0.00943396 0.103774 0.00943396 0.00943396 0.00943396 0.00943396 0.00943396 0.00943396 
0.00462963 0.00462963 0.00462963 0.00462963 0.00462963 0.560185 0.00462963 0.00462963 0.00462963 0.282407 0.00462963 0.00462963 0.00462963 0.00462963 0.0972222 0.00462963 
0.00326797 0.00326797 0.00326797 0.232026 0.00326797 0.656863 0.00326797 0.00326797 0.00326797 0.00326797 0.00326797 0.0359477 0.00326797 0.00326797 0.0359477 0.00326797 
0.000400641 0.000400641 0.000400641 0.00841346 0.685497 0.000400641 0.000400641 0.000400641 0.000400641 0.000400641 0.00440705 0.000400641 0.000400641 0.0244391 0.272837 0.000400641 
0.000165948 0.000165948 0.0881182 0.0366744 0.000165948 0.502987 0.000165948 0.0200797 0.000165948 0.00846333 0.000165948 0.000165948 0.000165948 0.0565881 0.259044 0.0267176 
0.00462963 0.00462963 0.00462963 0.00462963 0.00462963 0.00462963 0.00462963 0.00462963 0.00462963 0.00462963 0.00462963 0.00462963 0.00462963 0.00462963 0.0509259 0.884259 
0.000138007 0.000138007 0.000138007 0.0180789 0.000138007 0.00565829 0.000138007 0.00841844 0.336876 0.000138007 0.000138007 0.000138007 0.00151808 0.000138007 0.259591 0.368617 
0.00316456 0.00316456 0.0981013 0.129747 0.00316456 0.572785 0.00316456 0.0981013 0.00316456 0.00316456 0.00316456 0.00316456 0.0348101 0.00316456 0.0348101 0.00316456 
0.00326797 0.00326797 0.00326797 0.00326797 0.00326797 0.624183 0.101307 0.00326797 0.00326797 0.0359477 0.00326797 0.0359477 0.00326797 0.00326797 0.00326797 0.166667 
0.00537634 0.00537634 0.00537634 0.00537634 0.00537634 0.543011 0.00537634 0.00537634 0.00537634 0.112903 0.00537634 0.00537634 0.00537634 0.00537634 0.274194 0.00537634 
0.00316456 0.00316456 0.00316456 0.00316456 0.00316456 0.60443 0.161392 0.00316456 0.00316456 0.00316456 0.193038 0.00316456 0.00316456 0.00316456 0.00316456 0.00316456 
0.213024 0.0134162 0.000327225 0.000327225 0.000327225 0.435537 0.0919503 0.000327225 0.000327225 0.0297775 0.000327225 0.000327225 0.000327225 0.000327225 0.213024 0.000327225 
0.000508647 0.12767 0.000508647 0.112411 0.000508647 0.47355 0.000508647 0.00559512 0.000508647 0.00559512 0.000508647 0.025941 0.000508647 0.0157681 0.2294 0.000508647 
0.00289017 0.00289017 0.00289017 0.00289017 0.00289017 0.696532 0.00289017 0.00289017 0.00289017 0.00289017 0.00289017 0.00289017 0.0606936 0.0317919 0.176301 0.00289017 
6.04741e-05 0.58545 6.04741e-05 6.04741e-05 6.04741e-05 6.04741e-05 6.04741e-05 6.04741e-05 6.04741e-05 6.04741e-05 6.04741e-05 6.04741e-05 6.04741e-05 6.04741e-05 0.413703 6.04741e-05 
0.0450644 0.216738 0.00214592 0.43133 0.0665236 0.195279 0.00214592 0.00214592 0.0236052 0.00214592 0.00214592 0.00214592 0.00214592 0.00214592 0.00214592 0.00214592 
0.0608573 0.0608573 0.000202184 0.0244642 0.000202184 0.00828953 0.000202184 0.000202184 0.000202184 0.000202184 0.540032 0.000202184 0.000202184 0.00222402 0.301456 0.000202184 
0.10473 0.172297 0.00337838 0.00337838 0.00337838 0.206081 0.00337838 0.00337838 0.00337838 0.00337838 0.442568 0.0371622 0.00337838 0.00337838 0.00337838 0.00337838 
0.108431 0.0543282 0.000225428 0.000225428 0.000225428 0.626916 0.000225428 0.000225428 0.000225428 0.000225428 0.000225428 0.000225428 0.000225428 0.000225428 0.207619 0.000225428 
0.00735294 0.227941 0.00735294 0.00735294 0.375 0.301471 0.00735294 0.00735294 0.00735294 0.00735294 0.00735294 0.00735294 0.00735294 0.00735294 0.00735294 0.00735294 
0.805351 0.00266295 0.000126807 0.000126807 0.000126807 0.000126807 0.000126807 0.000126807 0.000126807 0.190337 0.000126807 0.000126807 0.000126807 0.000126807 0.000126807 0.000126807 
0.00165017 0.00165017 0.0346535 0.249175 0.00165017 0.00165017 0.00165017 0.00165017 0.39769 0.00165017 0.00165017 0.00165017 0.00165017 0.00165017 0.29868 0.00165017 
0.0533981 0.00485437 0.00485437 0.00485437 0.101942 0.00485437 0.296117 0.00485437 0.00485437 0.00485437 0.00485437 0.00485437 0.00485437 0.00485437 0.0533981 0.441748 
0.00297619 0.00297619 0.00297619 0.00297619 0.00297619 0.0922619 0.00297619 0.00297619 0.151786 0.00297619 0.419643 0.00297619 0.00297619 0.00297619 0.00297619 0.300595 
0.746622 0.00337838 0.00337838 0.00337838 0.00337838 0.00337838 0.00337838 0.0371622 0.00337838 0.00337838 0.00337838 0.00337838 0.00337838 0.00337838 0.172297 0.00337838 
0.435484 0.00537634 0.00537634 0.00537634 0.00537634 0.22043 0.00537634 0.00537634 0.00537634 0.00537634 0.00537634 0.00537634 0.00537634 0.00537634 0.274194 0.00537634 
0.27511 0.000183284 0.000183284 0.00934751 0.038673 0.463893 0.000183284 0.000183284 0.000183284 0.000183284 0.000183284 0.000183284 0.000183284 0.000183284 0.209128 0.00201613 
0.679054 0.00337838 0.00337838 0.0709459 0.00337838 0.00337838 0.00337838 0.00337838 0.172297 0.00337838 0.00337838 0.00337838 0.00337838 0.00337838 0.0371622 0.00337838 
0.00862069 0.00862069 0.0948276 0.00862069 0.00862069 0.784483 0.00862069 0.00862069 0.00862069 0.00862069 0.00862069 0.00862069 0.00862069 0.00862069 0.00862069 0.00862069 
0.00641026 0.326923 0.00641026 0.00641026 0.00641026 0.00641026 0.00641026 0.00641026 0.00641026 0.00641026 0.00641026 0.00641026 0.262821 0.00641026 0.326923 0.00641026 
0.0034965 0.0384615 0.0034965 0.0034965 0.0034965 0.877622 0.0034965 0.0034965 0.0384615 0.0034965 0.0034965 0.0034965 0.0034965 0.0034965 0.0034965 0.0034965 
0.00442478 0.00442478 0.00442478 0.358407 0.00442478 0.181416 0.00442478 0.00442478 0.00442478 0.225664 0.00442478 0.00442478 0.00442478 0.00442478 0.181416 0.00442478 
0.0034965 0.0034965 0.0034965 0.0034965 0.0384615 0.423077 0.0034965 0.0034965 0.0034965 0.353147 0.0034965 0.0034965 0.0034965 0.0034965 0.143357 0.0034965 
0.000144802 0.000144802 0.000144802 0.000144802 0.000144802 0.0609615 0.44903 0.000144802 0.0551694 0.000144802 0.000144802 0.000144802 0.000144802 0.0653055 0.260788 0.107298 
