alpha=0.500000
beta=0.100000
ntopics=3
ndocs=48
nwords=6457
liter=200
