0.0671769 0.0314626 0.00085034 0.00085034 0.0110544 0.00255102 0.0263605 0.0280612 0.00085034 0.0110544 0.303571 0.00085034 0.436224 0.0212585 0.0518707 0.00595238 
0.05 0.00714286 0.00714286 0.292857 0.00714286 0.0214286 0.192857 0.0214286 0.0785714 0.0214286 0.00714286 0.00714286 0.00714286 0.178571 0.0928571 0.00714286 
0.0619048 0.0428571 0.0333333 0.0142857 0.0809524 0.0238095 0.0238095 0.0333333 0.37619 0.0047619 0.0047619 0.0047619 0.0047619 0.0142857 0.0428571 0.233333 
0.0394737 0.0394737 0.0394737 0.0131579 0.0131579 0.0394737 0.0921053 0.0394737 0.0131579 0.0394737 0.0131579 0.0131579 0.25 0.223684 0.118421 0.0131579 
0.0625 0.00480769 0.0240385 0.00480769 0.0721154 0.0240385 0.120192 0.0144231 0.177885 0.120192 0.00480769 0.00480769 0.0144231 0.00480769 0.302885 0.0432692 
0.188889 0.233333 0.0333333 0.0777778 0.0111111 0.0111111 0.1 0.0111111 0.0333333 0.0555556 0.0111111 0.0333333 0.0111111 0.0111111 0.0555556 0.122222 
0.00248756 0.0854063 0.31592 0.00248756 0.00414594 0.0970149 0.0870647 0.0140962 0.0140962 0.00746269 0.0588723 0.00248756 0.24461 0.0124378 0.00580431 0.0456053 
0.0108696 0.0187747 0.230237 0.000988142 0.000988142 0.00296443 0.12747 0.0444664 0.000988142 0.0148221 0.000988142 0.131423 0.338933 0.048419 0.0227273 0.00494071 
0.000688705 0.00206612 0.0130854 0.000688705 0.00482094 0.018595 0.581956 0.00344353 0.0199725 0.000688705 0.00206612 0.000688705 0.208678 0.0792011 0.0571625 0.00619835 
0.0316456 0.00632911 0.00632911 0.00632911 0.00632911 0.0189873 0.132911 0.00632911 0.234177 0.0189873 0.0316456 0.00632911 0.00632911 0.462025 0.0189873 0.00632911 
0.00657895 0.00657895 0.0197368 0.00657895 0.0460526 0.00657895 0.0197368 0.0197368 0.0197368 0.0328947 0.0197368 0.00657895 0.0460526 0.111842 0.532895 0.0986842 
0.0129412 0.0105882 0.00823529 0.00117647 0.00117647 0.00117647 0.1 0.00823529 0.00117647 0.283529 0.0811765 0.00588235 0.318824 0.0152941 0.132941 0.0176471 
0.0327103 0.0046729 0.0046729 0.0046729 0.0046729 0.0046729 0.0046729 0.0046729 0.0046729 0.0046729 0.191589 0.0607477 0.172897 0.0327103 0.462617 0.0046729 
0.0217391 0.0217391 0.0217391 0.0217391 0.0217391 0.0217391 0.108696 0.0217391 0.0217391 0.0217391 0.282609 0.0652174 0.108696 0.195652 0.0217391 0.0217391 
0.0129604 0.0047749 0.00204638 0.000682128 0.00613915 0.021146 0.000682128 0.0102319 0.0306958 0.0047749 0.000682128 0.0115962 0.418145 0.374488 0.0893588 0.0115962 
0.295699 0.241935 0.016129 0.00537634 0.00537634 0.0268817 0.177419 0.0268817 0.00537634 0.00537634 0.0376344 0.0268817 0.00537634 0.00537634 0.00537634 0.112903 
0.00155763 0.0482866 0.00155763 0.00155763 0.00155763 0.0046729 0.0140187 0.00778816 0.0327103 0.00155763 0.0109034 0.00155763 0.213396 0.0046729 0.0856698 0.568536 
0.0565476 0.300595 0.0208333 0.00297619 0.0208333 0.00297619 0.0386905 0.00297619 0.0208333 0.014881 0.157738 0.00297619 0.181548 0.00297619 0.16369 0.00892857 
0.00185185 0.012963 0.00555556 0.00185185 0.00555556 0.0611111 0.00185185 0.00185185 0.0722222 0.00925926 0.00185185 0.00925926 0.261111 0.00185185 0.446296 0.105556 
0.0280899 0.0280899 0.00561798 0.00561798 0.00561798 0.679775 0.00561798 0.00561798 0.0168539 0.00561798 0.00561798 0.00561798 0.162921 0.00561798 0.0168539 0.0168539 
0.0113636 0.0113636 0.0113636 0.0113636 0.0113636 0.0113636 0.0568182 0.0113636 0.0113636 0.0340909 0.0340909 0.0113636 0.0795455 0.0113636 0.102273 0.579545 
0.00588235 0.0411765 0.0176471 0.0176471 0.00588235 0.00588235 0.00588235 0.00588235 0.00588235 0.00588235 0.00588235 0.0176471 0.264706 0.00588235 0.147059 0.441176 
0.03125 0.06875 0.03125 0.05625 0.00625 0.01875 0.01875 0.00625 0.23125 0.09375 0.00625 0.01875 0.00625 0.01875 0.29375 0.09375 
0.0060241 0.0180723 0.0301205 0.0060241 0.0180723 0.0060241 0.0662651 0.0421687 0.186747 0.114458 0.0060241 0.10241 0.0421687 0.0301205 0.23494 0.0903614 
0.00803571 0.0508929 0.00446429 0.0151786 0.00267857 0.00803571 0.0241071 0.00803571 0.0383929 0.00267857 0.0419643 0.000892857 0.275893 0.0116071 0.50625 0.000892857 
0.0431034 0.00862069 0.00862069 0.00862069 0.00862069 0.00862069 0.387931 0.00862069 0.0258621 0.0258621 0.00862069 0.146552 0.112069 0.0603448 0.0258621 0.112069 
0.068012 0.054559 0.00971599 0.000747384 0.0411061 0.00224215 0.00822123 0.00373692 0.106876 0.000747384 0.000747384 0.000747384 0.630045 0.0351271 0.0306428 0.00672646 
0.0123967 0.0371901 0.0454545 0.053719 0.309917 0.0206612 0.0619835 0.00413223 0.00413223 0.0123967 0.194215 0.0371901 0.0123967 0.00413223 0.0454545 0.144628 
0.0110294 0.297794 0.00367647 0.0625 0.0257353 0.422794 0.0772059 0.0183824 0.00367647 0.0257353 0.00367647 0.0110294 0.00367647 0.00367647 0.0257353 0.00367647 
0.0416667 0.0138889 0.0416667 0.0416667 0.0694444 0.0416667 0.0972222 0.0138889 0.0416667 0.0416667 0.0138889 0.0416667 0.0416667 0.0138889 0.152778 0.291667 
0.00666667 0.1 0.00666667 0.00666667 0.0333333 0.02 0.14 0.00666667 0.00666667 0.113333 0.18 0.0333333 0.0466667 0.0333333 0.0333333 0.233333 
0.00110375 0.00331126 0.0143488 0.00110375 0.00110375 0.466887 0.00110375 0.00551876 0.00110375 0.00110375 0.00551876 0.00772627 0.334437 0.00110375 0.113687 0.0408389 
0.0125 0.0291667 0.0208333 0.00416667 0.0208333 0.00416667 0.229167 0.0208333 0.00416667 0.0125 0.0125 0.0125 0.00416667 0.0708333 0.0208333 0.520833 
0.000894454 0.00805009 0.00447227 0.0563506 0.00626118 0.00268336 0.0241503 0.000894454 0.0796064 0.0169946 0.000894454 0.000894454 0.17263 0.0152057 0.00268336 0.607335 
0.00205761 0.100823 0.0102881 0.026749 0.00617284 0.0102881 0.00617284 0.00617284 0.0679012 0.00205761 0.00205761 0.00205761 0.0720165 0.00205761 0.290123 0.393004 
0.0333333 0.193333 0.00666667 0.00666667 0.00666667 0.1 0.153333 0.00666667 0.00666667 0.00666667 0.0866667 0.0333333 0.02 0.00666667 0.00666667 0.326667 
0.110294 0.0220588 0.0220588 0.00735294 0.0220588 0.0367647 0.00735294 0.00735294 0.0661765 0.00735294 0.213235 0.00735294 0.301471 0.00735294 0.0808824 0.0808824 
0.00632911 0.0670886 0.00379747 0.0113924 0.0316456 0.00126582 0.00886076 0.00379747 0.112658 0.00886076 0.00126582 0.00379747 0.0291139 0.00379747 0.327848 0.378481 
0.000806452 0.00564516 0.0169355 0.0346774 0.000806452 0.0137097 0.204032 0.000806452 0.168548 0.0846774 0.28629 0.00887097 0.0395161 0.115323 0.00241935 0.0169355 
0.0277778 0.0277778 0.0277778 0.0277778 0.0277778 0.0833333 0.0277778 0.0277778 0.0277778 0.0277778 0.0277778 0.0277778 0.0277778 0.0277778 0.472222 0.0833333 
0.148352 0.0494505 0.0164835 0.0604396 0.00549451 0.0164835 0.0164835 0.00549451 0.00549451 0.00549451 0.0164835 0.0384615 0.357143 0.0384615 0.214286 0.00549451 
0.0793103 0.0586207 0.00344828 0.00344828 0.0103448 0.12069 0.00344828 0.0103448 0.00344828 0.00344828 0.00344828 0.00344828 0.272414 0.00344828 0.417241 0.00344828 
0.203704 0.0185185 0.0185185 0.0555556 0.0555556 0.0185185 0.0185185 0.0185185 0.0185185 0.0185185 0.0185185 0.0555556 0.0185185 0.0555556 0.12963 0.277778 
0.128571 0.0142857 0.0142857 0.0428571 0.214286 0.0142857 0.1 0.0142857 0.0142857 0.1 0.0428571 0.0142857 0.0142857 0.0142857 0.0428571 0.214286 
0.0123153 0.0960591 0.00246305 0.00246305 0.0369458 0.0172414 0.00738916 0.0123153 0.238916 0.00246305 0.0172414 0.00246305 0.046798 0.00246305 0.490148 0.0123153 
0.177966 0.245763 0.00847458 0.0423729 0.059322 0.00847458 0.00847458 0.059322 0.0254237 0.00847458 0.00847458 0.00847458 0.059322 0.0254237 0.00847458 0.245763 
0.000611995 0.0361077 0.00550796 0.0165239 0.000611995 0.00183599 0.0177479 0.000611995 0.0740514 0.00428397 0.00305998 0.00428397 0.0556916 0.0140759 0.00183599 0.763158 
0.000520833 0.0130208 0.0307292 0.00260417 0.000520833 0.00364583 0.0619792 0.00364583 0.0140625 0.000520833 0.00989583 0.00572917 0.321354 0.0213542 0.509896 0.000520833 
0.0119048 0.0119048 0.0119048 0.0119048 0.154762 0.0119048 0.0119048 0.0119048 0.0119048 0.0833333 0.0833333 0.0119048 0.0357143 0.0119048 0.511905 0.0119048 
0.00141643 0.0864023 0.00141643 0.00424929 0.00141643 0.00141643 0.00141643 0.00708215 0.0269122 0.029745 0.0155807 0.00424929 0.26204 0.00141643 0.542493 0.0127479 
0.00083612 0.00250836 0.00083612 0.0041806 0.00250836 0.0225753 0.0041806 0.00083612 0.0376254 0.00585284 0.00083612 0.00250836 0.114548 0.00083612 0.00250836 0.796823 
0.00066313 0.0802387 0.00066313 0.00066313 0.0165782 0.00596817 0.00331565 0.00066313 0.141247 0.00331565 0.00994695 0.431698 0.141247 0.159814 0.00331565 0.00066313 
0.000792393 0.000792393 0.00396197 0.0103011 0.00237718 0.439778 0.0245642 0.00713154 0.000792393 0.00237718 0.00396197 0.00554675 0.2813 0.000792393 0.214739 0.000792393 
0.12963 0.0185185 0.0185185 0.0185185 0.0185185 0.0185185 0.0185185 0.0185185 0.0185185 0.0185185 0.240741 0.0185185 0.0185185 0.0185185 0.166667 0.240741 
0.0178571 0.0178571 0.0178571 0.0535714 0.0178571 0.0892857 0.0892857 0.0178571 0.0178571 0.0178571 0.0178571 0.0178571 0.232143 0.0892857 0.125 0.160714 
0.0275591 0.011811 0.0354331 0.00393701 0.0511811 0.019685 0.00393701 0.00393701 0.00393701 0.011811 0.452756 0.00393701 0.240157 0.00393701 0.122047 0.00393701 
0.000961538 0.0625 0.000961538 0.00288462 0.000961538 0.000961538 0.0259615 0.000961538 0.000961538 0.00865385 0.641346 0.000961538 0.249038 0.000961538 0.000961538 0.000961538 
0.00214592 0.00214592 0.0321888 0.00214592 0.00214592 0.0236052 0.00214592 0.00643777 0.00214592 0.00214592 0.00214592 0.00214592 0.405579 0.00214592 0.504292 0.00643777 
0.000826446 0.000826446 0.000826446 0.000826446 0.00247934 0.0157025 0.0107438 0.000826446 0.101653 0.0140496 0.00578512 0.00413223 0.176033 0.204132 0.427273 0.0338843 
0.0138889 0.0138889 0.0138889 0.0138889 0.0138889 0.0416667 0.0138889 0.0138889 0.0138889 0.0138889 0.0138889 0.0972222 0.0138889 0.0138889 0.625 0.0694444 
0.227273 0.0454545 0.106061 0.0151515 0.0151515 0.106061 0.0151515 0.0151515 0.0151515 0.0151515 0.106061 0.0454545 0.0151515 0.0151515 0.227273 0.0151515 
0.02 0.02 0.02 0.02 0.02 0.02 0.02 0.02 0.02 0.02 0.02 0.02 0.06 0.02 0.1 0.58 
0.00883152 0.00883152 0.000679348 0.00747283 0.000679348 0.0658967 0.0210598 0.000679348 0.0889946 0.227582 0.152853 0.00611413 0.184103 0.0101902 0.211277 0.00475543 
0.0142857 0.0142857 0.0142857 0.0142857 0.0142857 0.0714286 0.3 0.0142857 0.0142857 0.157143 0.0142857 0.1 0.0142857 0.157143 0.0714286 0.0142857 
0.0045045 0.0225225 0.0045045 0.0045045 0.0585586 0.0765766 0.0495495 0.0135135 0.0495495 0.0045045 0.0135135 0.0045045 0.0675676 0.0585586 0.472973 0.0945946 
0.0490196 0.147059 0.0490196 0.00980392 0.00980392 0.0294118 0.0490196 0.00980392 0.0294118 0.0490196 0.205882 0.00980392 0.0294118 0.00980392 0.0490196 0.264706 
0.0125 0.0125 0.0125 0.0625 0.0375 0.0125 0.0125 0.0375 0.0625 0.0125 0.0125 0.0125 0.0125 0.0625 0.0125 0.6125 
0.00243902 0.0268293 0.0268293 0.0219512 0.0121951 0.00243902 0.0121951 0.0219512 0.129268 0.0121951 0.00243902 0.00243902 0.0853659 0.00243902 0.0121951 0.626829 
0.113636 0.0227273 0.0227273 0.00757576 0.00757576 0.00757576 0.0681818 0.0378788 0.00757576 0.00757576 0.00757576 0.00757576 0.234848 0.0681818 0.371212 0.00757576 
0.0567568 0.0243243 0.0297297 0.0027027 0.0135135 0.0243243 0.0351351 0.0135135 0.159459 0.0027027 0.181081 0.00810811 0.262162 0.148649 0.0351351 0.0027027 
0.0517241 0.0862069 0.0862069 0.0172414 0.0172414 0.0172414 0.155172 0.155172 0.0172414 0.0172414 0.189655 0.0172414 0.0172414 0.0517241 0.0172414 0.0862069 
0.0128205 0.0384615 0.0384615 0.0897436 0.0384615 0.0384615 0.0128205 0.0384615 0.0128205 0.0128205 0.0384615 0.141026 0.0897436 0.0128205 0.217949 0.166667 
0.0164521 0.0107296 0.00500715 0.000715308 0.00357654 0.00786838 0.00500715 0.0164521 0.0264664 0.00214592 0.000715308 0.000715308 0.3598 0.00214592 0.540057 0.00214592 
0.134615 0.0192308 0.0192308 0.0192308 0.0961538 0.134615 0.0192308 0.0192308 0.0961538 0.211538 0.0961538 0.0192308 0.0192308 0.0192308 0.0576923 0.0192308 
0.000868056 0.0199653 0.000868056 0.00260417 0.0112847 0.00434028 0.0078125 0.000868056 0.00607639 0.000868056 0.450521 0.000868056 0.30816 0.0373264 0.0078125 0.139757 
0.00254669 0.000848896 0.0195246 0.00594228 0.000848896 0.000848896 0.000848896 0.00764007 0.0500849 0.0178268 0.016129 0.0365025 0.194397 0.477929 0.00424448 0.163837 
0.016129 0.016129 0.016129 0.016129 0.016129 0.0483871 0.016129 0.016129 0.0483871 0.0483871 0.145161 0.241935 0.209677 0.016129 0.016129 0.112903 
0.00526316 0.00526316 0.0368421 0.384211 0.00526316 0.0894737 0.0263158 0.0157895 0.0684211 0.00526316 0.0157895 0.194737 0.00526316 0.00526316 0.00526316 0.131579 
0.0510204 0.0102041 0.0714286 0.0102041 0.0102041 0.214286 0.0510204 0.0102041 0.0102041 0.0102041 0.0306122 0.0102041 0.0306122 0.0102041 0.397959 0.0714286 
0.118421 0.0394737 0.118421 0.0657895 0.0131579 0.118421 0.0131579 0.0131579 0.0131579 0.197368 0.0131579 0.144737 0.0131579 0.0131579 0.0131579 0.0921053 
0.0106383 0.138298 0.0531915 0.0106383 0.0106383 0.0106383 0.0319149 0.0106383 0.0106383 0.0106383 0.0744681 0.0106383 0.0531915 0.521277 0.0319149 0.0106383 
0.0025 0.3325 0.0775 0.0125 0.0025 0.0575 0.2075 0.0175 0.0975 0.0025 0.0225 0.0075 0.0025 0.0175 0.0625 0.0775 
0.0192308 0.173077 0.0192308 0.0192308 0.0961538 0.0192308 0.0192308 0.0192308 0.173077 0.0192308 0.0961538 0.0576923 0.0192308 0.0576923 0.0576923 0.134615 
0.0135135 0.0675676 0.0135135 0.0135135 0.0135135 0.22973 0.0135135 0.0135135 0.0135135 0.0135135 0.0135135 0.0135135 0.175676 0.0135135 0.364865 0.0135135 
0.0106383 0.0744681 0.0319149 0.0106383 0.0744681 0.0106383 0.393617 0.0106383 0.0106383 0.0957447 0.0106383 0.0106383 0.117021 0.0106383 0.0106383 0.117021 
0.0194444 0.025 0.00277778 0.00277778 0.00277778 0.00833333 0.0638889 0.0194444 0.0305556 0.00277778 0.00277778 0.00277778 0.0694444 0.00277778 0.00277778 0.741667 
0.01 0.17 0.01 0.01 0.29 0.09 0.01 0.01 0.03 0.01 0.05 0.03 0.11 0.01 0.11 0.05 
0.0147059 0.0441176 0.0441176 0.102941 0.0147059 0.0441176 0.0441176 0.0147059 0.0147059 0.0147059 0.0147059 0.0147059 0.0147059 0.338235 0.25 0.0147059 
0.000715308 0.000715308 0.000715308 0.000715308 0.000715308 0.0522175 0.000715308 0.00214592 0.00214592 0.00643777 0.000715308 0.52289 0.2897 0.116595 0.00214592 0.000715308 
0.00316456 0.00316456 0.00949367 0.0221519 0.00316456 0.00316456 0.0474684 0.00316456 0.0474684 0.00316456 0.0221519 0.00949367 0.00316456 0.00316456 0.00949367 0.806962 
0.05 0.0166667 0.0166667 0.0166667 0.05 0.0166667 0.05 0.0166667 0.05 0.0166667 0.0166667 0.0166667 0.116667 0.05 0.283333 0.216667 
0.0121951 0.0934959 0.00406504 0.00406504 0.00406504 0.0365854 0.109756 0.0365854 0.0203252 0.0691057 0.239837 0.0121951 0.0203252 0.182927 0.117886 0.0365854 
0.0178571 0.0178571 0.0178571 0.0178571 0.0892857 0.0178571 0.0178571 0.0178571 0.0178571 0.0178571 0.0178571 0.0535714 0.160714 0.0178571 0.125 0.375 
0.000863558 0.0319516 0.0129534 0.0146805 0.000863558 0.0112263 0.00259067 0.00604491 0.00431779 0.000863558 0.0354059 0.000863558 0.325561 0.00259067 0.513817 0.0354059 
0.0405405 0.0405405 0.0135135 0.0675676 0.0135135 0.148649 0.0135135 0.0135135 0.0135135 0.0135135 0.0135135 0.0135135 0.256757 0.0135135 0.0405405 0.283784 
0.0102041 0.0306122 0.0102041 0.0510204 0.0306122 0.0102041 0.0102041 0.0102041 0.0102041 0.0102041 0.153061 0.0510204 0.438776 0.0102041 0.132653 0.0306122 
0.00328947 0.134868 0.00328947 0.0230263 0.00328947 0.0230263 0.00328947 0.00328947 0.0296053 0.00328947 0.00986842 0.0296053 0.00328947 0.00328947 0.0493421 0.674342 
0.00143403 0.000478011 0.00143403 0.00717017 0.000478011 0.0043021 0.00143403 0.000478011 0.267208 0.000478011 0.000478011 0.000478011 0.114245 0.000478011 0.176386 0.42304 
0.000880282 0.192782 0.000880282 0.0149648 0.000880282 0.483275 0.000880282 0.000880282 0.0765845 0.00792254 0.000880282 0.00264085 0.208627 0.00616197 0.000880282 0.000880282 
0.0164234 0.0164234 0.00547445 0.00547445 0.0273723 0.00547445 0.341241 0.00912409 0.180657 0.00182482 0.00182482 0.00182482 0.0529197 0.00547445 0.107664 0.220803 
0.00568182 0.153409 0.0625 0.0284091 0.00568182 0.0170455 0.198864 0.0397727 0.00568182 0.00568182 0.0170455 0.00568182 0.00568182 0.0625 0.255682 0.130682 
0.0806452 0.0483871 0.016129 0.016129 0.016129 0.0483871 0.016129 0.0483871 0.016129 0.016129 0.112903 0.016129 0.016129 0.0483871 0.467742 0.016129 
0.0131579 0.118421 0.0657895 0.0657895 0.0131579 0.0131579 0.0131579 0.0131579 0.0131579 0.0394737 0.0131579 0.0131579 0.0131579 0.0394737 0.0131579 0.539474 
0.00534351 0.00534351 0.000763359 0.0160305 0.000763359 0.019084 0.0374046 0.000763359 0.132061 0.00992366 0.448092 0.00229008 0.0938931 0.203817 0.0221374 0.00229008 
0.0714286 0.0510204 0.0102041 0.0102041 0.0510204 0.0102041 0.0102041 0.0102041 0.0306122 0.0102041 0.112245 0.0306122 0.112245 0.193878 0.234694 0.0510204 
0.0300546 0.128415 0.0355191 0.00819672 0.068306 0.144809 0.00273224 0.00273224 0.221311 0.068306 0.00273224 0.00273224 0.00273224 0.00273224 0.248634 0.0300546 
0.00285714 0.0257143 0.00285714 0.0314286 0.0257143 0.0371429 0.46 0.00285714 0.1 0.02 0.122857 0.00285714 0.0371429 0.0542857 0.0657143 0.00857143 
0.0125 0.0125 0.0875 0.0125 0.0875 0.0375 0.0125 0.0125 0.0375 0.0375 0.0375 0.0375 0.0125 0.4125 0.0625 0.0875 
0.004363 0.0287958 0.0008726 0.0008726 0.0008726 0.334206 0.0863874 0.0008726 0.0148342 0.0008726 0.0846422 0.0061082 0.0671902 0.262653 0.091623 0.0148342 
0.0897436 0.166667 0.0128205 0.0128205 0.0128205 0.0128205 0.0128205 0.0384615 0.0128205 0.0128205 0.0128205 0.0128205 0.115385 0.0128205 0.294872 0.166667 
0.00561798 0.0168539 0.00561798 0.00561798 0.0280899 0.230337 0.0168539 0.0280899 0.0168539 0.00561798 0.00561798 0.00561798 0.0393258 0.0168539 0.241573 0.331461 
0.00434783 0.0408696 0.000869565 0.000869565 0.00434783 0.3 0.105217 0.0026087 0.0026087 0.0026087 0.00782609 0.157391 0.254783 0.0617391 0.0217391 0.0321739 
0.152778 0.0138889 0.0138889 0.0138889 0.0138889 0.0416667 0.0972222 0.0416667 0.0138889 0.0138889 0.0138889 0.0972222 0.375 0.0416667 0.0138889 0.0416667 
0.00381679 0.00381679 0.0114504 0.0114504 0.0114504 0.00381679 0.270992 0.00381679 0.20229 0.0114504 0.0114504 0.0114504 0.0343511 0.385496 0.019084 0.00381679 
0.296526 0.00124069 0.00372208 0.00124069 0.0483871 0.0384615 0.00124069 0.0583127 0.0359801 0.0434243 0.00372208 0.00124069 0.385856 0.016129 0.0558313 0.00868486 
0.00543478 0.00543478 0.048913 0.00543478 0.00543478 0.00543478 0.0163043 0.00543478 0.0163043 0.048913 0.0163043 0.0706522 0.244565 0.00543478 0.00543478 0.494565 
0.0147059 0.0735294 0.0147059 0.0147059 0.220588 0.102941 0.0147059 0.0147059 0.0735294 0.0441176 0.102941 0.0441176 0.0441176 0.161765 0.0441176 0.0147059 
0.0214286 0.00714286 0.00238095 0.00238095 0.0119048 0.00714286 0.721429 0.00714286 0.145238 0.00238095 0.0214286 0.00714286 0.00238095 0.00238095 0.00238095 0.0357143 
0.0149701 0.0688623 0.00898204 0.0149701 0.00299401 0.146707 0.0269461 0.00299401 0.194611 0.00898204 0.0209581 0.00299401 0.0868263 0.00898204 0.386228 0.00299401 
0.0535714 0.517857 0.0178571 0.0178571 0.0178571 0.0178571 0.0178571 0.0178571 0.0178571 0.0178571 0.0892857 0.0535714 0.0892857 0.0178571 0.0178571 0.0178571 
0.329365 0.0277778 0.0119048 0.00396825 0.00396825 0.00396825 0.0277778 0.00396825 0.0357143 0.00396825 0.00396825 0.00396825 0.154762 0.146825 0.218254 0.0198413 
0.0205479 0.0479452 0.00684932 0.0205479 0.00684932 0.00684932 0.664384 0.00684932 0.00684932 0.0616438 0.0342466 0.0342466 0.00684932 0.0479452 0.00684932 0.0205479 
0.00106157 0.00530786 0.00318471 0.00106157 0.0159236 0.00106157 0.00955414 0.00318471 0.0477707 0.00530786 0.00106157 0.00530786 0.196391 0.149682 0.548832 0.00530786 
0.00847458 0.0932203 0.00847458 0.00847458 0.00847458 0.00847458 0.161017 0.00847458 0.0423729 0.0254237 0.00847458 0.00847458 0.00847458 0.110169 0.00847458 0.483051 
0.00565428 0.00242326 0.00242326 0.411147 0.00403877 0.128433 0.0169628 0.000807754 0.160743 0.00242326 0.00726979 0.0315024 0.113893 0.00403877 0.000807754 0.107431 
0.00632911 0.00126582 0.00379747 0.00126582 0.00126582 0.335443 0.00632911 0.00632911 0.00126582 0.00126582 0.00126582 0.00126582 0.46962 0.0139241 0.148101 0.00126582 
0.0775109 0.0207424 0.0120087 0.0010917 0.0010917 0.00327511 0.477074 0.0010917 0.018559 0.00327511 0.00545852 0.0010917 0.175764 0.0971616 0.0971616 0.00764192 
0.00178147 0.0706651 0.00415677 0.0457245 0.0362233 0.00178147 0.0326603 0.000593824 0.322447 0.00534442 0.359264 0.000593824 0.0457245 0.0504751 0.0219715 0.000593824 
0.00163399 0.000544662 0.000544662 0.000544662 0.000544662 0.00163399 0.159586 0.288126 0.0147059 0.00490196 0.00163399 0.000544662 0.392702 0.129085 0.000544662 0.00272331 
0.000716332 0.00787966 0.00501433 0.0379656 0.000716332 0.032235 0.0651862 0.284384 0.0565903 0.002149 0.0522923 0.00358166 0.237106 0.189828 0.002149 0.0222063 
0.0168539 0.0280899 0.0168539 0.0168539 0.106742 0.0168539 0.646067 0.00561798 0.0393258 0.0393258 0.00561798 0.00561798 0.00561798 0.0280899 0.00561798 0.0168539 
0.00245902 0.0368852 0.00737705 0.000819672 0.000819672 0.00901639 0.0663934 0.00901639 0.000819672 0.000819672 0.000819672 0.00245902 0.166393 0.000819672 0.000819672 0.694262 
0.000848896 0.0229202 0.000848896 0.000848896 0.000848896 0.000848896 0.0449915 0.00424448 0.0432937 0.00594228 0.00424448 0.00254669 0.151952 0.00424448 0.647708 0.0636672 
0.01875 0.01875 0.01875 0.00625 0.00625 0.00625 0.00625 0.00625 0.01875 0.00625 0.00625 0.13125 0.00625 0.00625 0.06875 0.66875 
0.0560345 0.0905172 0.0215517 0.0215517 0.00431034 0.00431034 0.00431034 0.0732759 0.00431034 0.00431034 0.297414 0.00431034 0.0215517 0.00431034 0.211207 0.176724 
0.000683995 0.000683995 0.00341997 0.000683995 0.000683995 0.0526676 0.0841313 0.000683995 0.298906 0.0102599 0.00478796 0.00341997 0.138851 0.0116279 0.371409 0.0170999 
0.00060241 0.0644578 0.00060241 0.00301205 0.0222892 0.00060241 0.553614 0.00060241 0.0174699 0.00180723 0.00060241 0.00301205 0.31747 0.00180723 0.00180723 0.010241 
0.45928 0.00662879 0.00473485 0.0123106 0.00094697 0.0331439 0.0104167 0.00852273 0.00662879 0.0179924 0.0217803 0.00094697 0.332386 0.0426136 0.0388258 0.00284091 
0.0281553 0.0320388 0.000970874 0.0417476 0.00291262 0.0106796 0.0514563 0.00485437 0.0592233 0.331068 0.0145631 0.0106796 0.309709 0.0398058 0.0436893 0.0184466 
0.00095057 0.0180608 0.00285171 0.00095057 0.00285171 0.00665399 0.0636882 0.00285171 0.0503802 0.00855513 0.00095057 0.00095057 0.221483 0.523764 0.019962 0.0750951 
0.0151515 0.0151515 0.00505051 0.0252525 0.0858586 0.00505051 0.00505051 0.0151515 0.0555556 0.0252525 0.00505051 0.00505051 0.166667 0.00505051 0.0555556 0.510101 
0.0637584 0.0167785 0.0033557 0.0033557 0.0234899 0.0033557 0.0436242 0.0033557 0.0033557 0.0033557 0.0033557 0.0033557 0.157718 0.0033557 0.0100671 0.654362 
0.131757 0.0101351 0.0168919 0.0574324 0.00337838 0.0101351 0.00337838 0.00337838 0.0168919 0.0236486 0.00337838 0.00337838 0.0101351 0.00337838 0.0168919 0.685811 
0.00106383 0.0138298 0.0287234 0.473404 0.00319149 0.0542553 0.00319149 0.0117021 0.267021 0.0180851 0.00531915 0.0287234 0.0414894 0.0159574 0.0329787 0.00106383 
0.00204638 0.000682128 0.00204638 0.000682128 0.00204638 0.000682128 0.000682128 0.000682128 0.148022 0.525921 0.0115962 0.00204638 0.205321 0.0948158 0.000682128 0.00204638 
0.00157729 0.0709779 0.00473186 0.00473186 0.00157729 0.00473186 0.0488959 0.00473186 0.0488959 0.0141956 0.00157729 0.00788644 0.0141956 0.00473186 0.00157729 0.764984 
0.0119048 0.202381 0.0119048 0.0119048 0.0119048 0.0119048 0.0357143 0.0357143 0.0595238 0.130952 0.0119048 0.0119048 0.107143 0.0595238 0.25 0.0357143 
0.0151515 0.0151515 0.0151515 0.136364 0.166667 0.0454545 0.0151515 0.0151515 0.0454545 0.0151515 0.136364 0.0454545 0.0757576 0.0757576 0.0151515 0.166667 
0.122642 0.0283019 0.0660377 0.0471698 0.00943396 0.00943396 0.0283019 0.0471698 0.179245 0.0283019 0.0660377 0.00943396 0.0471698 0.122642 0.122642 0.0660377 
0.00737705 0.000819672 0.00409836 0.000819672 0.0155738 0.00737705 0.140164 0.00245902 0.179508 0.0122951 0.000819672 0.000819672 0.12541 0.136885 0.364754 0.000819672 
0.000705219 0.00211566 0.000705219 0.00352609 0.000705219 0.00211566 0.000705219 0.00211566 0.000705219 0.00493653 0.474612 0.000705219 0.495769 0.00211566 0.00211566 0.00634697 
0.00322997 0.00839793 0.00322997 0.00193798 0.00839793 0.000645995 0.00710594 0.00193798 0.131137 0.0704134 0.00193798 0.00839793 0.0988372 0.168605 0.405039 0.0807494 
0.000793651 0.000793651 0.00396825 0.00238095 0.000793651 0.00396825 0.00238095 0.000793651 0.00238095 0.000793651 0.000793651 0.00238095 0.453175 0.521429 0.00238095 0.000793651 
0.000980392 0.000980392 0.000980392 0.00294118 0.00686275 0.00294118 0.000980392 0.00294118 0.181373 0.000980392 0.00490196 0.583333 0.204902 0.00294118 0.000980392 0.000980392 
0.00251256 0.00753769 0.000837521 0.00753769 0.00251256 0.0108878 0.153266 0.00251256 0.0510888 0.000837521 0.0259631 0.0041876 0.143216 0.0259631 0.535176 0.0259631 
0.00561798 0.00561798 0.0505618 0.466292 0.00561798 0.0168539 0.0393258 0.00561798 0.0280899 0.0393258 0.0393258 0.0280899 0.00561798 0.0505618 0.0730337 0.140449 
0.0172414 0.224138 0.00574713 0.00574713 0.0402299 0.0977011 0.00574713 0.0632184 0.00574713 0.109195 0.0172414 0.0172414 0.0747126 0.0632184 0.247126 0.00574713 
0.000662252 0.00993377 0.00860927 0.00596026 0.00728477 0.00198675 0.0523179 0.00596026 0.0112583 0.00331126 0.00463576 0.35298 0.503974 0.0271523 0.00198675 0.00198675 
0.0172414 0.0172414 0.0172414 0.0862069 0.0172414 0.0172414 0.0862069 0.0172414 0.0172414 0.0172414 0.189655 0.0172414 0.0172414 0.431034 0.0172414 0.0172414 
0.00462963 0.00462963 0.0509259 0.00462963 0.00462963 0.0231481 0.0138889 0.0138889 0.0231481 0.0231481 0.0416667 0.00462963 0.421296 0.0138889 0.319444 0.0324074 
0.0388889 0.261111 0.00555556 0.00555556 0.0277778 0.00555556 0.0611111 0.00555556 0.00555556 0.00555556 0.00555556 0.05 0.0277778 0.0611111 0.272222 0.161111 
0.00581395 0.215116 0.0290698 0.00581395 0.00581395 0.0174419 0.0174419 0.0174419 0.0174419 0.00581395 0.0174419 0.0290698 0.00581395 0.00581395 0.30814 0.296512 
0.00520833 0.244792 0.0677083 0.0885417 0.151042 0.00520833 0.00520833 0.00520833 0.00520833 0.00520833 0.00520833 0.0364583 0.00520833 0.00520833 0.046875 0.317708 
0.0116279 0.0813953 0.0116279 0.0116279 0.0116279 0.0348837 0.0581395 0.0581395 0.22093 0.0348837 0.0116279 0.0116279 0.0116279 0.104651 0.127907 0.197674 
0.0813253 0.11747 0.00301205 0.0210843 0.00301205 0.0150602 0.322289 0.0150602 0.00301205 0.00903614 0.0753012 0.0873494 0.0391566 0.00903614 0.195783 0.00301205 
0.00214592 0.0236052 0.0236052 0.00214592 0.0107296 0.00643777 0.225322 0.00214592 0.122318 0.00214592 0.083691 0.0364807 0.00643777 0.0364807 0.401288 0.0150215 
0.00936599 0.000720461 0.000720461 0.00216138 0.0208934 0.00792507 0.0698847 0.000720461 0.0583573 0.00648415 0.00216138 0.00216138 0.326369 0.00360231 0.480548 0.00792507 
0.00320513 0.00106838 0.00106838 0.00534188 0.00106838 0.00747863 0.0224359 0.00106838 0.0352564 0.00747863 0.377137 0.00320513 0.505342 0.0160256 0.00534188 0.00747863 
0.00130208 0.0403646 0.0117188 0.00911458 0.00130208 0.00390625 0.00651042 0.00130208 0.0351562 0.00130208 0.0455729 0.00130208 0.0377604 0.00911458 0.00651042 0.78776 
0.00144928 0.0942029 0.00144928 0.00144928 0.0130435 0.74058 0.00434783 0.0101449 0.0304348 0.00144928 0.00144928 0.00144928 0.0188406 0.00144928 0.0710145 0.00724638 
0.00577558 0.129538 0.000825083 0.482673 0.00247525 0.0536304 0.0321782 0.00247525 0.00577558 0.0255776 0.000825083 0.000825083 0.108086 0.000825083 0.0222772 0.126238 
0.00833333 0.225 0.025 0.00833333 0.00833333 0.108333 0.00833333 0.00833333 0.00833333 0.00833333 0.0916667 0.141667 0.175 0.0583333 0.0583333 0.0583333 
0.00203252 0.123984 0.0101626 0.0101626 0.00609756 0.0101626 0.245935 0.00203252 0.00203252 0.0142276 0.0223577 0.00203252 0.148374 0.0304878 0.363821 0.00609756 
0.003125 0.165625 0.009375 0.003125 0.003125 0.021875 0.003125 0.003125 0.046875 0.009375 0.003125 0.028125 0.034375 0.134375 0.315625 0.215625 
0.00572519 0.402672 0.0133588 0.0019084 0.0209924 0.0515267 0.0019084 0.0019084 0.0553435 0.00572519 0.0820611 0.0019084 0.230916 0.0019084 0.0133588 0.108779 
0.0245902 0.0245902 0.631148 0.00273224 0.00273224 0.0409836 0.00273224 0.0191257 0.13388 0.0191257 0.00273224 0.057377 0.00273224 0.0300546 0.00273224 0.00273224 
0.00807899 0.00448833 0.000897666 0.000897666 0.000897666 0.0116697 0.002693 0.0116697 0.106822 0.000897666 0.401257 0.000897666 0.0816876 0.108618 0.0368043 0.221724 
0.00925926 0.0462963 0.00925926 0.12037 0.0277778 0.0462963 0.0277778 0.0462963 0.00925926 0.101852 0.00925926 0.138889 0.0648148 0.00925926 0.194444 0.138889 
0.00431034 0.0215517 0.00143678 0.00143678 0.0100575 0.538793 0.00718391 0.00143678 0.00718391 0.00143678 0.0186782 0.00431034 0.202586 0.0359195 0.130747 0.012931 
0.00199734 0.000665779 0.000665779 0.00332889 0.00599201 0.00732357 0.0579228 0.00466045 0.199068 0.00865513 0.000665779 0.00199734 0.075233 0.597204 0.0246338 0.00998668 
0.000301386 0.000301386 0.00150693 0.0370705 0.00572634 0.0792646 0.107595 0.000904159 0.0840868 0.000904159 0.000301386 0.402954 0.247438 0.00331525 0.0238095 0.0045208 
0.0010989 0.0010989 0.0010989 0.00549451 0.0010989 0.467033 0.0384615 0.0010989 0.00989011 0.0142857 0.0010989 0.00549451 0.216484 0.22967 0.0010989 0.00549451 
0.0141243 0.00282486 0.00282486 0.00847458 0.00847458 0.00282486 0.0819209 0.00847458 0.019774 0.00847458 0.00847458 0.00282486 0.138418 0.30791 0.274011 0.110169 
0.0135135 0.0675676 0.0135135 0.0135135 0.0135135 0.337838 0.0945946 0.0135135 0.0405405 0.0135135 0.0135135 0.0135135 0.0135135 0.0135135 0.0135135 0.310811 
0.00150602 0.0527108 0.00451807 0.0256024 0.00150602 0.00150602 0.158133 0.00150602 0.00150602 0.00753012 0.00150602 0.00753012 0.236446 0.0195783 0.00150602 0.47741 
0.0669565 0.186957 0.00434783 0.00608696 0.0165217 0.000869565 0.0982609 0.0147826 0.00956522 0.0026087 0.303478 0.00782609 0.256522 0.00434783 0.00608696 0.0147826 
0.0189873 0.0316456 0.00632911 0.00632911 0.0189873 0.00632911 0.120253 0.00632911 0.0696203 0.00632911 0.00632911 0.00632911 0.00632911 0.00632911 0.449367 0.234177 
0.000994036 0.175944 0.0407555 0.0864811 0.00298211 0.000994036 0.368787 0.000994036 0.0765408 0.142147 0.00894632 0.000994036 0.0765408 0.00497018 0.00298211 0.00894632 
0.00806452 0.077957 0.0241935 0.00806452 0.0134409 0.00268817 0.00806452 0.00806452 0.00806452 0.00268817 0.00268817 0.00268817 0.126344 0.0349462 0.00268817 0.669355 
0.00992063 0.131614 0.00462963 0.0522487 0.000661376 0.0125661 0.0800265 0.0416667 0.147487 0.00198413 0.0350529 0.000661376 0.0152116 0.431878 0.0244709 0.00992063 
0.000844595 0.00422297 0.000844595 0.352196 0.00253378 0.00760135 0.058277 0.00591216 0.139358 0.000844595 0.0160473 0.000844595 0.125845 0.0599662 0.217061 0.00760135 
0.000537057 0.127282 0.0349087 0.0746509 0.018797 0.00161117 0.00590763 0.00590763 0.584855 0.00268528 0.0123523 0.0155747 0.1058 0.00161117 0.00698174 0.000537057 
0.00071736 0.017934 0.00071736 0.11693 0.00071736 0.00502152 0.00071736 0.00502152 0.0035868 0.00071736 0.0035868 0.00071736 0.39957 0.441176 0.00215208 0.00071736 
0.00340136 0.0238095 0.0306122 0.227891 0.00340136 0.0578231 0.0102041 0.0306122 0.132653 0.12585 0.0170068 0.00340136 0.166667 0.085034 0.0782313 0.00340136 
0.0192308 0.0192308 0.134615 0.288462 0.0576923 0.0192308 0.0192308 0.0576923 0.0961538 0.0961538 0.0192308 0.0576923 0.0192308 0.0576923 0.0192308 0.0192308 
0.00252101 0.0277311 0.00420168 0.00252101 0.000840336 0.000840336 0.0092437 0.00252101 0.0243697 0.000840336 0.00756303 0.00420168 0.254622 0.563866 0.000840336 0.0932773 
0.00797546 0.156442 0.000613497 0.0128834 0.000613497 0.00552147 0.0263804 0.00797546 0.00920245 0.000613497 0.00184049 0.508589 0.244785 0.00184049 0.0141104 0.000613497 
0.0294118 0.0294118 0.0294118 0.205882 0.323529 0.0294118 0.0294118 0.0294118 0.0882353 0.0294118 0.0294118 0.0294118 0.0294118 0.0294118 0.0294118 0.0294118 
0.0178571 0.0178571 0.0178571 0.160714 0.339286 0.0178571 0.0535714 0.0178571 0.0178571 0.0535714 0.0178571 0.0178571 0.160714 0.0535714 0.0178571 0.0178571 
0.148649 0.0405405 0.0405405 0.0945946 0.337838 0.0135135 0.0135135 0.0405405 0.0405405 0.0135135 0.0945946 0.0405405 0.0135135 0.0135135 0.0135135 0.0405405 
0.00195312 0.0253906 0.115234 0.00976562 0.00195312 0.646484 0.0605469 0.00976562 0.0371094 0.00585938 0.00585938 0.0332031 0.0175781 0.00976562 0.00585938 0.0136719 
0.00574713 0.143678 0.000821018 0.560755 0.00246305 0.0238095 0.0566502 0.000821018 0.043514 0.0123153 0.00246305 0.000821018 0.0353038 0.0155993 0.000821018 0.0944171 
0.0178571 0.0178571 0.0178571 0.0535714 0.0178571 0.0178571 0.0178571 0.0178571 0.0178571 0.0178571 0.553571 0.0535714 0.0178571 0.125 0.0178571 0.0178571 
0.000683995 0.0157319 0.000683995 0.0471956 0.00205198 0.0102599 0.00752394 0.00341997 0.00341997 0.0184679 0.0335157 0.000683995 0.28249 0.532832 0.000683995 0.0403557 
0.0131579 0.0657895 0.0394737 0.0394737 0.0657895 0.223684 0.0394737 0.0657895 0.0131579 0.0131579 0.118421 0.0131579 0.171053 0.0394737 0.0394737 0.0394737 
0.0135135 0.0135135 0.0675676 0.256757 0.0945946 0.0405405 0.0135135 0.0675676 0.0135135 0.0135135 0.0135135 0.0135135 0.0135135 0.202703 0.148649 0.0135135 
0.06 0.02 0.1 0.38 0.1 0.02 0.02 0.06 0.06 0.06 0.02 0.02 0.02 0.02 0.02 0.02 
0.0131579 0.0394737 0.0394737 0.197368 0.223684 0.0131579 0.0131579 0.118421 0.0131579 0.144737 0.0131579 0.0921053 0.0394737 0.0131579 0.0131579 0.0131579 
0.0432692 0.00480769 0.0112179 0.213141 0.00480769 0.00160256 0.00160256 0.00160256 0.00160256 0.514423 0.00160256 0.00160256 0.190705 0.00160256 0.00160256 0.00480769 
0.0566502 0.100985 0.00738916 0.0566502 0.0320197 0.0123153 0.0172414 0.0665025 0.0960591 0.445813 0.00246305 0.00738916 0.091133 0.00246305 0.00246305 0.00246305 
0.0121951 0.109756 0.0121951 0.0609756 0.134146 0.0121951 0.0365854 0.0121951 0.0121951 0.256098 0.0121951 0.0121951 0.231707 0.0121951 0.0609756 0.0121951 
0.678614 0.00271084 0.000903614 0.000301205 0.000301205 0.000301205 0.000301205 0.000301205 0.000301205 0.000301205 0.000301205 0.000903614 0.308133 0.000903614 0.000301205 0.00512048 
0.349057 0.160377 0.0471698 0.0283019 0.00943396 0.00943396 0.00943396 0.0283019 0.00943396 0.179245 0.00943396 0.00943396 0.00943396 0.00943396 0.0283019 0.103774 
0.0708583 0.000998004 0.000998004 0.0808383 0.00898204 0.00499002 0.00299401 0.446108 0.00299401 0.0668663 0.000998004 0.0329341 0.246507 0.00499002 0.000998004 0.0269461 
0.236111 0.0138889 0.0138889 0.0138889 0.0138889 0.0416667 0.0138889 0.263889 0.0416667 0.152778 0.0416667 0.0138889 0.0138889 0.0138889 0.0138889 0.0972222 
0.00111111 0.00777778 0.00777778 0.185556 0.00555556 0.00111111 0.00111111 0.00111111 0.00111111 0.59 0.00333333 0.0122222 0.105556 0.00111111 0.00111111 0.0744444 
0.025 0.025 0.175 0.025 0.175 0.025 0.075 0.025 0.025 0.125 0.025 0.125 0.025 0.025 0.025 0.075 
0.000628931 0.0383648 0.000628931 0.799371 0.000628931 0.000628931 0.0081761 0.000628931 0.0786164 0.000628931 0.00314465 0.00566038 0.0484277 0.000628931 0.0081761 0.00566038 
0.0223881 0.00746269 0.0223881 0.0820896 0.201493 0.0223881 0.00746269 0.00746269 0.00746269 0.320896 0.00746269 0.0223881 0.141791 0.0223881 0.0223881 0.0820896 
0.0185185 0.0185185 0.0555556 0.0555556 0.12963 0.203704 0.0925926 0.0555556 0.0185185 0.0925926 0.0185185 0.12963 0.0185185 0.0555556 0.0185185 0.0185185 
0.0125 0.0125 0.1125 0.2375 0.1375 0.0375 0.0125 0.0125 0.0375 0.1125 0.0125 0.0125 0.0625 0.1625 0.0125 0.0125 
0.0138889 0.125 0.152778 0.0416667 0.0138889 0.0138889 0.0138889 0.0416667 0.0138889 0.0138889 0.0138889 0.180556 0.0416667 0.0138889 0.0138889 0.291667 
0.06 0.02 0.02 0.1 0.02 0.02 0.02 0.06 0.02 0.02 0.02 0.02 0.26 0.02 0.02 0.3 
0.00634058 0.013587 0.462862 0.100543 0.000905797 0.00815217 0.000905797 0.00271739 0.0208333 0.000905797 0.00634058 0.00271739 0.183877 0.00996377 0.000905797 0.178442 
0.125 0.0138889 0.0138889 0.263889 0.0138889 0.0138889 0.0694444 0.0138889 0.0138889 0.0972222 0.208333 0.0138889 0.0138889 0.0138889 0.0416667 0.0694444 
0.0833333 0.0277778 0.0277778 0.194444 0.138889 0.0277778 0.0277778 0.0277778 0.0277778 0.25 0.0277778 0.0277778 0.0277778 0.0277778 0.0277778 0.0277778 
0.0227273 0.113636 0.159091 0.0681818 0.0227273 0.0227273 0.0227273 0.0681818 0.0681818 0.0227273 0.0681818 0.0681818 0.204545 0.0227273 0.0227273 0.0227273 
0.0142857 0.0142857 0.357143 0.242857 0.0142857 0.0142857 0.0142857 0.0142857 0.0142857 0.0142857 0.0428571 0.0142857 0.0428571 0.0142857 0.0142857 0.157143 
0.0862069 0.0862069 0.293103 0.0172414 0.0517241 0.0172414 0.0172414 0.0172414 0.0172414 0.0172414 0.0172414 0.12069 0.0862069 0.0172414 0.0172414 0.12069 
0.0142857 0.0142857 0.3 0.185714 0.1 0.0142857 0.0142857 0.0142857 0.0428571 0.0142857 0.128571 0.0714286 0.0428571 0.0142857 0.0142857 0.0142857 
0.00071736 0.00932568 0.00071736 0.0552367 0.00071736 0.00071736 0.0035868 0.00071736 0.00645624 0.0107604 0.687948 0.00071736 0.218795 0.00215208 0.00071736 0.00071736 
0.00413223 0.0619835 0.0206612 0.442149 0.0123967 0.00413223 0.0123967 0.053719 0.00413223 0.0123967 0.0867769 0.0123967 0.00413223 0.194215 0.00413223 0.0702479 
0.0121951 0.0365854 0.0609756 0.0121951 0.134146 0.0853659 0.0121951 0.0121951 0.0365854 0.0121951 0.0121951 0.0609756 0.0121951 0.0853659 0.0121951 0.402439 
0.148649 0.283784 0.0675676 0.0405405 0.0675676 0.0135135 0.0135135 0.0135135 0.0675676 0.0135135 0.0135135 0.0945946 0.0945946 0.0135135 0.0135135 0.0405405 
0.000822368 0.00904605 0.0106908 0.0764803 0.0222039 0.000822368 0.000822368 0.00575658 0.106086 0.0287829 0.000822368 0.347862 0.35773 0.00411184 0.0172697 0.0106908 
0.0765921 0.00946644 0.0197935 0.431153 0.00946644 0.0387263 0.000860585 0.000860585 0.0524957 0.0662651 0.0370052 0.00430293 0.0593804 0.13167 0.00774527 0.0542169 
0.0034965 0.0524476 0.0034965 0.0804196 0.451049 0.0034965 0.0174825 0.0034965 0.0454545 0.0104895 0.0034965 0.0034965 0.29021 0.0034965 0.0104895 0.0174825 
0.0736364 0.222727 0.00636364 0.395455 0.00454545 0.000909091 0.00272727 0.000909091 0.00272727 0.000909091 0.000909091 0.0245455 0.257273 0.00272727 0.00272727 0.000909091 
0.15 0.05 0.0166667 0.416667 0.05 0.0166667 0.05 0.0166667 0.0833333 0.0166667 0.05 0.0166667 0.0166667 0.0166667 0.0166667 0.0166667 
0.0172414 0.0172414 0.0172414 0.465517 0.0862069 0.12069 0.0172414 0.0172414 0.0172414 0.0517241 0.0172414 0.0172414 0.0172414 0.0172414 0.0172414 0.0862069 
0.131579 0.131579 0.0263158 0.0263158 0.0789474 0.0263158 0.0263158 0.0263158 0.0263158 0.0789474 0.0263158 0.0263158 0.0789474 0.236842 0.0263158 0.0263158 
0.173077 0.0576923 0.0192308 0.0576923 0.25 0.0961538 0.0192308 0.0576923 0.0576923 0.0192308 0.0576923 0.0192308 0.0192308 0.0576923 0.0192308 0.0192308 
0.00268817 0.00268817 0.00806452 0.00268817 0.0277778 0.000896057 0.00268817 0.000896057 0.126344 0.00268817 0.000896057 0.520609 0.28405 0.00268817 0.0134409 0.000896057 
0.0013587 0.0013587 0.00679348 0.705163 0.00407609 0.00407609 0.0013587 0.00679348 0.0747283 0.00679348 0.00407609 0.0013587 0.175272 0.00407609 0.0013587 0.0013587 
0.00225225 0.00225225 0.0337838 0.38964 0.240991 0.00225225 0.00225225 0.0202703 0.272523 0.00225225 0.00225225 0.0157658 0.00225225 0.00225225 0.00225225 0.00675676 
0.0138889 0.0787037 0.0231481 0.282407 0.171296 0.0231481 0.087963 0.00462963 0.0509259 0.00462963 0.00462963 0.0601852 0.00462963 0.0601852 0.0231481 0.106481 
0.000980392 0.0852941 0.000980392 0.0754902 0.00294118 0.0558824 0.0323529 0.000980392 0.0166667 0.448039 0.0539216 0.00294118 0.163725 0.00686275 0.0441176 0.00882353 
0.0293006 0.00094518 0.0141777 0.471645 0.00283554 0.0047259 0.00094518 0.0160681 0.057656 0.00094518 0.00094518 0.0425331 0.259924 0.0879017 0.00850662 0.00094518 
0.114865 0.0743243 0.0202703 0.195946 0.00675676 0.00675676 0.0202703 0.0743243 0.0202703 0.304054 0.0202703 0.0337838 0.00675676 0.00675676 0.0878378 0.00675676 
