0.004184 0.004184 0.991632 
0.008596 0.020057 0.971347 
0.002278 0.011390 0.986333 
0.001616 0.001616 0.996769 
0.003021 0.000432 0.996547 
0.000220 0.000220 0.999560 
0.000184 0.000184 0.999632 
0.000153 0.000153 0.999694 
0.000151 0.000151 0.999697 
0.000148 0.000445 0.999406 
0.000108 0.000541 0.999351 
0.000106 0.000319 0.999575 
0.000104 0.000518 0.999379 
0.043877 0.000824 0.955299 
0.292363 0.000067 0.707570 
0.438060 0.000163 0.561778 
0.442600 0.000269 0.557131 
0.432093 0.000053 0.567853 
0.446853 0.000052 0.553095 
0.571101 0.000040 0.428859 
0.591002 0.000116 0.408881 
0.600910 0.000265 0.398825 
0.661060 0.000293 0.338647 
0.666265 0.000033 0.333702 
0.666204 0.000154 0.333642 
0.676642 0.006233 0.317125 
0.640855 0.079607 0.279538 
0.638045 0.081582 0.280372 
0.615778 0.110676 0.273546 
0.612944 0.112248 0.274808 
0.608403 0.128804 0.262792 
0.581901 0.164130 0.253969 
0.568108 0.188075 0.243817 
0.566024 0.189171 0.244805 
0.563879 0.186713 0.249408 
0.553420 0.208476 0.238104 
0.552994 0.211909 0.235097 
0.554196 0.213354 0.232450 
0.527579 0.245713 0.226708 
0.488512 0.292581 0.218907 
0.495171 0.295296 0.209533 
0.478476 0.309909 0.211615 
0.483674 0.310092 0.206234 
0.453854 0.352759 0.193388 
0.450697 0.352308 0.196995 
0.437873 0.369675 0.192452 
0.418504 0.397686 0.183810 
0.408040 0.412472 0.179488 
