0.012552 0.004184 0.983264 
0.002865 0.002865 0.994269 
0.002278 0.002278 0.995444 
0.001616 0.001616 0.996769 
0.000432 0.001295 0.998274 
0.001100 0.000220 0.998680 
0.000552 0.000184 0.999263 
0.000153 0.000153 0.999694 
0.000151 0.000151 0.999697 
0.000148 0.000148 0.999703 
0.000757 0.000757 0.998486 
0.002230 0.000319 0.997451 
0.000104 0.000104 0.999793 
0.037098 0.000458 0.962444 
0.277582 0.000333 0.722085 
0.431982 0.000054 0.567964 
0.439484 0.000054 0.560462 
0.441486 0.000053 0.558461 
0.453852 0.000052 0.546096 
0.578664 0.000121 0.421216 
0.586589 0.000194 0.413218 
0.592344 0.000038 0.407618 
0.659759 0.000033 0.340209 
0.661320 0.000033 0.338647 
0.674967 0.000154 0.324879 
0.682432 0.000030 0.317539 
0.682630 0.033860 0.283509 
0.680488 0.033431 0.286080 
0.662756 0.068228 0.269016 
0.655585 0.073962 0.270453 
0.647444 0.084704 0.267852 
0.623337 0.128025 0.248638 
0.601400 0.155596 0.243004 
0.601760 0.156097 0.242143 
0.603768 0.155973 0.240259 
0.589867 0.174066 0.236067 
0.580119 0.187321 0.232560 
0.579104 0.185606 0.235290 
0.549132 0.216850 0.234018 
0.517608 0.274010 0.208382 
0.511878 0.279005 0.209117 
0.503577 0.288283 0.208140 
0.496647 0.296899 0.206454 
0.466427 0.340487 0.193086 
0.470843 0.336948 0.192209 
0.457441 0.351959 0.190599 
0.433080 0.387523 0.179396 
0.419701 0.404578 0.175721 
