0.000171939 0.00704952 0.000171939 0.180708 0.000171939 0.000171939 0.000171939 0.352648 0.000171939 0.00704952 0.0139271 0.000171939 0.000171939 0.0104883 0.426582 0.000171939 
0.00157233 0.00157233 0.0172956 0.00157233 0.00157233 0.0172956 0.00157233 0.00157233 0.441824 0.143082 0.00157233 0.00157233 0.00157233 0.0801887 0.00157233 0.284591 
0.0010142 0.0010142 0.0010142 0.0212982 0.0010142 0.0010142 0.0010142 0.0212982 0.396552 0.528398 0.0010142 0.0010142 0.0212982 0.0010142 0.0010142 0.0010142 
0.00316456 0.00316456 0.00316456 0.00316456 0.00316456 0.00316456 0.00316456 0.00316456 0.00316456 0.00316456 0.00316456 0.00316456 0.256329 0.129747 0.00316456 0.572785 
0.00102459 0.123975 0.0317623 0.0522541 0.0215164 0.00102459 0.00102459 0.00102459 0.00102459 0.11373 0.00102459 0.0932377 0.308402 0.226434 0.0215164 0.00102459 
0.209845 0.00259067 0.00259067 0.339378 0.00259067 0.0284974 0.00259067 0.00259067 0.00259067 0.00259067 0.00259067 0.0803109 0.0803109 0.235751 0.00259067 0.00259067 
0.000167616 0.00687228 0.187898 0.127556 0.0420717 0.000167616 0.000167616 0.00351995 0.000167616 0.0303386 0.000167616 0.000167616 0.0152531 0.328696 0.234831 0.0219578 
0.00020016 0.0522418 0.0182146 0.0602482 0.154323 0.00620496 0.00020016 0.00220176 0.00020016 0.00020016 0.0142114 0.00020016 0.0242194 0.268415 0.27442 0.124299 
0.000138966 0.000138966 0.000138966 0.000138966 0.000138966 0.00708727 0.000138966 0.321151 0.000138966 0.0473874 0.0154252 0.000138966 0.00430795 0.343385 0.24333 0.0168149 
0.00137741 0.00137741 0.0289256 0.00137741 0.00137741 0.00137741 0.00137741 0.00137741 0.00137741 0.263085 0.00137741 0.0151515 0.00137741 0.27686 0.00137741 0.400826 
0.0158046 0.0732759 0.00143678 0.00143678 0.00143678 0.00143678 0.00143678 0.00143678 0.116379 0.00143678 0.00143678 0.00143678 0.676724 0.0301724 0.0732759 0.00143678 
0.000238892 0.000238892 0.000238892 0.052795 0.00740564 0.000238892 0.000238892 0.000238892 0.210463 0.00501672 0.000238892 0.000238892 0.21763 0.0551839 0.353798 0.0957955 
0.000994036 0.000994036 0.000994036 0.000994036 0.0109344 0.000994036 0.0208748 0.100398 0.199801 0.000994036 0.0506958 0.000994036 0.478131 0.0208748 0.110338 0.000994036 
0.0060241 0.0060241 0.0060241 0.0060241 0.0060241 0.0060241 0.0060241 0.0060241 0.0060241 0.186747 0.0060241 0.0060241 0.0060241 0.0060241 0.0060241 0.728916 
0.0015139 0.00564272 0.00564272 0.00426645 0.289155 0.000137627 0.0139004 0.0015139 0.000137627 0.000137627 0.000137627 0.0194055 0.0648225 0.000137627 0.417148 0.176301 
0.00115473 0.00115473 0.00115473 0.451501 0.0127021 0.0127021 0.00115473 0.0819861 0.312933 0.00115473 0.00115473 0.00115473 0.0588915 0.0588915 0.00115473 0.00115473 
0.000317864 0.0034965 0.000317864 0.0638907 0.000317864 0.000317864 0.000317864 0.000317864 0.550223 0.00985378 0.00985378 0.000317864 0.0988557 0.0034965 0.257788 0.000317864 
0.000618812 0.000618812 0.012995 0.409035 0.000618812 0.000618812 0.000618812 0.00680693 0.000618812 0.000618812 0.000618812 0.000618812 0.409035 0.0872525 0.0686881 0.000618812 
0.000379363 0.0421093 0.000379363 0.000379363 0.000379363 0.000379363 0.000379363 0.000379363 0.466995 0.0307284 0.000379363 0.000379363 0.171093 0.00796662 0.265933 0.0117602 
0.00121065 0.00121065 0.00121065 0.00121065 0.00121065 0.00121065 0.00121065 0.00121065 0.00121065 0.00121065 0.606538 0.00121065 0.00121065 0.0133172 0.364407 0.00121065 
0.00265957 0.00265957 0.00265957 0.00265957 0.00265957 0.00265957 0.00265957 0.00265957 0.507979 0.00265957 0.00265957 0.00265957 0.375 0.00265957 0.00265957 0.0824468 
0.00127226 0.00127226 0.00127226 0.115776 0.00127226 0.00127226 0.00127226 0.00127226 0.28117 0.00127226 0.00127226 0.00127226 0.548346 0.00127226 0.0394402 0.00127226 
0.191576 0.0285326 0.0013587 0.0149457 0.0013587 0.0964674 0.0013587 0.0013587 0.0013587 0.191576 0.0149457 0.0013587 0.449728 0.0013587 0.0013587 0.0013587 
0.184073 0.00130548 0.00130548 0.00130548 0.00130548 0.197128 0.00130548 0.0143603 0.04047 0.184073 0.00130548 0.00130548 0.366841 0.00130548 0.00130548 0.00130548 
0.000180636 0.00198699 0.000180636 0.0615968 0.000180636 0.0146315 0.000180636 0.000180636 0.0182442 0.0597905 0.000180636 0.000180636 0.509574 0.0308887 0.292811 0.00921243 
0.00193798 0.00193798 0.0213178 0.00193798 0.176357 0.00193798 0.0213178 0.00193798 0.00193798 0.00193798 0.00193798 0.0213178 0.00193798 0.680233 0.0600775 0.00193798 
0.000150921 0.258225 0.000150921 0.167673 0.000150921 0.000150921 0.022789 0.000150921 0.00467854 0.146544 0.000150921 0.000150921 0.00166013 0.000150921 0.332176 0.0650468 
0.0445026 0.0008726 0.0008726 0.236475 0.0008726 0.0095986 0.0008726 0.0532286 0.428447 0.123037 0.0008726 0.0008726 0.0968586 0.0008726 0.0008726 0.0008726 
0.000771605 0.000771605 0.000771605 0.363426 0.301698 0.000771605 0.0239198 0.000771605 0.000771605 0.000771605 0.193673 0.000771605 0.070216 0.0393519 0.000771605 0.000771605 
0.00337838 0.00337838 0.00337838 0.273649 0.0709459 0.00337838 0.00337838 0.00337838 0.408784 0.0709459 0.00337838 0.00337838 0.138514 0.00337838 0.00337838 0.00337838 
0.00145773 0.00145773 0.074344 0.00145773 0.00145773 0.00145773 0.00145773 0.234694 0.599125 0.0306122 0.0306122 0.00145773 0.00145773 0.00145773 0.016035 0.00145773 
0.0114196 0.000223914 0.000223914 0.000223914 0.000223914 0.000223914 0.132333 0.00470219 0.000223914 0.000223914 0.000223914 0.50403 0.000223914 0.000223914 0.345052 0.000223914 
0.247359 0.000880282 0.000880282 0.000880282 0.000880282 0.000880282 0.0272887 0.000880282 0.414613 0.000880282 0.0096831 0.000880282 0.000880282 0.185739 0.106514 0.000880282 
0.000180963 0.000180963 0.000180963 0.000180963 0.000180963 0.000180963 0.00199059 0.00199059 0.548498 0.0816142 0.0255157 0.00199059 0.000180963 0.000180963 0.226384 0.110568 
0.000422654 0.000422654 0.000422654 0.000422654 0.000422654 0.000422654 0.00887574 0.000422654 0.152578 0.000422654 0.000422654 0.000422654 0.672443 0.000422654 0.161031 0.000422654 
0.569971 0.00145773 0.0889213 0.00145773 0.0597668 0.00145773 0.00145773 0.00145773 0.00145773 0.00145773 0.016035 0.00145773 0.00145773 0.190962 0.0597668 0.00145773 
0.00162338 0.00162338 0.00162338 0.11526 0.00162338 0.00162338 0.0178571 0.00162338 0.228896 0.00162338 0.147727 0.00162338 0.180195 0.0340909 0.261364 0.00162338 
0.100618 0.000257334 0.000257334 0.00797735 0.00540401 0.000257334 0.0414308 0.000257334 0.471179 0.0465775 0.000257334 0.0414308 0.154658 0.000257334 0.128924 0.000257334 
0.00668188 0.000162973 0.000162973 0.000162973 0.000162973 0.000162973 0.00342243 0.277216 0.0751304 0.168025 0.029498 0.000162973 0.000162973 0.244622 0.0409061 0.153357 
0.00862069 0.00862069 0.00862069 0.00862069 0.0948276 0.00862069 0.00862069 0.0948276 0.00862069 0.00862069 0.00862069 0.00862069 0.698276 0.00862069 0.00862069 0.00862069 
0.00118203 0.0130024 0.00118203 0.27305 0.00118203 0.00118203 0.0130024 0.00118203 0.0248227 0.00118203 0.036643 0.00118203 0.261229 0.00118203 0.367612 0.00118203 
0.00793651 0.000721501 0.000721501 0.209957 0.000721501 0.000721501 0.000721501 0.000721501 0.000721501 0.000721501 0.000721501 0.000721501 0.613997 0.000721501 0.152237 0.00793651 
0.00485437 0.00485437 0.101942 0.0533981 0.00485437 0.00485437 0.00485437 0.00485437 0.150485 0.00485437 0.101942 0.00485437 0.393204 0.00485437 0.00485437 0.150485 
0.0034965 0.0034965 0.0384615 0.248252 0.0034965 0.0034965 0.0034965 0.0034965 0.632867 0.0384615 0.0034965 0.0034965 0.0034965 0.0034965 0.0034965 0.0034965 
0.000508647 0.000508647 0.00559512 0.117497 0.000508647 0.000508647 0.000508647 0.000508647 0.00559512 0.366734 0.000508647 0.000508647 0.458291 0.0412004 0.000508647 0.000508647 
0.11597 0.00190114 0.00190114 0.420152 0.00190114 0.039924 0.00190114 0.0209125 0.363118 0.00190114 0.00190114 0.00190114 0.00190114 0.00190114 0.00190114 0.0209125 
0.618184 0.00382433 0.000123365 0.000123365 0.000123365 0.000123365 0.000123365 0.000123365 0.213546 0.040834 0.0433013 0.0358993 0.000123365 0.0433013 0.000123365 0.000123365 
0.000104866 0.000104866 0.000104866 0.0168834 0.000104866 0.000104866 0.00534815 0.000104866 0.000104866 0.0399539 0.000104866 0.00115352 0.499266 0.0923867 0.305264 0.0389052 
0.00280899 0.00280899 0.00280899 0.0589888 0.0870787 0.00280899 0.705056 0.00280899 0.00280899 0.00280899 0.00280899 0.0308989 0.00280899 0.00280899 0.00280899 0.0870787 
0.026255 0.000288517 0.000288517 0.000288517 0.0175995 0.000288517 0.000288517 0.000288517 0.000288517 0.000288517 0.000288517 0.000288517 0.61483 0.000288517 0.332083 0.00605886 
0.754057 0.000169033 0.000169033 0.000169033 0.0035497 0.000169033 0.000169033 0.000169033 0.000169033 0.000169033 0.000169033 0.000169033 0.0035497 0.035666 0.201318 0.000169033 
0.000133761 0.000133761 0.000133761 0.0482879 0.000133761 0.000133761 0.000133761 0.000133761 0.00949706 0.140583 0.000133761 0.000133761 0.000133761 0.00682183 0.127207 0.666265 
0.000160102 0.00176113 0.000160102 0.000160102 0.056196 0.000160102 0.000160102 0.000160102 0.00176113 0.00336215 0.0850144 0.000160102 0.579731 0.000160102 0.270733 0.000160102 
0.00485437 0.00485437 0.00485437 0.00485437 0.00485437 0.00485437 0.0533981 0.00485437 0.684466 0.00485437 0.00485437 0.00485437 0.199029 0.00485437 0.00485437 0.00485437 
0.606481 0.00462963 0.00462963 0.00462963 0.143519 0.0972222 0.00462963 0.00462963 0.0509259 0.0509259 0.00462963 0.00462963 0.00462963 0.00462963 0.00462963 0.00462963 
0.000829187 0.000829187 0.000829187 0.000829187 0.000829187 0.000829187 0.000829187 0.000829187 0.000829187 0.216418 0.000829187 0.000829187 0.747098 0.000829187 0.000829187 0.0257048 
0.000194704 0.000194704 0.000194704 0.0508178 0.000194704 0.000194704 0.000194704 0.000194704 0.578466 0.000194704 0.000194704 0.000194704 0.000194704 0.000194704 0.303933 0.064447 
0.000441306 0.000441306 0.000441306 0.000441306 0.000441306 0.00485437 0.441748 0.000441306 0.000441306 0.000441306 0.000441306 0.000441306 0.0533981 0.0136805 0.481465 0.000441306 
0.00350819 0.000167056 0.000167056 0.000167056 0.000167056 0.000167056 0.000167056 0.000167056 0.339292 0.0552957 0.00684932 0.0135316 0.130471 0.0168727 0.252422 0.180588 
0.00337838 0.00337838 0.00337838 0.00337838 0.00337838 0.00337838 0.00337838 0.00337838 0.239865 0.00337838 0.00337838 0.00337838 0.712838 0.00337838 0.00337838 0.00337838 
0.0413534 0.191729 0.0037594 0.0037594 0.0037594 0.0037594 0.492481 0.0037594 0.0037594 0.0037594 0.0037594 0.0037594 0.229323 0.0037594 0.0037594 0.0037594 
0.166667 0.00537634 0.00537634 0.00537634 0.00537634 0.00537634 0.00537634 0.00537634 0.758065 0.00537634 0.00537634 0.00537634 0.00537634 0.00537634 0.00537634 0.00537634 
0.000137061 0.000137061 0.000137061 0.000137061 0.000137061 0.000137061 0.000137061 0.323602 0.0261787 0.0947094 0.0796327 0.00836075 0.222177 0.017955 0.226288 0.000137061 
0.0734266 0.0034965 0.0734266 0.0034965 0.0034965 0.0034965 0.0384615 0.0034965 0.0034965 0.0034965 0.0034965 0.0034965 0.0734266 0.388112 0.0034965 0.318182 
0.0105163 0.0200765 0.0105163 0.0105163 0.0105163 0.000956023 0.000956023 0.000956023 0.0965583 0.134799 0.000956023 0.0200765 0.469407 0.000956023 0.115679 0.0965583 
0.0695067 0.00224215 0.00224215 0.00224215 0.00224215 0.00224215 0.00224215 0.00224215 0.40583 0.00224215 0.00224215 0.0695067 0.181614 0.00224215 0.00224215 0.248879 
0.00297619 0.00297619 0.00297619 0.00297619 0.0625 0.00297619 0.00297619 0.00297619 0.479167 0.0922619 0.00297619 0.00297619 0.00297619 0.00297619 0.00297619 0.330357 
0.0407855 0.000503525 0.000503525 0.000503525 0.000503525 0.000503525 0.000503525 0.000503525 0.710473 0.0156093 0.000503525 0.000503525 0.000503525 0.000503525 0.222054 0.00553877 
0.00167785 0.00167785 0.00167785 0.00167785 0.00167785 0.00167785 0.0520134 0.00167785 0.00167785 0.00167785 0.00167785 0.135906 0.588926 0.00167785 0.20302 0.00167785 
0.00055991 0.00055991 0.00615901 0.00615901 0.00055991 0.0285554 0.146137 0.00055991 0.00055991 0.162934 0.0117581 0.00615901 0.0397536 0.00055991 0.213326 0.3757 
0.00442478 0.00442478 0.00442478 0.00442478 0.00442478 0.00442478 0.00442478 0.00442478 0.225664 0.00442478 0.00442478 0.0486726 0.446903 0.00442478 0.00442478 0.225664 
0.00306748 0.00306748 0.00306748 0.00306748 0.187117 0.00306748 0.340491 0.00306748 0.00306748 0.095092 0.0337423 0.00306748 0.187117 0.00306748 0.125767 0.00306748 
0.000144383 0.000144383 0.000144383 0.000144383 0.000144383 0.000144383 0.000144383 0.0246896 0.000144383 0.0405718 0.00303205 0.000144383 0.583454 0.000144383 0.346665 0.000144383 
0.00510204 0.107143 0.00510204 0.00510204 0.0561224 0.00510204 0.00510204 0.00510204 0.00510204 0.00510204 0.0561224 0.00510204 0.311224 0.413265 0.00510204 0.00510204 
0.0774228 0.00193118 0.0335323 0.000175562 0.000175562 0.000175562 0.39519 0.000175562 0.0142205 0.000175562 0.00719803 0.000175562 0.0107093 0.0036868 0.391678 0.0633778 
0.103158 0.00188809 0.000171644 0.0774116 0.000171644 0.000171644 0.000171644 0.0121867 0.34346 0.0482321 0.000171644 0.000171644 0.000171644 0.00360453 0.0894267 0.31943 
0.00406504 0.207317 0.00406504 0.00406504 0.735772 0.00406504 0.00406504 0.00406504 0.00406504 0.00406504 0.00406504 0.00406504 0.00406504 0.00406504 0.00406504 0.00406504 
0.576749 0.294582 0.00112867 0.00112867 0.0575621 0.00112867 0.00112867 0.00112867 0.00112867 0.00112867 0.0124153 0.0462754 0.00112867 0.00112867 0.00112867 0.00112867 
0.00234742 0.0258216 0.00234742 0.00234742 0.284038 0.00234742 0.119718 0.00234742 0.00234742 0.00234742 0.00234742 0.00234742 0.518779 0.0258216 0.00234742 0.00234742 
0.00316456 0.446203 0.129747 0.00316456 0.00316456 0.00316456 0.00316456 0.00316456 0.00316456 0.00316456 0.00316456 0.00316456 0.382911 0.00316456 0.00316456 0.00316456 
0.00246305 0.00246305 0.00246305 0.00246305 0.0270936 0.00246305 0.273399 0.00246305 0.00246305 0.00246305 0.00246305 0.00246305 0.00246305 0.00246305 0.00246305 0.667488 
0.000516529 0.000516529 0.000516529 0.393079 0.000516529 0.000516529 0.0470041 0.000516529 0.0625 0.0315083 0.243285 0.000516529 0.000516529 0.201963 0.0108471 0.00568182 
0.00510204 0.00510204 0.260204 0.00510204 0.00510204 0.00510204 0.158163 0.00510204 0.158163 0.00510204 0.00510204 0.00510204 0.00510204 0.00510204 0.158163 0.209184 
0.00326797 0.00326797 0.00326797 0.00326797 0.00326797 0.00326797 0.0359477 0.0359477 0.0359477 0.00326797 0.199346 0.00326797 0.558824 0.00326797 0.101307 0.00326797 
0.0270936 0.00246305 0.00246305 0.00246305 0.0270936 0.00246305 0.00246305 0.00246305 0.00246305 0.347291 0.00246305 0.00246305 0.00246305 0.174877 0.396552 0.00246305 
0.426843 0.000576037 0.000576037 0.0581797 0.000576037 0.0293779 0.000576037 0.000576037 0.421083 0.000576037 0.000576037 0.000576037 0.000576037 0.0581797 0.000576037 0.000576037 
0.00229358 0.00229358 0.483945 0.208716 0.00229358 0.00229358 0.00229358 0.00229358 0.00229358 0.00229358 0.00229358 0.00229358 0.231651 0.0481651 0.00229358 0.00229358 
0.00362319 0.00362319 0.00362319 0.0398551 0.112319 0.00362319 0.184783 0.00362319 0.148551 0.00362319 0.00362319 0.00362319 0.00362319 0.293478 0.00362319 0.184783 
0.000144383 0.000144383 0.000144383 0.000144383 0.00591972 0.000144383 0.000144383 0.000144383 0.000144383 0.000144383 0.554577 0.000144383 0.000144383 0.000144383 0.205169 0.232602 
0.00725594 0.000659631 0.000659631 0.000659631 0.000659631 0.000659631 0.000659631 0.000659631 0.970317 0.000659631 0.000659631 0.000659631 0.000659631 0.00725594 0.00725594 0.000659631 
0.00423729 0.00423729 0.00423729 0.00423729 0.00423729 0.00423729 0.00423729 0.00423729 0.427966 0.0889831 0.00423729 0.00423729 0.216102 0.173729 0.0466102 0.00423729 
0.0523156 0.000857633 0.000857633 0.155232 0.146655 0.000857633 0.146655 0.000857633 0.103774 0.0180103 0.000857633 0.000857633 0.000857633 0.215266 0.000857633 0.155232 
0.00462963 0.00462963 0.00462963 0.00462963 0.0509259 0.00462963 0.00462963 0.00462963 0.652778 0.00462963 0.00462963 0.00462963 0.0972222 0.00462963 0.143519 0.00462963 
0.000174642 0.000174642 0.000174642 0.0193853 0.000174642 0.000174642 0.0560601 0.0403423 0.000174642 0.000174642 0.0176388 0.000174642 0.501397 0.0193853 0.291827 0.0525672 
0.852941 0.00326797 0.00326797 0.00326797 0.00326797 0.00326797 0.00326797 0.00326797 0.0686275 0.00326797 0.00326797 0.0359477 0.00326797 0.00326797 0.00326797 0.00326797 
0.00234742 0.00234742 0.00234742 0.401408 0.00234742 0.0492958 0.00234742 0.00234742 0.00234742 0.00234742 0.0492958 0.00234742 0.448357 0.00234742 0.00234742 0.0258216 
0.000686813 0.000686813 0.000686813 0.000686813 0.000686813 0.000686813 0.00755495 0.000686813 0.948489 0.0281593 0.000686813 0.000686813 0.00755495 0.000686813 0.000686813 0.000686813 
0.0010581 9.61908e-05 0.00202001 0.0318392 9.61908e-05 9.61908e-05 0.0260677 9.61908e-05 0.51087 0.215564 0.00202001 9.61908e-05 0.0164486 9.61908e-05 0.19344 9.61908e-05 
0.000178063 0.000178063 0.000178063 0.00373932 0.000178063 0.000178063 0.000178063 0.000178063 0.000178063 0.112358 0.536147 0.000178063 0.000178063 0.000178063 0.34562 0.000178063 
0.000373692 0.000373692 0.000373692 0.0526906 0.000373692 0.000373692 0.00411061 0.000373692 0.407698 0.0900598 0.00411061 0.000373692 0.00411061 0.355381 0.078849 0.000373692 
0.11152 0.00122549 0.0134804 0.160539 0.00122549 0.00122549 0.0379902 0.00122549 0.00122549 0.00122549 0.0625 0.00122549 0.307598 0.283088 0.0134804 0.00122549 
0.00406504 0.00406504 0.00406504 0.00406504 0.00406504 0.00406504 0.126016 0.0447154 0.00406504 0.00406504 0.00406504 0.00406504 0.776423 0.00406504 0.00406504 0.00406504 
0.00316456 0.00316456 0.00316456 0.129747 0.00316456 0.00316456 0.00316456 0.00316456 0.794304 0.00316456 0.00316456 0.00316456 0.00316456 0.0348101 0.00316456 0.00316456 
0.000154178 0.000154178 0.000154178 0.000154178 0.000154178 0.00632131 0.00323774 0.0942029 0.444187 0.104995 0.0217391 0.000154178 0.0201973 0.0417823 0.00169596 0.260715 
0.0492958 0.00234742 0.00234742 0.00234742 0.00234742 0.00234742 0.00234742 0.0962441 0.00234742 0.00234742 0.00234742 0.0258216 0.401408 0.07277 0.00234742 0.330986 
0.000566251 0.000566251 0.000566251 0.176104 0.000566251 0.000566251 0.000566251 0.000566251 0.351642 0.147792 0.0628539 0.000566251 0.255379 0.000566251 0.000566251 0.000566251 
0.00059312 0.0124555 0.00059312 0.00059312 0.00652432 0.00059312 0.00059312 0.00059312 0.0954923 0.00059312 0.00059312 0.160735 0.101423 0.617438 0.00059312 0.00059312 
0.00297619 0.00297619 0.00297619 0.00297619 0.00297619 0.00297619 0.00297619 0.122024 0.00297619 0.00297619 0.00297619 0.00297619 0.122024 0.0327381 0.00297619 0.6875 
0.000176491 0.000176491 0.00370632 0.000176491 0.000176491 0.000176491 0.000176491 0.508472 0.000176491 0.0442993 0.00547123 0.000176491 0.000176491 0.100777 0.120191 0.215496 
0.00306748 0.187117 0.00306748 0.0644172 0.00306748 0.00306748 0.00306748 0.00306748 0.00306748 0.00306748 0.00306748 0.00306748 0.708589 0.00306748 0.00306748 0.00306748 
0.00121065 0.00121065 0.00121065 0.00121065 0.00121065 0.00121065 0.00121065 0.00121065 0.497579 0.00121065 0.00121065 0.00121065 0.461259 0.00121065 0.0254237 0.00121065 
0.0423848 0.000175871 0.00193458 0.0511783 0.00193458 0.000175871 0.000175871 0.000175871 0.000175871 0.000175871 0.307949 0.000175871 0.000175871 0.251671 0.237601 0.10394 
0.00337838 0.206081 0.00337838 0.00337838 0.00337838 0.0371622 0.00337838 0.00337838 0.00337838 0.00337838 0.307432 0.00337838 0.00337838 0.0371622 0.341216 0.0371622 
0.000802568 0.000802568 0.0168539 0.000802568 0.000802568 0.000802568 0.0810594 0.00882825 0.000802568 0.153291 0.000802568 0.000802568 0.000802568 0.153291 0.0569823 0.522472 
0.000252143 0.000252143 0.000252143 0.355774 0.000252143 0.000252143 0.000252143 0.00781644 0.204488 0.0103379 0.000252143 0.0834594 0.0103379 0.000252143 0.325517 0.000252143 
0.304907 0.00116822 0.00116822 0.00116822 0.00116822 0.00116822 0.00116822 0.00116822 0.00116822 0.00116822 0.00116822 0.00116822 0.515187 0.00116822 0.16472 0.00116822 
0.00362319 0.00362319 0.00362319 0.00362319 0.00362319 0.00362319 0.00362319 0.076087 0.00362319 0.583333 0.00362319 0.00362319 0.293478 0.00362319 0.00362319 0.00362319 
0.0299607 0.000491159 0.000491159 0.000491159 0.000491159 0.000491159 0.00540275 0.000491159 0.00540275 0.000491159 0.000491159 0.717583 0.000491159 0.236248 0.000491159 0.000491159 
0.000622665 0.000622665 0.0628892 0.000622665 0.0504359 0.100249 0.000622665 0.000622665 0.106476 0.199875 0.0940224 0.000622665 0.349315 0.0317559 0.000622665 0.000622665 
0.00462963 0.00462963 0.0509259 0.282407 0.00462963 0.00462963 0.00462963 0.00462963 0.282407 0.0972222 0.00462963 0.143519 0.00462963 0.00462963 0.0972222 0.00462963 
0.00083612 0.00083612 0.00083612 0.16806 0.00083612 0.00083612 0.00083612 0.00083612 0.00083612 0.00083612 0.00083612 0.00083612 0.393813 0.00083612 0.201505 0.226589 
0.0015015 0.0015015 0.0165165 0.0015015 0.0015015 0.0015015 0.0015015 0.0465465 0.0015015 0.0015015 0.0015015 0.0015015 0.0315315 0.872372 0.0015015 0.0165165 
0.000215239 0.000215239 0.000215239 0.0411106 0.000215239 0.000215239 0.000215239 0.660999 0.000215239 0.0260439 0.000215239 0.000215239 0.000215239 0.000215239 0.269264 0.000215239 
0.00190114 0.00190114 0.0209125 0.0209125 0.0209125 0.00190114 0.00190114 0.00190114 0.287072 0.0969582 0.00190114 0.00190114 0.173004 0.00190114 0.00190114 0.363118 
0.0866797 0.111166 0.000163239 0.000163239 0.000163239 0.0115899 0.0475024 0.000163239 0.000163239 0.0997388 0.44254 0.000163239 0.000163239 0.054032 0.145446 0.000163239 
0.00283067 0.000257334 0.000257334 0.000257334 0.000257334 0.000257334 0.396552 0.000257334 0.0105507 0.000257334 0.000257334 0.000257334 0.121204 0.000257334 0.466032 0.000257334 
0.000221435 0.00465013 0.000221435 0.0843667 0.00465013 0.000221435 0.029008 0.000221435 0.128654 0.000221435 0.000221435 0.00243578 0.000221435 0.480735 0.172941 0.0910097 
0.00251316 0.000119674 0.000119674 0.0120871 0.000119674 0.0228578 0.000119674 0.000119674 0.369914 0.31606 0.000119674 0.00131642 0.0228578 0.0348253 0.135352 0.0814983 
0.000109697 0.000109697 0.000109697 0.000109697 0.000109697 0.000109697 0.000109697 0.000109697 0.375274 0.0220491 0.000109697 0.000109697 0.000109697 0.121874 0.348947 0.130649 
0.00882013 0.000144592 0.000144592 0.000144592 0.000144592 0.000144592 0.000144592 0.0608733 0.365963 0.000144592 0.0189416 0.000144592 0.000144592 0.066657 0.231492 0.245951 
0.00121065 0.00121065 0.00121065 0.0254237 0.00121065 0.00121065 0.00121065 0.558111 0.00121065 0.00121065 0.00121065 0.00121065 0.00121065 0.400726 0.00121065 0.00121065 
0.000165673 0.000165673 0.000165673 0.0747184 0.000165673 0.000165673 0.000165673 0.000165673 0.591617 0.000165673 0.000165673 0.00347913 0.000165673 0.0846587 0.243704 0.000165673 
0.0310676 0.0276347 0.0276347 0.000171644 0.000171644 0.000171644 0.000171644 0.000171644 0.000171644 0.0104703 0.000171644 0.000171644 0.667868 0.123756 0.110024 0.000171644 
0.802989 0.0013587 0.0013587 0.0013587 0.123641 0.0013587 0.0285326 0.0149457 0.0013587 0.0013587 0.0013587 0.0013587 0.0149457 0.0013587 0.0013587 0.0013587 
0.000912409 0.000912409 0.000912409 0.219891 0.000912409 0.000912409 0.000912409 0.0191606 0.429745 0.0100365 0.0191606 0.000912409 0.192518 0.0282847 0.064781 0.0100365 
0.000138007 0.0111786 0.000138007 0.000138007 0.000138007 0.00151808 0.000138007 0.327215 0.000138007 0.138145 0.000138007 0.000138007 0.0650014 0.160226 0.208529 0.0870825 
0.000121418 0.00619233 0.000121418 0.0802574 0.000121418 0.000121418 0.000121418 0.256314 0.000121418 0.0486887 0.000121418 0.000121418 0.000121418 0.268456 0.338878 0.000121418 
0.000191718 0.000191718 0.00786043 0.099885 0.000191718 0.000191718 0.0021089 0.00402607 0.337615 0.000191718 0.000191718 0.000191718 0.128643 0.000191718 0.391296 0.0270322 
0.0670468 0.242037 0.0021628 0.00806134 0.000196618 0.00609516 0.0198584 0.000196618 0.000196618 0.0709792 0.047385 0.00412898 0.0454188 0.112269 0.293158 0.0808101 
0.000192456 0.000192456 0.00211701 0.00596613 0.000192456 0.000192456 0.0175135 0.26963 0.000192456 0.036759 0.000192456 0.000192456 0.000192456 0.067552 0.31582 0.283102 
0.152268 0.00107991 0.00107991 0.0658747 0.00107991 0.00107991 0.00107991 0.00107991 0.638229 0.109071 0.00107991 0.00107991 0.00107991 0.00107991 0.00107991 0.0226782 
0.000701262 0.000701262 0.042777 0.000701262 0.00771388 0.000701262 0.000701262 0.000701262 0.6669 0.000701262 0.00771388 0.000701262 0.000701262 0.000701262 0.23913 0.0287518 
0.742232 0.0289548 0.0289548 0.120763 0.0218927 0.000706215 0.000706215 0.0289548 0.000706215 0.000706215 0.000706215 0.0218927 0.000706215 0.000706215 0.000706215 0.000706215 
0.000215703 0.000215703 0.000215703 0.00452977 0.00452977 0.0325712 0.017472 0.00452977 0.000215703 0.213762 0.481234 0.0347282 0.0347282 0.0110009 0.159836 0.000215703 
0.000137627 0.000137627 0.000137627 0.000137627 0.000137627 0.000137627 0.000137627 0.000137627 0.000137627 0.140517 0.0304156 0.000137627 0.000137627 0.000137627 0.644233 0.183182 
0.0711526 0.00676111 0.0132003 0.000321958 0.000321958 0.00354153 0.000321958 0.000321958 0.689311 0.0614939 0.000321958 0.000321958 0.000321958 0.000321958 0.0743722 0.0775918 
0.0589888 0.00280899 0.00280899 0.00280899 0.00280899 0.00280899 0.00280899 0.0870787 0.00280899 0.0308989 0.00280899 0.143258 0.508427 0.00280899 0.143258 0.00280899 
0.154135 0.0037594 0.0037594 0.0413534 0.0037594 0.0037594 0.0037594 0.0037594 0.229323 0.0037594 0.0037594 0.0037594 0.116541 0.0037594 0.0037594 0.417293 
0.0879828 0.00214592 0.00214592 0.00214592 0.00214592 0.00214592 0.388412 0.00214592 0.00214592 0.324034 0.0665236 0.00214592 0.0236052 0.0879828 0.00214592 0.00214592 
0.000165673 0.000165673 0.000165673 0.000165673 0.000165673 0.000165673 0.000165673 0.419317 0.00347913 0.107853 0.000165673 0.000165673 0.000165673 0.121107 0.187376 0.159211 
0.000142328 0.000142328 0.000142328 0.000142328 0.000142328 0.000142328 0.000142328 0.000142328 0.000142328 0.000142328 0.000142328 0.000142328 0.00583547 0.000142328 0.992172 0.000142328 
0.000130276 0.000130276 0.00403856 0.0183689 0.000130276 0.000130276 0.000130276 0.000130276 0.000130276 0.139526 0.00403856 0.000130276 0.488666 0.0639656 0.100443 0.179911 
0.000160359 0.000160359 0.000160359 0.00336754 0.000160359 0.000160359 0.000160359 0.000160359 0.000160359 0.000160359 0.000160359 0.000160359 0.00497114 0.000160359 0.45077 0.538967 
0.00019857 0.00019857 0.00019857 0.00019857 0.603852 0.00019857 0.00218427 0.00019857 0.00019857 0.240469 0.00019857 0.00019857 0.00019857 0.00019857 0.151112 0.00019857 
0.00186251 0.0255672 0.000169319 0.00186251 0.00186251 0.000169319 0.000169319 0.000169319 0.474263 0.040806 0.000169319 0.000169319 0.132238 0.1915 0.11192 0.0171013 
0.340194 0.461259 0.00121065 0.00121065 0.0738499 0.00121065 0.00121065 0.00121065 0.00121065 0.00121065 0.00121065 0.0133172 0.098063 0.00121065 0.00121065 0.00121065 
0.00124069 0.00124069 0.00124069 0.373449 0.187345 0.0136476 0.0632754 0.00124069 0.0136476 0.00124069 0.00124069 0.00124069 0.311414 0.00124069 0.0260546 0.00124069 
0.000133583 0.000133583 0.000133583 0.00414106 0.378173 0.000133583 0.000133583 0.000133583 0.000133583 0.0482234 0.00414106 0.000133583 0.000133583 0.0268501 0.448971 0.0882982 
0.00442478 0.00442478 0.00442478 0.00442478 0.00442478 0.0486726 0.00442478 0.0929204 0.0929204 0.00442478 0.00442478 0.00442478 0.0929204 0.00442478 0.00442478 0.623894 
0.000984252 0.000984252 0.000984252 0.109252 0.000984252 0.000984252 0.000984252 0.109252 0.000984252 0.000984252 0.000984252 0.000984252 0.404528 0.000984252 0.365157 0.000984252 
0.00119617 0.00119617 0.0610048 0.16866 0.0131579 0.0131579 0.00119617 0.0490431 0.192584 0.00119617 0.00119617 0.00119617 0.407895 0.00119617 0.0251196 0.0610048 
0.00125628 0.00125628 0.00125628 0.227387 0.0389447 0.00125628 0.00125628 0.00125628 0.403266 0.0515075 0.00125628 0.00125628 0.265075 0.00125628 0.00125628 0.00125628 
0.00111607 0.00111607 0.00111607 0.302455 0.00111607 0.00111607 0.0122768 0.00111607 0.503348 0.0457589 0.00111607 0.00111607 0.112723 0.0122768 0.00111607 0.00111607 
0.166667 0.00273224 0.00273224 0.275956 0.00273224 0.00273224 0.00273224 0.00273224 0.139344 0.00273224 0.00273224 0.00273224 0.166667 0.00273224 0.00273224 0.221311 
0.000626566 0.000626566 0.000626566 0.0382206 0.12594 0.0319549 0.0570175 0.0319549 0.00689223 0.0570175 0.000626566 0.0695489 0.207393 0.370301 0.000626566 0.000626566 
0.00926743 0.000441306 0.000441306 0.000441306 0.00485437 0.00926743 0.0533981 0.048985 0.048985 0.124007 0.000441306 0.000441306 0.441748 0.251986 0.00485437 0.000441306 
0.000145433 0.00159977 0.000145433 0.000145433 0.000145433 0.000145433 0.000145433 0.00159977 0.385544 0.0321408 0.000145433 0.00159977 0.151396 0.0670448 0.357912 0.000145433 
0.0218804 0.000216638 0.00671577 0.00888215 0.000216638 0.00454939 0.000216638 0.000216638 0.000216638 0.000216638 0.000216638 0.00238302 0.00454939 0.0543761 0.836438 0.0587088 
0.30482 0.000264831 0.000264831 0.0135064 0.00291314 0.000264831 0.00556144 0.000264831 0.582892 0.000264831 0.000264831 0.000264831 0.018803 0.00291314 0.0611758 0.00556144 
0.000295334 0.00324867 0.000295334 0.000295334 0.000295334 0.000295334 0.000295334 0.000295334 0.661843 0.00324867 0.000295334 0.000295334 0.159776 0.000295334 0.168636 0.000295334 
0.105237 0.0251835 0.000166778 0.00683789 0.000166778 0.00683789 0.000166778 0.000166778 0.472148 0.000166778 0.0852235 0.0718813 0.000166778 0.0468646 0.178619 0.000166778 
0.375 0.00186567 0.00186567 0.00186567 0.00186567 0.00186567 0.00186567 0.00186567 0.412313 0.0951493 0.0764925 0.00186567 0.00186567 0.00186567 0.00186567 0.0205224 
0.000417362 0.000417362 0.00876461 0.0797162 0.000417362 0.000417362 0.000417362 0.113105 0.000417362 0.000417362 0.000417362 0.000417362 0.284224 0.292571 0.171536 0.0463272 
0.000651042 0.0136719 0.000651042 0.0983073 0.000651042 0.000651042 0.000651042 0.000651042 0.580078 0.000651042 0.000651042 0.000651042 0.0592448 0.000651042 0.000651042 0.241536 
0.000391236 0.000391236 0.000391236 0.387715 0.258607 0.000391236 0.000391236 0.000391236 0.000391236 0.0864632 0.000391236 0.000391236 0.000391236 0.000391236 0.26252 0.000391236 
0.600793 0.000566251 0.00622877 0.000566251 0.000566251 0.000566251 0.000566251 0.000566251 0.000566251 0.317667 0.0232163 0.000566251 0.0118913 0.000566251 0.0288788 0.00622877 
0.127316 0.00018162 0.00381402 0.0564838 0.00018162 0.00018162 0.00018162 0.0165274 0.517799 0.0274246 0.00018162 0.00018162 0.049219 0.00018162 0.076462 0.123683 
0.254202 0.00210084 0.00210084 0.191176 0.00210084 0.00210084 0.00210084 0.00210084 0.00210084 0.0861345 0.00210084 0.00210084 0.422269 0.00210084 0.0231092 0.00210084 
0.00029274 0.00029274 0.331089 0.00029274 0.00029274 0.00029274 0.284251 0.00029274 0.00029274 0.00029274 0.00029274 0.00029274 0.00322014 0.0178571 0.234485 0.126171 
0.00282031 0.0122213 0.0001343 0.0135643 0.0001343 0.0001343 0.0001343 0.0001343 0.0310234 0.184126 0.0135643 0.0001343 0.0162503 0.0498254 0.0337094 0.64209 
0.013978 0.00127072 6.05107e-05 6.05107e-05 6.05107e-05 6.05107e-05 0.0103473 6.05107e-05 6.05107e-05 0.11261 0.484751 6.05107e-05 0.0121627 0.0914317 0.272964 6.05107e-05 
0.000222916 0.0113687 0.388096 0.000222916 0.000222916 0.000222916 0.000222916 0.000222916 0.000222916 0.000222916 0.000222916 0.000222916 0.000222916 0.00245207 0.183014 0.412617 
0.000586166 0.000586166 0.000586166 0.000586166 0.000586166 0.000586166 0.000586166 0.0533411 0.322978 0.000586166 0.000586166 0.00644783 0.135404 0.141266 0.117819 0.217468 
0.00326797 0.00326797 0.624183 0.00326797 0.00326797 0.00326797 0.00326797 0.00326797 0.00326797 0.00326797 0.00326797 0.00326797 0.00326797 0.330065 0.00326797 0.00326797 
0.187654 0.000307125 0.000307125 0.0463759 0.000307125 0.000307125 0.000307125 0.000307125 0.387285 0.000307125 0.00337838 0.000307125 0.000307125 0.156941 0.215295 0.000307125 
0.000175871 0.000175871 0.000175871 0.56472 0.000175871 0.000175871 0.000175871 0.000175871 0.119768 0.000175871 0.000175871 0.0300739 0.000175871 0.0986634 0.18484 0.000175871 
0.00137741 0.00137741 0.00137741 0.084022 0.00137741 0.00137741 0.11157 0.00137741 0.387052 0.0289256 0.00137741 0.00137741 0.290634 0.084022 0.00137741 0.00137741 
0.000201369 0.0565848 0.000201369 0.189489 0.000201369 0.000201369 0.0122835 0.000201369 0.000201369 0.133105 0.000201369 0.000201369 0.000201369 0.497584 0.108941 0.000201369 
0.000556793 0.000556793 0.0172606 0.000556793 0.000556793 0.000556793 0.000556793 0.000556793 0.702116 0.000556793 0.000556793 0.000556793 0.000556793 0.000556793 0.273385 0.000556793 
0.017476 0.000133404 0.0268143 0.132204 0.000133404 0.0348186 0.000133404 0.0414888 0.000133404 0.112193 0.292289 0.000133404 0.0668356 0.0735059 0.000133404 0.201574 
0.000170765 0.000170765 0.000170765 0.000170765 0.000170765 0.000170765 0.000170765 0.000170765 0.509051 0.117999 0.013832 0.000170765 0.10263 0.0992145 0.152152 0.00358607 
0.000108155 0.00227125 0.0639195 0.000108155 0.0011897 0.121242 0.0249838 0.0184945 0.0011897 0.606857 0.000108155 0.000108155 0.000108155 0.00876055 0.150443 0.000108155 
0.000144802 0.000144802 0.000144802 0.000144802 0.000144802 0.000144802 0.000144802 0.000144802 0.000144802 0.000144802 0.000144802 0.000144802 0.000144802 0.000144802 0.997828 0.000144802 
0.00782361 0.000711238 0.000711238 0.000711238 0.0433855 0.0789474 0.199858 0.000711238 0.000711238 0.100284 0.0860597 0.0860597 0.000711238 0.00782361 0.199858 0.185633 
0.00510204 0.00510204 0.00510204 0.00510204 0.00510204 0.719388 0.00510204 0.00510204 0.00510204 0.00510204 0.00510204 0.00510204 0.00510204 0.107143 0.107143 0.00510204 
0.000169895 0.000169895 0.000169895 0.000169895 0.000169895 0.000169895 0.000169895 0.336561 0.093612 0.0426436 0.000169895 0.000169895 0.000169895 0.000169895 0.256711 0.268603 
0.000123671 0.0223844 0.000123671 0.183156 0.538091 0.0100173 0.000123671 0.000123671 0.000123671 0.000123671 0.000123671 0.000123671 0.000123671 0.0335147 0.209127 0.00259708 
0.00943396 0.00943396 0.00943396 0.00943396 0.00943396 0.858491 0.00943396 0.00943396 0.00943396 0.00943396 0.00943396 0.00943396 0.00943396 0.00943396 0.00943396 0.00943396 
0.00462963 0.0509259 0.00462963 0.375 0.00462963 0.189815 0.0509259 0.00462963 0.00462963 0.189815 0.00462963 0.00462963 0.0972222 0.00462963 0.00462963 0.00462963 
0.00326797 0.0359477 0.00326797 0.0686275 0.00326797 0.787582 0.00326797 0.00326797 0.00326797 0.0686275 0.00326797 0.00326797 0.00326797 0.00326797 0.00326797 0.00326797 
0.000400641 0.000400641 0.000400641 0.000400641 0.757612 0.000400641 0.0124199 0.000400641 0.000400641 0.000400641 0.000400641 0.000400641 0.0244391 0.0645032 0.136619 0.000400641 
0.000165948 0.000165948 0.098075 0.132924 0.000165948 0.536177 0.000165948 0.000165948 0.000165948 0.000165948 0.000165948 0.000165948 0.000165948 0.0914371 0.136243 0.0034849 
0.00462963 0.00462963 0.00462963 0.00462963 0.00462963 0.00462963 0.00462963 0.00462963 0.00462963 0.00462963 0.00462963 0.0509259 0.00462963 0.00462963 0.00462963 0.884259 
0.000138007 0.00427822 0.00151808 0.0304996 0.000138007 0.000138007 0.00151808 0.00841844 0.354816 0.000138007 0.000138007 0.000138007 0.000138007 0.000138007 0.23061 0.367237 
0.00316456 0.00316456 0.0348101 0.00316456 0.00316456 0.572785 0.0348101 0.00316456 0.00316456 0.0348101 0.00316456 0.00316456 0.00316456 0.0664557 0.224684 0.00316456 
0.00326797 0.00326797 0.101307 0.00326797 0.00326797 0.689542 0.00326797 0.00326797 0.00326797 0.00326797 0.00326797 0.101307 0.00326797 0.00326797 0.00326797 0.0686275 
0.166667 0.00537634 0.00537634 0.00537634 0.00537634 0.650538 0.00537634 0.00537634 0.112903 0.00537634 0.00537634 0.00537634 0.00537634 0.00537634 0.00537634 0.00537634 
0.00316456 0.00316456 0.00316456 0.00316456 0.00316456 0.446203 0.00316456 0.00316456 0.00316456 0.00316456 0.382911 0.00316456 0.00316456 0.00316456 0.129747 0.00316456 
0.173757 0.00359948 0.000327225 0.000327225 0.000327225 0.530432 0.0657723 0.000327225 0.000327225 0.0330497 0.000327225 0.000327225 0.000327225 0.000327225 0.190118 0.000327225 
0.0869786 0.0971516 0.000508647 0.0869786 0.0208545 0.565107 0.000508647 0.000508647 0.000508647 0.0310275 0.000508647 0.000508647 0.000508647 0.000508647 0.102238 0.00559512 
0.00289017 0.0317919 0.00289017 0.407514 0.00289017 0.523121 0.00289017 0.00289017 0.00289017 0.00289017 0.00289017 0.00289017 0.00289017 0.00289017 0.00289017 0.00289017 
6.04741e-05 0.661647 6.04741e-05 6.04741e-05 6.04741e-05 0.000665215 6.04741e-05 0.000665215 6.04741e-05 6.04741e-05 6.04741e-05 6.04741e-05 6.04741e-05 6.04741e-05 0.336297 6.04741e-05 
0.00214592 0.281116 0.00214592 0.624464 0.0450644 0.00214592 0.00214592 0.00214592 0.00214592 0.00214592 0.00214592 0.00214592 0.00214592 0.00214592 0.00214592 0.0236052 
0.105338 0.0365952 0.000202184 0.000202184 0.000202184 0.0649009 0.000202184 0.000202184 0.000202184 0.0183987 0.491508 0.00222402 0.000202184 0.000202184 0.27315 0.00626769 
0.239865 0.0709459 0.00337838 0.00337838 0.00337838 0.239865 0.00337838 0.00337838 0.00337838 0.00337838 0.408784 0.00337838 0.00337838 0.00337838 0.00337838 0.00337838 
0.115194 0.0565825 0.000225428 0.000225428 0.000225428 0.681019 0.000225428 0.000225428 0.000225428 0.000225428 0.000225428 0.000225428 0.000225428 0.000225428 0.1445 0.000225428 
0.00735294 0.00735294 0.00735294 0.00735294 0.00735294 0.595588 0.0808824 0.00735294 0.00735294 0.0808824 0.00735294 0.00735294 0.0808824 0.00735294 0.0808824 0.00735294 
0.791402 0.00393102 0.000126807 0.000126807 0.000126807 0.000126807 0.00393102 0.000126807 0.000126807 0.199214 0.000126807 0.000126807 0.000126807 0.000126807 0.000126807 0.000126807 
0.0511551 0.00165017 0.00165017 0.133663 0.10066 0.00165017 0.00165017 0.00165017 0.331683 0.0511551 0.00165017 0.00165017 0.00165017 0.00165017 0.315182 0.00165017 
0.00485437 0.150485 0.00485437 0.00485437 0.00485437 0.00485437 0.00485437 0.00485437 0.00485437 0.00485437 0.00485437 0.101942 0.00485437 0.199029 0.00485437 0.490291 
0.0327381 0.00297619 0.0327381 0.122024 0.00297619 0.300595 0.00297619 0.00297619 0.0922619 0.0327381 0.300595 0.00297619 0.00297619 0.00297619 0.0327381 0.0327381 
0.881757 0.00337838 0.00337838 0.00337838 0.00337838 0.00337838 0.00337838 0.0371622 0.00337838 0.00337838 0.00337838 0.00337838 0.00337838 0.00337838 0.0371622 0.00337838 
0.22043 0.00537634 0.00537634 0.00537634 0.00537634 0.22043 0.00537634 0.00537634 0.00537634 0.00537634 0.00537634 0.00537634 0.00537634 0.00537634 0.166667 0.327957 
0.282441 0.000183284 0.000183284 0.0185117 0.0423387 0.493218 0.000183284 0.000183284 0.000183284 0.000183284 0.000183284 0.000183284 0.000183284 0.000183284 0.161474 0.000183284 
0.712838 0.00337838 0.0371622 0.00337838 0.0709459 0.00337838 0.00337838 0.00337838 0.10473 0.00337838 0.00337838 0.00337838 0.00337838 0.00337838 0.00337838 0.0371622 
0.00862069 0.00862069 0.00862069 0.00862069 0.00862069 0.698276 0.00862069 0.00862069 0.00862069 0.00862069 0.0948276 0.00862069 0.00862069 0.0948276 0.00862069 0.00862069 
0.00641026 0.198718 0.00641026 0.00641026 0.00641026 0.326923 0.00641026 0.00641026 0.00641026 0.00641026 0.00641026 0.00641026 0.134615 0.00641026 0.262821 0.00641026 
0.0034965 0.0384615 0.0384615 0.0034965 0.0034965 0.877622 0.0034965 0.0034965 0.0034965 0.0034965 0.0034965 0.0034965 0.0034965 0.0034965 0.0034965 0.0034965 
0.269912 0.00442478 0.00442478 0.314159 0.00442478 0.0929204 0.00442478 0.00442478 0.00442478 0.00442478 0.0486726 0.225664 0.00442478 0.00442478 0.00442478 0.00442478 
0.0034965 0.0034965 0.0034965 0.0034965 0.0734266 0.493007 0.0034965 0.0034965 0.0034965 0.0034965 0.0034965 0.248252 0.0034965 0.0034965 0.143357 0.0034965 
0.000144802 0.000144802 0.000144802 0.000144802 0.000144802 0.0754416 0.433102 0.000144802 0.0406893 0.000144802 0.000144802 0.000144802 0.000144802 0.0971619 0.217347 0.13481 
