0.00590135 0.0109897 0.262013 0.253532 0.223002 0.0686571 0.00929355 0.00081304 0.0126858 0.00250914 0.00250914 0.0211663 0.00250914 0.00420524 0.016078 0.00250914 0.00081304 0.00590135 0.00590135 0.0890103 
0.00669614 0.0206651 0.00669614 0.00669614 0.00669614 0.202262 0.00669614 0.174324 0.00669614 0.00669614 0.00669614 0.00669614 0.00669614 0.0486031 0.00669614 0.202262 0.00669614 0.00669614 0.258138 0.00669614 
0.00449733 0.0232613 0.00449733 0.00449733 0.00449733 0.0607893 0.00449733 0.0514073 0.0795533 0.0138793 0.0138793 0.0138793 0.0138793 0.00449733 0.00449733 0.0138793 0.0326433 0.295339 0.323485 0.0326433 
0.0373696 0.0878911 0.0121089 0.0121089 0.0121089 0.492063 0.0121089 0.0373696 0.0121089 0.0373696 0.0373696 0.0878911 0.0121089 0.0121089 0.0373696 0.0121089 0.0121089 0.0121089 0.0121089 0.0121089 
0.11819 0.0140108 0.00453993 0.00453993 0.0140108 0.468612 0.00453993 0.00453993 0.108719 0.00453993 0.0234816 0.0234816 0.0329525 0.0140108 0.0329525 0.00453993 0.00453993 0.0140108 0.0992484 0.00453993 
0.0102895 0.0317546 0.267871 0.0102895 0.0532198 0.117615 0.0102895 0.0532198 0.0102895 0.0746849 0.0317546 0.0102895 0.0102895 0.0102895 0.0532198 0.0102895 0.0746849 0.0102895 0.13908 0.0102895 
0.0338733 0.0239492 0.00410091 0.21747 0.000792868 0.111612 0.329943 0.000792868 0.000792868 0.129807 0.000792868 0.012371 0.00244689 0.000792868 0.00575493 0.00244689 0.116574 0.000792868 0.00410091 0.000792868 
0.00291449 0.0915692 0.000944386 0.365414 0.0147351 0.050197 0.190074 0.000944386 0.000944386 0.0423166 0.0068547 0.0107949 0.00882481 0.000944386 0.0167052 0.000944386 0.160523 0.000944386 0.000944386 0.0324661 
0.00203324 0.513312 0.000658832 0.191701 0.0144029 0.164213 0.0116541 0.000658832 0.0295214 0.00203324 0.00203324 0.00340764 0.00615646 0.00615646 0.0267725 0.000658832 0.00478205 0.00890527 0.00615646 0.00478205 
0.00594832 0.130038 0.0431751 0.0183572 0.00594832 0.00594832 0.00594832 0.2169 0.0183572 0.00594832 0.0183572 0.0679929 0.0183572 0.00594832 0.10522 0.0431751 0.00594832 0.00594832 0.266536 0.00594832 
0.122177 0.00617832 0.00617832 0.070622 0.0963994 0.405729 0.00617832 0.019067 0.0577332 0.00617832 0.0448445 0.00617832 0.00617832 0.019067 0.0577332 0.00617832 0.00617832 0.0448445 0.00617832 0.00617832 
0.00815627 0.0433191 0.0011237 0.392603 0.0011237 0.338687 0.00346789 0.0105005 0.0128446 0.0269098 0.00346789 0.00581208 0.00346789 0.0011237 0.0292539 0.00581208 0.0011237 0.0948912 0.0151888 0.0011237 
0.0504605 0.0044145 0.0320421 0.0136237 0.0044145 0.51092 0.0228329 0.0044145 0.078088 0.0136237 0.0228329 0.0136237 0.0136237 0.0044145 0.0872972 0.0688788 0.0044145 0.0136237 0.0228329 0.0136237 
0.0194963 0.0194963 0.10084 0.0194963 0.0601679 0.0194963 0.0194963 0.141511 0.0194963 0.0194963 0.0601679 0.0601679 0.0194963 0.0194963 0.0601679 0.0194963 0.182183 0.10084 0.0194963 0.0194963 
0.000652554 0.000652554 0.0374079 0.583293 0.00201386 0.0197109 0.00201386 0.00337517 0.00201386 0.000652554 0.000652554 0.033324 0.00337517 0.000652554 0.157203 0.125893 0.00882041 0.00882041 0.0074591 0.00201386 
0.0050679 0.269374 0.184796 0.0050679 0.0050679 0.0156402 0.0050679 0.0262124 0.0050679 0.11079 0.0050679 0.0262124 0.0050679 0.0050679 0.0262124 0.0685015 0.0156402 0.15308 0.0050679 0.0579292 
0.00148598 0.0169857 0.00148598 0.252581 0.00768585 0.113084 0.0200856 0.00148598 0.00148598 0.0138857 0.00458592 0.00148598 0.00458592 0.00768585 0.00148598 0.00148598 0.00148598 0.540875 0.00458592 0.00148598 
0.00872329 0.167933 0.0912767 0.215107 0.0382067 0.132553 0.00872329 0.00282662 0.03231 0.114863 0.00282662 0.0205166 0.0441033 0.00282662 0.00872329 0.01462 0.0205166 0.00282662 0.06769 0.00282662 
0.00176502 0.00176502 0.0312215 0.20796 0.0349036 0.344197 0.0201753 0.00176502 0.00176502 0.00176502 0.00176502 0.00176502 0.00544708 0.00176502 0.00544708 0.00176502 0.00176502 0.318422 0.00176502 0.0128112 
0.00529168 0.00529168 0.00529168 0.237113 0.00529168 0.0163308 0.00529168 0.00529168 0.0163308 0.00529168 0.0163308 0.0163308 0.0273699 0.00529168 0.00529168 0.535168 0.0163308 0.038409 0.0273699 0.00529168 
0.0105152 0.0105152 0.0105152 0.164067 0.0105152 0.0543872 0.0105152 0.0105152 0.0543872 0.0105152 0.0105152 0.0105152 0.0324512 0.0105152 0.0105152 0.0543872 0.0105152 0.449235 0.0105152 0.0543872 
0.00553613 0.0517324 0.0863795 0.0401833 0.00553613 0.224968 0.0170852 0.00553613 0.00553613 0.00553613 0.0170852 0.0170852 0.00553613 0.00553613 0.00553613 0.00553613 0.0170852 0.421302 0.00553613 0.0517324 
0.0181322 0.00587541 0.00587541 0.0671596 0.0181322 0.251012 0.00587541 0.00587541 0.0916732 0.0181322 0.0671596 0.0794164 0.128444 0.0916732 0.0181322 0.0916732 0.00587541 0.00587541 0.00587541 0.0181322 
0.00566703 0.0174892 0.00566703 0.0529555 0.00566703 0.277576 0.0529555 0.00566703 0.00566703 0.0174892 0.112066 0.0529555 0.0411334 0.182999 0.0411334 0.0884219 0.00566703 0.00566703 0.0174892 0.00566703 
0.00797625 0.0115376 0.0204409 0.316032 0.00619558 0.460266 0.0168796 0.000853577 0.0222216 0.00263424 0.000853577 0.00975691 0.0186603 0.0186603 0.00263424 0.0115376 0.0150989 0.0222216 0.0311249 0.00441491 
0.0248268 0.511509 0.0416089 0.0751732 0.00804465 0.00804465 0.0416089 0.00804465 0.0416089 0.00804465 0.00804465 0.00804465 0.00804465 0.00804465 0.0248268 0.0416089 0.0751732 0.0416089 0.00804465 0.00804465 
0.000714833 0.00369729 0.0737851 0.379487 0.000714833 0.000714833 0.027557 0.00369729 0.00220606 0.00369729 0.00966222 0.00817099 0.00220606 0.00369729 0.0409781 0.00518852 0.00667976 0.000714833 0.121505 0.304926 
0.0283827 0.00391034 0.00391034 0.0202253 0.00391034 0.0202253 0.126272 0.00391034 0.0202253 0.085485 0.00391034 0.0120678 0.0202253 0.0283827 0.0120678 0.0283827 0.0773275 0.240477 0.248634 0.0120678 
0.00348403 0.0979696 0.141578 0.00348403 0.0252884 0.0107522 0.0180203 0.0107522 0.00348403 0.0325565 0.0398246 0.0761652 0.105238 0.00348403 0.0180203 0.381426 0.0180203 0.00348403 0.00348403 0.00348403 
0.0127532 0.0127532 0.0127532 0.0127532 0.0659629 0.0659629 0.0393581 0.0393581 0.0127532 0.0127532 0.0127532 0.0127532 0.0127532 0.0393581 0.0127532 0.0393581 0.0127532 0.358616 0.0925677 0.119173 
0.00625899 0.136829 0.00625899 0.136829 0.00625899 0.254342 0.00625899 0.019316 0.00625899 0.00625899 0.00625899 0.019316 0.00625899 0.00625899 0.0846011 0.00625899 0.019316 0.215171 0.04543 0.00625899 
0.0142533 0.00765389 0.00105449 0.342023 0.00325429 0.00105449 0.562003 0.00105449 0.00105449 0.00325429 0.00105449 0.00105449 0.00325429 0.00325429 0.0164531 0.0208527 0.00765389 0.00325429 0.00545409 0.00105449 
0.00394251 0.160209 0.00394251 0.0697389 0.00394251 0.201332 0.0121671 0.00394251 0.00394251 0.0121671 0.0121671 0.0368407 0.00394251 0.0203916 0.0368407 0.00394251 0.0368407 0.357598 0.0121671 0.00394251 
0.0204774 0.013342 0.00620663 0.195294 0.00620663 0.0008551 0.0008551 0.459303 0.00442279 0.0329643 0.0115582 0.0864796 0.0008551 0.00263894 0.0151259 0.0561543 0.00620663 0.0347481 0.00977432 0.036532 
0.00195987 0.00195987 0.00195987 0.0551107 0.00604839 0.586619 0.00195987 0.00195987 0.00604839 0.00195987 0.018314 0.00195987 0.00195987 0.00195987 0.0387566 0.00604839 0.018314 0.190032 0.0510221 0.00604839 
0.00625899 0.215171 0.00625899 0.019316 0.019316 0.019316 0.00625899 0.019316 0.00625899 0.04543 0.032373 0.04543 0.00625899 0.0976581 0.00625899 0.00625899 0.280456 0.032373 0.00625899 0.123772 
0.0356295 0.0643705 0.05 0.222446 0.0356295 0.121852 0.05 0.0068886 0.0068886 0.121852 0.0068886 0.0068886 0.0068886 0.0356295 0.0068886 0.05 0.0212591 0.0068886 0.0068886 0.136223 
0.00373022 0.0365099 0.00625174 0.0390314 0.00625174 0.0818971 0.490382 0.00120871 0.00625174 0.00877325 0.00120871 0.0289454 0.00120871 0.0138163 0.0213808 0.00120871 0.00120871 0.124763 0.124763 0.00120871 
0.061905 0.156823 0.0361645 0.0731665 0.0409908 0.0184678 0.0216854 0.00881511 0.000771184 0.000771184 0.0699489 0.000771184 0.100516 0.016859 0.147171 0.0104239 0.0184678 0.00237997 0.213131 0.000771184 
0.0755269 0.0244731 0.0244731 0.0244731 0.0244731 0.432904 0.0244731 0.0244731 0.0244731 0.0244731 0.0755269 0.0244731 0.0244731 0.0244731 0.0244731 0.0244731 0.0244731 0.0244731 0.0244731 0.0244731 
0.00517737 0.0267786 0.113184 0.253592 0.0807818 0.156386 0.0807818 0.015978 0.015978 0.0267786 0.0483799 0.00517737 0.0807818 0.0267786 0.00517737 0.015978 0.015978 0.00517737 0.00517737 0.015978 
0.010092 0.126064 0.00327012 0.25568 0.010092 0.235214 0.166995 0.010092 0.00327012 0.010092 0.00327012 0.00327012 0.0919546 0.0169139 0.010092 0.0169139 0.00327012 0.00327012 0.00327012 0.0169139 
0.0167683 0.051749 0.051749 0.191672 0.0167683 0.051749 0.0167683 0.051749 0.0167683 0.051749 0.051749 0.0167683 0.0167683 0.0167683 0.0167683 0.0167683 0.051749 0.156691 0.0167683 0.121711 
0.0404338 0.0131018 0.0131018 0.0677658 0.0131018 0.0131018 0.0131018 0.0131018 0.0677658 0.0404338 0.0131018 0.0131018 0.0131018 0.0131018 0.0131018 0.0131018 0.0131018 0.423082 0.0404338 0.149762 
0.00723094 0.0316704 0.109877 0.0267825 0.00234305 0.324944 0.00723094 0.00234305 0.0805493 0.0218946 0.0121188 0.0218946 0.00234305 0.00234305 0.0267825 0.00234305 0.00234305 0.0218946 0.261401 0.0316704 
0.00791187 0.00791187 0.338015 0.024417 0.00791187 0.00791187 0.00791187 0.00791187 0.024417 0.00791187 0.024417 0.024417 0.0409222 0.00791187 0.00791187 0.00791187 0.00791187 0.338015 0.0739325 0.024417 
0.00302883 0.0787691 0.00669368 0.0604448 0.00302883 0.0115801 0.000585592 0.00547206 0.00669368 0.000585592 0.00180721 0.00547206 0.00425044 0.00302883 0.00180721 0.127634 0.00302883 0.624832 0.0506719 0.000585592 
0.000498507 0.0566557 0.000498507 0.375919 0.0129779 0.396718 0.0826543 0.00153845 0.00153845 0.0244173 0.0140178 0.00153845 0.0046583 0.000498507 0.00985803 0.00153845 0.00153845 0.000498507 0.0046583 0.00777814 
0.0568828 0.0109977 0.148653 0.0109977 0.0568828 0.0339402 0.401021 0.0339402 0.0109977 0.0339402 0.0109977 0.0109977 0.0109977 0.0339402 0.0109977 0.0109977 0.0339402 0.0109977 0.0109977 0.0568828 
0.00417206 0.0239133 0.0408344 0.153642 0.0295537 0.582309 0.00417206 0.00699224 0.0210931 0.0577555 0.00135188 0.00981242 0.0210931 0.00135188 0.00135188 0.00417206 0.018273 0.00417206 0.00135188 0.0126326 
0.00246729 0.0508339 0.00079948 0.134225 0.00079948 0.0241489 0.00246729 0.00580292 0.0158098 0.00079948 0.00747074 0.00913855 0.00246729 0.00079948 0.00079948 0.667925 0.00913855 0.0625086 0.00079948 0.00079948 
0.000634418 0.000634418 0.024457 0.099895 0.000634418 0.0813663 0.00195789 0.00195789 0.000634418 0.000634418 0.00195789 0.485026 0.0204865 0.000634418 0.179303 0.000634418 0.00328137 0.0323978 0.0615142 0.00195789 
0.000757774 0.00866182 0.0877023 0.272657 0.000757774 0.49239 0.00391939 0.00708101 0.00233858 0.000757774 0.000757774 0.00233858 0.00233858 0.000757774 0.000757774 0.0956064 0.000757774 0.00391939 0.0055002 0.0102426 
0.051749 0.0167683 0.0167683 0.0167683 0.0167683 0.156691 0.0167683 0.0867298 0.0167683 0.0167683 0.0167683 0.0167683 0.0167683 0.156691 0.0167683 0.0167683 0.226653 0.051749 0.0167683 0.051749 
0.0162016 0.05 0.0162016 0.05 0.0837984 0.252791 0.0162016 0.0162016 0.0162016 0.0162016 0.0162016 0.0162016 0.0162016 0.117597 0.0837984 0.0837984 0.0162016 0.0837984 0.0162016 0.0162016 
0.00372788 0.00372788 0.00372788 0.470337 0.00372788 0.0115047 0.0581657 0.0270584 0.0192815 0.0115047 0.00372788 0.00372788 0.00372788 0.0581657 0.00372788 0.0115047 0.190372 0.00372788 0.0814961 0.0270584 
0.0143396 0.0814425 0.00667071 0.443798 0.000919037 0.000919037 0.000919037 0.0181741 0.00667071 0.000919037 0.000919037 0.00283626 0.0105052 0.000919037 0.0162568 0.00667071 0.000919037 0.000919037 0.000919037 0.384364 
0.00204341 0.0148318 0.00204341 0.470952 0.00204341 0.0318831 0.40701 0.00204341 0.00630622 0.00204341 0.0190946 0.00204341 0.00204341 0.0148318 0.00204341 0.00204341 0.00630622 0.00204341 0.00204341 0.00630622 
0.00573596 0.0189245 0.000790254 0.198618 0.00243882 0.391501 0.00738452 0.0832186 0.000790254 0.000790254 0.0271673 0.0288159 0.00243882 0.000790254 0.149161 0.0156274 0.00408739 0.0403559 0.0172759 0.00408739 
0.0127532 0.0127532 0.0393581 0.0659629 0.0393581 0.385221 0.0925677 0.0127532 0.0659629 0.0127532 0.0127532 0.0127532 0.0127532 0.0127532 0.0127532 0.0127532 0.0127532 0.145777 0.0127532 0.0127532 
0.0427719 0.0138594 0.100597 0.158422 0.0138594 0.100597 0.187334 0.0138594 0.0138594 0.0138594 0.0138594 0.0138594 0.0716843 0.0427719 0.0138594 0.0716843 0.0427719 0.0138594 0.0427719 0.0138594 
0.0556418 0.0180297 0.0180297 0.0180297 0.0180297 0.0556418 0.0180297 0.0180297 0.0556418 0.0180297 0.0180297 0.0180297 0.0180297 0.0180297 0.0180297 0.0180297 0.0180297 0.506988 0.0180297 0.0556418 
0.00471722 0.00471722 0.0169192 0.221641 0.0006499 0.471103 0.0006499 0.0101403 0.0467461 0.0006499 0.0006499 0.0006499 0.00336144 0.0006499 0.00878453 0.0250538 0.0114961 0.0440346 0.0345442 0.0928424 
0.0404338 0.204426 0.0131018 0.0131018 0.0404338 0.0404338 0.0677658 0.0131018 0.0131018 0.0404338 0.0131018 0.0131018 0.0677658 0.0131018 0.231758 0.0131018 0.0950978 0.0131018 0.0404338 0.0131018 
0.0131397 0.0131397 0.00425766 0.199662 0.00425766 0.377302 0.00425766 0.0220217 0.00425766 0.00425766 0.0131397 0.0131397 0.00425766 0.00425766 0.0309037 0.0930777 0.0131397 0.0930777 0.0664317 0.0220217 
0.0091155 0.0281315 0.0091155 0.161244 0.0471476 0.0091155 0.0091155 0.0091155 0.0281315 0.199276 0.0091155 0.0091155 0.142228 0.0471476 0.0091155 0.0281315 0.0091155 0.161244 0.0281315 0.0471476 
0.0115266 0.0115266 0.0115266 0.0115266 0.0355725 0.0596184 0.0115266 0.10771 0.0115266 0.0115266 0.0115266 0.0115266 0.0355725 0.0115266 0.179848 0.0115266 0.0115266 0.420307 0.0115266 0.0115266 
0.00232037 0.00232037 0.00232037 0.157219 0.00232037 0.123335 0.0216827 0.00716094 0.00232037 0.00232037 0.00232037 0.00232037 0.00716094 0.00232037 0.00232037 0.0362044 0.0168421 0.515421 0.0846101 0.00716094 
0.00709244 0.0958667 0.00709244 0.0366839 0.00709244 0.15505 0.199437 0.00709244 0.00709244 0.125458 0.00709244 0.0218882 0.0218882 0.0366839 0.00709244 0.0218882 0.110662 0.081071 0.0218882 0.0218882 
0.00792851 0.141914 0.0936793 0.233024 0.00256908 0.00256908 0.0240068 0.0186474 0.00792851 0.00256908 0.00256908 0.0508039 0.00256908 0.0400851 0.00792851 0.00256908 0.00256908 0.00256908 0.0454445 0.308056 
0.0156719 0.0156719 0.146446 0.0483653 0.0483653 0.113752 0.0483653 0.0156719 0.0156719 0.0156719 0.0483653 0.0483653 0.0156719 0.0810588 0.0810588 0.0483653 0.0483653 0.0810588 0.0483653 0.0156719 
0.0857256 0.0118106 0.0610873 0.0118106 0.0118106 0.0118106 0.381386 0.0118106 0.0118106 0.0118106 0.0118106 0.0118106 0.0364489 0.110364 0.0118106 0.0364489 0.0118106 0.0118106 0.0610873 0.0857256 
0.00639372 0.00353897 0.000684223 0.413195 0.00496635 0.507402 0.014958 0.000684223 0.000684223 0.0121032 0.000684223 0.000684223 0.000684223 0.00782109 0.0106758 0.000684223 0.0021116 0.00924847 0.0021116 0.000684223 
0.0173761 0.126122 0.0173761 0.0173761 0.0173761 0.162371 0.0536249 0.0173761 0.0173761 0.0173761 0.0173761 0.126122 0.0173761 0.0173761 0.0536249 0.0173761 0.0536249 0.162371 0.0536249 0.0173761 
0.0198747 0.0250687 0.0146807 0.333247 0.0129493 0.0198747 0.00602395 0.00429261 0.000829932 0.00256127 0.000829932 0.000829932 0.00602395 0.00948663 0.0302627 0.0337254 0.444053 0.0198747 0.00256127 0.0129493 
0.00758458 0.0617679 0.112565 0.0312898 0.0245169 0.00250489 0.000811663 0.010971 0.000811663 0.0143575 0.00589135 0.000811663 0.000811663 0.000811663 0.564657 0.107485 0.0228237 0.0160507 0.00589135 0.00758458 
0.01471 0.01471 0.01471 0.01471 0.01471 0.01471 0.01471 0.321579 0.01471 0.01471 0.01471 0.106771 0.01471 0.0760839 0.045397 0.01471 0.01471 0.198832 0.045397 0.01471 
0.0153163 0.00496296 0.0153163 0.00496296 0.0153163 0.036023 0.0256696 0.00496296 0.0567297 0.036023 0.00496296 0.0153163 0.00496296 0.325917 0.00496296 0.325917 0.00496296 0.0567297 0.036023 0.00496296 
0.00947588 0.0490116 0.0292437 0.128083 0.0490116 0.128083 0.24669 0.00947588 0.00947588 0.00947588 0.00947588 0.00947588 0.0490116 0.00947588 0.00947588 0.00947588 0.00947588 0.167619 0.00947588 0.0490116 
0.0373696 0.0121089 0.0121089 0.0121089 0.0121089 0.0121089 0.0121089 0.0121089 0.0373696 0.0373696 0.0121089 0.0121089 0.0626304 0.289977 0.0121089 0.0373696 0.315238 0.0373696 0.0121089 0.0121089 
0.00986594 0.00986594 0.00986594 0.00986594 0.0304475 0.0304475 0.00986594 0.0716106 0.00986594 0.00986594 0.0716106 0.00986594 0.0921922 0.0716106 0.298008 0.153937 0.0304475 0.0304475 0.00986594 0.0304475 
0.00237792 0.116472 0.280173 0.00733855 0.00237792 0.0470236 0.0767874 0.00237792 0.0271811 0.126394 0.0222205 0.0122992 0.0321417 0.0519843 0.00237792 0.0371024 0.0371024 0.0519843 0.042063 0.0222205 
0.0173761 0.0898736 0.0536249 0.0173761 0.0173761 0.162371 0.0173761 0.0173761 0.0173761 0.0173761 0.126122 0.0173761 0.0173761 0.0898736 0.0173761 0.0173761 0.0536249 0.126122 0.0536249 0.0536249 
0.0124227 0.0124227 0.0124227 0.116084 0.0124227 0.53073 0.0124227 0.0124227 0.0124227 0.0124227 0.0124227 0.0124227 0.0383381 0.0124227 0.0383381 0.0124227 0.0383381 0.0124227 0.0124227 0.0642534 
0.0510291 0.174518 0.0304475 0.0510291 0.00986594 0.133355 0.0510291 0.00986594 0.0304475 0.0921922 0.00986594 0.00986594 0.0304475 0.00986594 0.00986594 0.0304475 0.0921922 0.00986594 0.153937 0.00986594 
0.0962588 0.217413 0.00263982 0.0466958 0.0136538 0.00263982 0.00263982 0.0191608 0.0136538 0.0246678 0.00263982 0.00263982 0.00814682 0.00263982 0.00814682 0.0577098 0.11278 0.349581 0.0136538 0.00263982 
0.0868309 0.0674462 0.0092922 0.0868309 0.0286769 0.0286769 0.0092922 0.0092922 0.0092922 0.106216 0.0092922 0.0092922 0.0092922 0.0286769 0.0092922 0.0286769 0.261293 0.0480615 0.0674462 0.0868309 
0.01347 0.09777 0.04157 0.04157 0.01347 0.26637 0.04157 0.01347 0.01347 0.01347 0.04157 0.01347 0.09777 0.04157 0.12587 0.01347 0.01347 0.04157 0.01347 0.04157 
0.000684223 0.000684223 0.00639372 0.209081 0.0021116 0.0021116 0.000684223 0.0206675 0.000684223 0.00353897 0.0021116 0.000684223 0.00496635 0.000684223 0.184815 0.555933 0.000684223 0.000684223 0.000684223 0.0021116 
0.0155361 0.00926991 0.00300374 0.0280684 0.00300374 0.0406007 0.00300374 0.00926991 0.0155361 0.00926991 0.00926991 0.00300374 0.00300374 0.00300374 0.0844639 0.0343346 0.0155361 0.704815 0.00300374 0.00300374 
0.205126 0.110151 0.0151757 0.0151757 0.0151757 0.0468342 0.0151757 0.0151757 0.0151757 0.0151757 0.0784926 0.0151757 0.0151757 0.0151757 0.0468342 0.0151757 0.0151757 0.268443 0.0468342 0.0151757 
0.0118741 0.164378 0.116219 0.0359536 0.00384757 0.0279271 0.180431 0.0118741 0.0279271 0.0439801 0.0118741 0.0199006 0.00384757 0.00384757 0.156351 0.00384757 0.00384757 0.0279271 0.0921392 0.0520066 
0.0162016 0.0162016 0.0162016 0.0162016 0.05 0.05 0.0162016 0.0162016 0.0162016 0.0837984 0.0162016 0.0162016 0.0162016 0.0162016 0.0162016 0.05 0.05 0.455581 0.05 0.0162016 
0.00254804 0.0783334 0.000825643 0.353916 0.000825643 0.436591 0.0266616 0.000825643 0.000825643 0.0352735 0.000825643 0.00771522 0.0214944 0.00427043 0.00254804 0.00254804 0.00599283 0.00427043 0.00427043 0.00943761 
0.0383381 0.0901688 0.0124227 0.0901688 0.0124227 0.0124227 0.0124227 0.0383381 0.0124227 0.142 0.116084 0.0124227 0.0124227 0.0642534 0.0383381 0.0124227 0.219746 0.0124227 0.0124227 0.0383381 
0.00947588 0.0292437 0.0292437 0.543208 0.0292437 0.0687795 0.00947588 0.0687795 0.00947588 0.00947588 0.00947588 0.0292437 0.00947588 0.0490116 0.00947588 0.0292437 0.00947588 0.00947588 0.00947588 0.0292437 
0.00312108 0.159384 0.0356759 0.00312108 0.00312108 0.0486978 0.00312108 0.022654 0.00312108 0.13334 0.00312108 0.00312108 0.00963204 0.00312108 0.00312108 0.00312108 0.00312108 0.478421 0.0617197 0.016143 
0.000457583 0.0329131 0.000457583 0.245783 0.0529592 0.0481863 0.095915 0.00427588 0.0405497 0.00332131 0.00141216 0.000457583 0.000457583 0.000457583 0.000457583 0.000457583 0.000457583 0.365105 0.105461 0.000457583 
0.000841588 0.0043529 0.00259725 0.179919 0.000841588 0.000841588 0.0043529 0.000841588 0.05 0.00610856 0.000841588 0.104425 0.00786422 0.00786422 0.000841588 0.606543 0.000841588 0.000841588 0.0183982 0.000841588 
0.0126253 0.400887 0.00173941 0.0380256 0.00173941 0.00173941 0.0489114 0.0126253 0.00899664 0.0198825 0.00173941 0.00173941 0.00173941 0.0416542 0.0706831 0.00173941 0.0126253 0.2884 0.0307683 0.00173941 
0.00535074 0.239759 0.0165131 0.0165131 0.0165131 0.228597 0.0388377 0.00535074 0.0165131 0.105812 0.00535074 0.0276754 0.0165131 0.0388377 0.00535074 0.00535074 0.116974 0.0834869 0.00535074 0.00535074 
0.01471 0.01471 0.01471 0.01471 0.045397 0.475014 0.106771 0.01471 0.01471 0.045397 0.01471 0.01471 0.045397 0.01471 0.01471 0.01471 0.0760839 0.01471 0.01471 0.01471 
0.0121089 0.0626304 0.0626304 0.0373696 0.0121089 0.0373696 0.0121089 0.0121089 0.0121089 0.0626304 0.0121089 0.0373696 0.0121089 0.138413 0.0121089 0.0121089 0.0121089 0.39102 0.0121089 0.0373696 
0.364734 0.0327136 0.000730075 0.0235755 0.00834521 0.0281446 0.00834521 0.00377613 0.0144373 0.00529916 0.0220525 0.000730075 0.00529916 0.00377613 0.212431 0.0890656 0.0159603 0.000730075 0.0890656 0.0707893 
0.00947588 0.00947588 0.00947588 0.0292437 0.0292437 0.543208 0.00947588 0.00947588 0.00947588 0.00947588 0.0292437 0.00947588 0.0490116 0.0687795 0.00947588 0.00947588 0.0885473 0.00947588 0.0292437 0.0292437 
0.00259692 0.00259692 0.246384 0.0242669 0.0188494 0.219297 0.0188494 0.0188494 0.105529 0.0459369 0.00259692 0.0351019 0.00259692 0.0242669 0.00259692 0.0188494 0.00259692 0.175957 0.0134319 0.0188494 
0.00837749 0.325501 0.0140404 0.00271457 0.00271457 0.34249 0.0423551 0.0197033 0.0197033 0.0140404 0.0253663 0.00271457 0.00271457 0.00837749 0.00271457 0.00271457 0.0140404 0.0197033 0.121636 0.00837749 
0.0355725 0.0355725 0.0596184 0.0115266 0.0115266 0.0115266 0.0115266 0.0355725 0.0355725 0.0115266 0.0115266 0.0115266 0.0596184 0.0115266 0.540536 0.0115266 0.0115266 0.0115266 0.0596184 0.0115266 
0.00953617 0.054786 0.000834265 0.0861129 0.000834265 0.658698 0.0112765 0.000834265 0.0304207 0.0234592 0.00779579 0.00431503 0.000834265 0.000834265 0.0791514 0.000834265 0.000834265 0.000834265 0.02694 0.000834265 
0.0610873 0.0118106 0.0118106 0.0364489 0.0118106 0.184279 0.0118106 0.0118106 0.0118106 0.0118106 0.0118106 0.0364489 0.0610873 0.0610873 0.0118106 0.0364489 0.208917 0.0857256 0.0857256 0.0364489 
0.00529168 0.00529168 0.0273699 0.159839 0.038409 0.303347 0.00529168 0.00529168 0.00529168 0.00529168 0.00529168 0.00529168 0.00529168 0.00529168 0.00529168 0.0604871 0.00529168 0.314386 0.00529168 0.0273699 
0.00430006 0.148251 0.00256571 0.172531 0.00256571 0.059799 0.0216435 0.000831371 0.000831371 0.0216435 0.000831371 0.0112374 0.000831371 0.00256571 0.0511273 0.465635 0.000831371 0.0164405 0.0147061 0.000831371 
0.225592 0.0127532 0.0393581 0.198987 0.0659629 0.0127532 0.0127532 0.0127532 0.0393581 0.0393581 0.0393581 0.0659629 0.0127532 0.0127532 0.0127532 0.0925677 0.0393581 0.0127532 0.0393581 0.0127532 
0.00361542 0.184628 0.00361542 0.0941219 0.00361542 0.0337843 0.026242 0.0639531 0.00361542 0.00361542 0.00361542 0.00361542 0.00361542 0.00361542 0.358099 0.0714953 0.0790375 0.00361542 0.0488687 0.00361542 
0.0234297 0.00118481 0.384291 0.27801 0.00118481 0.0629762 0.00118481 0.00365646 0.00365646 0.00118481 0.0382596 0.00859977 0.00118481 0.00118481 0.00118481 0.00859977 0.00859977 0.102523 0.0333163 0.035788 
0.0906039 0.00512205 0.00512205 0.240197 0.0158073 0.0264925 0.0692334 0.00512205 0.00512205 0.0371777 0.0158073 0.0264925 0.0371777 0.00512205 0.00512205 0.00512205 0.347049 0.047863 0.00512205 0.00512205 
0.01347 0.01347 0.06967 0.01347 0.01347 0.04157 0.01347 0.01347 0.01347 0.01347 0.04157 0.01347 0.04157 0.06967 0.01347 0.01347 0.01347 0.01347 0.21017 0.35067 
0.366182 0.167682 0.0353488 0.00226553 0.0211703 0.153503 0.00226553 0.00226553 0.00226553 0.00699172 0.00226553 0.0778845 0.00226553 0.00226553 0.00226553 0.00226553 0.0164441 0.00226553 0.129873 0.00226553 
0.121476 0.0147067 0.00284338 0.0621599 0.0206383 0.453649 0.0147067 0.00284338 0.00877503 0.0384333 0.02657 0.0147067 0.0443649 0.0147067 0.00284338 0.0977498 0.00877503 0.00284338 0.0443649 0.00284338 
0.0162016 0.0162016 0.151395 0.05 0.0162016 0.0837984 0.151395 0.0162016 0.0162016 0.117597 0.05 0.05 0.117597 0.0162016 0.0162016 0.05 0.0162016 0.0162016 0.0162016 0.0162016 
0.0115949 0.0115949 0.105648 0.160513 0.0272704 0.505375 0.0037571 0.0037571 0.0115949 0.0115949 0.0037571 0.0115949 0.0115949 0.0037571 0.0899727 0.0037571 0.0115949 0.0037571 0.0037571 0.0037571 
0.00642682 0.609748 0.00642682 0.00642682 0.00642682 0.0734625 0.00642682 0.00642682 0.00642682 0.00642682 0.0868696 0.0734625 0.00642682 0.00642682 0.0198339 0.00642682 0.0198339 0.00642682 0.0198339 0.0198339 
0.00313034 0.00313034 0.0623787 0.225312 0.00101433 0.163947 0.00101433 0.00313034 0.00524635 0.00101433 0.00524635 0.102583 0.00101433 0.00101433 0.0433346 0.00313034 0.00101433 0.00101433 0.00524635 0.367084 
0.024417 0.024417 0.00791187 0.0574273 0.00791187 0.00791187 0.189468 0.0409222 0.00791187 0.123448 0.189468 0.024417 0.024417 0.00791187 0.024417 0.00791187 0.123448 0.0904376 0.00791187 0.00791187 
0.000772427 0.00399518 0.00560656 0.0732844 0.0362227 0.000772427 0.0362227 0.00882931 0.0104407 0.0152748 0.00399518 0.0120521 0.00399518 0.0104407 0.0136634 0.493854 0.033 0.144185 0.0636161 0.0297772 
0.00373022 0.0919832 0.0138163 0.740012 0.00877325 0.0440744 0.00625174 0.00120871 0.00120871 0.0440744 0.00120871 0.00120871 0.0138163 0.00625174 0.0138163 0.00120871 0.00120871 0.00373022 0.00120871 0.00120871 
0.00104302 0.460151 0.114188 0.155529 0.00757062 0.00539475 0.120716 0.00104302 0.0228017 0.00321888 0.0293293 0.00104302 0.00321888 0.00104302 0.0380327 0.00321888 0.00974648 0.0140982 0.00757062 0.00104302 
0.0195349 0.0266473 0.000568238 0.140447 0.000568238 0.0159786 0.00649531 0.0467994 0.0207203 0.000568238 0.0467994 0.000568238 0.00649531 0.000568238 0.0681368 0.0100515 0.000568238 0.0788056 0.19142 0.318259 
0.00922083 0.127752 0.0059585 0.334367 0.00704594 0.00378361 0.000521275 0.00269616 0.00160872 0.000521275 0.0157455 0.00160872 0.00160872 0.0113957 0.401788 0.000521275 0.00487105 0.0614182 0.00487105 0.00269616 
0.00497344 0.0521441 0.00211462 0.139338 0.000685201 0.0278441 0.00211462 0.0221264 0.000685201 0.000685201 0.000685201 0.00640286 0.00926169 0.200803 0.458098 0.00354403 0.0521441 0.00640286 0.00926169 0.000685201 
0.00529168 0.303347 0.00529168 0.0273699 0.00529168 0.281269 0.038409 0.00529168 0.0273699 0.00529168 0.0163308 0.00529168 0.038409 0.0163308 0.00529168 0.00529168 0.0163308 0.00529168 0.159839 0.0273699 
0.00241888 0.077633 0.000783793 0.193724 0.00568906 0.000783793 0.00732415 0.00405397 0.00405397 0.0907137 0.0154996 0.00895924 0.000783793 0.000783793 0.000783793 0.000783793 0.00568906 0.57143 0.00732415 0.000783793 
0.00589135 0.0499153 0.000811663 0.156589 0.000811663 0.13119 0.486769 0.00758458 0.0126643 0.0583815 0.0160507 0.00419812 0.000811663 0.0126643 0.00927781 0.000811663 0.00250489 0.032983 0.000811663 0.00927781 
0.00587541 0.00587541 0.00587541 0.00587541 0.0549027 0.0303891 0.0671596 0.0303891 0.0181322 0.00587541 0.00587541 0.00587541 0.00587541 0.0303891 0.00587541 0.398094 0.263269 0.0303891 0.00587541 0.0181322 
0.00407662 0.0295896 0.0210853 0.106129 0.0125809 0.267711 0.114633 0.0721113 0.00407662 0.0465983 0.00407662 0.00407662 0.0465983 0.0295896 0.00407662 0.00407662 0.0976242 0.0551026 0.0551026 0.0210853 
0.0115745 0.0306849 0.00747946 0.217693 0.00338439 0.157632 0.275024 0.0102095 0.0497952 0.00201936 0.000654336 0.0252248 0.00201936 0.000654336 0.0497952 0.0265898 0.0443351 0.00474941 0.0798258 0.000654336 
0.00298148 0.505635 0.00298148 0.304814 0.00177896 0.0294369 0.00177896 0.000576437 0.0294369 0.0787402 0.00658904 0.00298148 0.000576437 0.00177896 0.00298148 0.000576437 0.004184 0.000576437 0.00658904 0.0150067 
0.000905154 0.00468168 0.0481117 0.286033 0.00279342 0.0953183 0.000905154 0.000905154 0.000905154 0.0103465 0.00656994 0.00468168 0.0707709 0.399329 0.0613296 0.000905154 0.000905154 0.00279342 0.000905154 0.000905154 
0.000927932 0.0938455 0.01835 0.26613 0.0202858 0.035772 0.0144784 0.000927932 0.00286371 0.0047995 0.0396436 0.0880381 0.0106068 0.285488 0.0106068 0.0377078 0.00286371 0.053194 0.0125426 0.000927932 
0.0122811 0.0672483 0.00280401 0.279536 0.00280401 0.00659485 0.00659485 0.000908585 0.000908585 0.00280401 0.417901 0.000908585 0.000908585 0.0141765 0.169601 0.000908585 0.00280401 0.000908585 0.000908585 0.00849027 
0.0047656 0.0047656 0.0445321 0.0842986 0.0147072 0.0246489 0.0345905 0.0047656 0.0047656 0.0047656 0.0147072 0.0345905 0.0147072 0.114123 0.0047656 0.0147072 0.0345905 0.511789 0.0246489 0.0047656 
0.00982393 0.00982393 0.0231053 0.222325 0.00982393 0.0363866 0.0164646 0.00982393 0.00318326 0.049668 0.0164646 0.00318326 0.00318326 0.00318326 0.00318326 0.0164646 0.0563086 0.481312 0.00318326 0.0231053 
0.00988961 0.00320454 0.05 0.00320454 0.00988961 0.0165747 0.0165747 0.0366299 0.00320454 0.0232597 0.00320454 0.00320454 0.00988961 0.0433149 0.00320454 0.324088 0.431049 0.00320454 0.00320454 0.00320454 
0.0837159 0.0137395 0.020101 0.0603904 0.00525748 0.0434265 0.00949847 0.00737797 0.024342 0.00525748 0.00101648 0.00949847 0.0349445 0.00101648 0.0391855 0.522659 0.00313698 0.00101648 0.113403 0.00101648 
0.000652554 0.000652554 0.0932216 0.263385 0.00201386 0.00882041 0.00201386 0.30967 0.000652554 0.00609779 0.0074591 0.02924 0.00201386 0.00201386 0.1749 0.0101817 0.0074591 0.000652554 0.0782472 0.000652554 
0.0360321 0.00778235 0.00150464 0.0517264 0.0171989 0.0391709 0.00150464 0.0171989 0.0297544 0.0485875 0.00778235 0.00150464 0.0046435 0.00150464 0.117642 0.0109212 0.0046435 0.579055 0.0203378 0.00150464 
0.0109977 0.0109977 0.0109977 0.0568828 0.0109977 0.446906 0.0109977 0.0109977 0.0109977 0.0568828 0.0568828 0.0568828 0.0109977 0.0109977 0.0109977 0.0568828 0.0339402 0.0339402 0.0109977 0.0798253 
0.0138594 0.0138594 0.0138594 0.0138594 0.0716843 0.0716843 0.0138594 0.0427719 0.0138594 0.0138594 0.0138594 0.0138594 0.0138594 0.0138594 0.0427719 0.0138594 0.245159 0.331897 0.0138594 0.0138594 
0.00878152 0.00878152 0.00878152 0.0820588 0.191975 0.00878152 0.0454202 0.00878152 0.118697 0.00878152 0.00878152 0.00878152 0.0820588 0.118697 0.0454202 0.0271008 0.0271008 0.0271008 0.0820588 0.0820588 
0.000783793 0.146307 0.00895924 0.151212 0.00895924 0.344153 0.00568906 0.000783793 0.0351207 0.000783793 0.00241888 0.0514716 0.000783793 0.00241888 0.113605 0.0138645 0.00241888 0.000783793 0.0204049 0.0890786 
0.000674594 0.00348917 0.000674594 0.650841 0.000674594 0.0133402 0.00208188 0.00208188 0.000674594 0.000674594 0.000674594 0.000674594 0.000674594 0.00208188 0.00348917 0.000674594 0.296205 0.000674594 0.000674594 0.0189693 
0.000618058 0.0418771 0.0044861 0.13471 0.0328517 0.48928 0.026405 0.000618058 0.000618058 0.000618058 0.0199582 0.0212476 0.0199582 0.00577544 0.067664 0.0122222 0.00319675 0.0754001 0.0405878 0.0019074 
0.000758974 0.00550891 0.0134255 0.485253 0.000758974 0.0340085 0.000758974 0.00709222 0.000758974 0.000758974 0.000758974 0.0039256 0.00234229 0.000758974 0.434587 0.000758974 0.000758974 0.000758974 0.00234229 0.0039256 
0.000937002 0.0224387 0.0224387 0.133857 0.0185293 0.0048464 0.0028917 0.000937002 0.0048464 0.000937002 0.00875581 0.000937002 0.0028917 0.000937002 0.0888986 0.507205 0.0028917 0.000937002 0.169041 0.0048464 
0.0442364 0.171202 0.000800816 0.10939 0.0275304 0.368333 0.119413 0.00414202 0.00915382 0.000800816 0.000800816 0.000800816 0.000800816 0.045907 0.0141656 0.00581262 0.000800816 0.0392246 0.00915382 0.0275304 
0.00529168 0.0163308 0.00529168 0.00529168 0.00529168 0.038409 0.049448 0.00529168 0.00529168 0.038409 0.00529168 0.0163308 0.00529168 0.402699 0.038409 0.27023 0.0273699 0.038409 0.0163308 0.00529168 
0.00541115 0.00541115 0.00541115 0.276331 0.00541115 0.0166995 0.208601 0.0279878 0.00541115 0.174736 0.00541115 0.0505644 0.00541115 0.00541115 0.00541115 0.0392761 0.0731411 0.00541115 0.0166995 0.0618527 
0.000633579 0.0468939 0.000633579 0.652244 0.00459875 0.000633579 0.00459875 0.0019553 0.00327703 0.000633579 0.0151726 0.017816 0.00856393 0.0019553 0.0587895 0.114302 0.0376419 0.0019553 0.00459875 0.0231029 
0.0156719 0.113752 0.0156719 0.0483653 0.0483653 0.113752 0.0810588 0.0483653 0.0483653 0.0156719 0.0156719 0.0156719 0.0156719 0.0156719 0.146446 0.0156719 0.113752 0.0483653 0.0156719 0.0483653 
0.00437422 0.0226245 0.05 0.342005 0.00437422 0.387631 0.05 0.0226245 0.00437422 0.00437422 0.0226245 0.0226245 0.00437422 0.00437422 0.00437422 0.0134994 0.00437422 0.00437422 0.00437422 0.0226245 
0.0161525 0.0161525 0.0707453 0.0489081 0.0161525 0.212687 0.0052339 0.0052339 0.0161525 0.0489081 0.0052339 0.027071 0.11442 0.0052339 0.0052339 0.0052339 0.0052339 0.343709 0.0052339 0.027071 
0.00547293 0.0625589 0.00547293 0.0625589 0.00547293 0.416492 0.00547293 0.00547293 0.00547293 0.00547293 0.0739761 0.00547293 0.00547293 0.0168901 0.00547293 0.0283073 0.176731 0.0283073 0.0739761 0.00547293 
0.0049121 0.0151594 0.0049121 0.0151594 0.0459011 0.117632 0.0049121 0.0049121 0.0356539 0.261093 0.0356539 0.0049121 0.0151594 0.0151594 0.0151594 0.0254066 0.0049121 0.363566 0.0049121 0.0049121 
0.010751 0.033179 0.055607 0.010751 0.010751 0.100463 0.100463 0.010751 0.010751 0.010751 0.010751 0.010751 0.010751 0.033179 0.010751 0.122891 0.212603 0.167747 0.055607 0.010751 
0.00882739 0.241542 0.0983331 0.00286035 0.00286035 0.30718 0.0326956 0.0207615 0.00286035 0.0326956 0.00286035 0.0267285 0.116234 0.00286035 0.00286035 0.0326956 0.0207615 0.00286035 0.00882739 0.0326956 
0.00204341 0.253549 0.0872996 0.0276203 0.0190946 0.355856 0.0872996 0.00204341 0.00204341 0.0318831 0.00204341 0.010569 0.0276203 0.0361459 0.00630622 0.00204341 0.010569 0.010569 0.0233575 0.00204341 
0.000689142 0.0409429 0.000689142 0.384538 0.00212678 0.449231 0.00356441 0.0136279 0.000689142 0.00212678 0.00212678 0.00787731 0.000689142 0.000689142 0.00212678 0.00212678 0.000689142 0.0466934 0.0337547 0.00500204 
0.00953893 0.0372228 0.00102081 0.791076 0.0457409 0.00102081 0.00102081 0.00527987 0.00953893 0.00102081 0.00102081 0.00527987 0.00102081 0.00315034 0.00102081 0.00527987 0.05 0.00527987 0.00102081 0.0244456 
0.0531121 0.0168039 0.00643008 0.102388 0.00124319 0.0168039 0.034958 0.00643008 0.0193973 0.0245842 0.00124319 0.00383664 0.00643008 0.00124319 0.0193973 0.548461 0.0271777 0.104981 0.00383664 0.00124319 
0.00138308 0.0331211 0.0648592 0.122565 0.00715363 0.38801 0.00138308 0.00426836 0.0331211 0.0158095 0.00138308 0.00138308 0.00426836 0.00426836 0.00426836 0.0158095 0.00715363 0.272599 0.00426836 0.0129242 
0.0123099 0.0320602 0.000788953 0.111061 0.000788953 0.033706 0.000788953 0.033706 0.000788953 0.125874 0.0254768 0.00243481 0.000788953 0.0188934 0.000788953 0.522525 0.00737237 0.0419353 0.0238309 0.00408066 
0.0240206 0.00778341 0.072732 0.137681 0.00778341 0.0240206 0.00778341 0.00778341 0.00778341 0.00778341 0.00778341 0.0402577 0.00778341 0.00778341 0.0564949 0.0564949 0.218866 0.202629 0.072732 0.0240206 
0.00193612 0.284665 0.0584819 0.163495 0.0100141 0.316977 0.0100141 0.00193612 0.0140531 0.0504039 0.00193612 0.0059751 0.0140531 0.00193612 0.00193612 0.00193612 0.0463649 0.0100141 0.00193612 0.00193612 
0.00296656 0.00915517 0.00296656 0.151493 0.0153438 0.219568 0.0153438 0.00296656 0.00296656 0.00915517 0.00296656 0.0215324 0.00296656 0.0215324 0.12055 0.00296656 0.00296656 0.380472 0.00915517 0.00296656 
0.0283753 0.00561241 0.33188 0.176334 0.00561241 0.00940622 0.00940622 0.0321691 0.00181859 0.138396 0.00561241 0.00181859 0.00940622 0.0245815 0.0245815 0.00181859 0.0207877 0.00181859 0.0397567 0.130808 
0.00259692 0.00259692 0.00259692 0.105529 0.00801441 0.0296844 0.00259692 0.00259692 0.00801441 0.00259692 0.00259692 0.0838593 0.00259692 0.679784 0.00259692 0.00259692 0.0188494 0.0242669 0.00801441 0.00801441 
0.439465 0.00264839 0.00443862 0.111852 0.000858162 0.0187605 0.00980932 0.038453 0.000858162 0.0563553 0.000858162 0.00264839 0.000858162 0.000858162 0.129755 0.0778381 0.0563553 0.0348725 0.00264839 0.00980932 
0.0266133 0.00862354 0.206511 0.00862354 0.00862354 0.0805826 0.0266133 0.0985724 0.0266133 0.00862354 0.00862354 0.0266133 0.0266133 0.116562 0.0266133 0.170531 0.0985724 0.00862354 0.00862354 0.00862354 
0.00137121 0.0185343 0.00137121 0.187305 0.00137121 0.00423173 0.553451 0.00709225 0.0128133 0.00423173 0.00137121 0.0356974 0.00137121 0.00137121 0.0614421 0.00137121 0.00709225 0.00423173 0.00137121 0.0929078 
0.0046232 0.0803619 0.0099382 0.0258832 0.0670744 0.0125957 0.0192394 0.00595195 0.000636947 0.00329445 0.0019657 0.00329445 0.00595195 0.000636947 0.626478 0.0152532 0.0046232 0.0152532 0.0963069 0.000636947 
0.000288668 0.0821874 0.00691283 0.11591 0.00269745 0.000288668 0.116513 0.0159458 0.00209526 0.00570844 0.013537 0.217079 0.00149306 0.000890864 0.000288668 0.413396 0.000288668 0.00209526 0.000890864 0.00149306 
0.00104987 0.0733252 0.016381 0.178453 0.00104987 0.00104987 0.00104987 0.0054302 0.00981052 0.00104987 0.00104987 0.0120007 0.00324003 0.00324003 0.241968 0.00104987 0.439082 0.00104987 0.00762036 0.00104987 
0.00268417 0.0978758 0.0250822 0.0810773 0.00828368 0.316257 0.0138832 0.00268417 0.0194827 0.00828368 0.00828368 0.0362812 0.00268417 0.00268417 0.170669 0.00828368 0.00268417 0.187468 0.00268417 0.00268417 
0.0124227 0.116084 0.0383381 0.0124227 0.0642534 0.0124227 0.0901688 0.219746 0.0124227 0.0124227 0.0642534 0.0124227 0.0124227 0.0124227 0.0124227 0.0124227 0.245661 0.0124227 0.0124227 0.0124227 
0.00143698 0.151323 0.00143698 0.241254 0.0314142 0.00743241 0.0044347 0.00143698 0.0044347 0.0284164 0.0044347 0.00143698 0.0194233 0.022421 0.0044347 0.022421 0.00143698 0.448097 0.00143698 0.00143698 
0.000831371 0.115298 0.448292 0.176 0.00950309 0.000831371 0.00256571 0.000831371 0.0060344 0.0164405 0.000831371 0.00256571 0.000831371 0.000831371 0.0147061 0.00950309 0.00950309 0.122235 0.00950309 0.0528617 
0.00594832 0.229309 0.00594832 0.00594832 0.0183572 0.00594832 0.10522 0.00594832 0.055584 0.00594832 0.00594832 0.0183572 0.00594832 0.00594832 0.00594832 0.00594832 0.0431751 0.390625 0.0183572 0.055584 
0.00095 0.357677 0.00095 0.181295 0.00095 0.00095 0.00293182 0.00293182 0.0108591 0.105986 0.00293182 0.00689545 0.0425682 0.0940955 0.00887727 0.0108591 0.00491364 0.0485136 0.0921136 0.02275 
0.0238788 0.00788624 0.00255539 0.205128 0.00255539 0.0238788 0.00255539 0.00255539 0.0132171 0.0345405 0.018548 0.018548 0.00788624 0.00255539 0.00255539 0.141158 0.00255539 0.482332 0.00255539 0.00255539 
0.285748 0.0732317 0.0890714 0.0098726 0.0191125 0.0402321 0.0111926 0.0138325 0.000632743 0.0573919 0.000632743 0.0283523 0.000632743 0.0098726 0.18015 0.0705917 0.0270323 0.0138325 0.0679517 0.000632743 
0.00754625 0.0715638 0.0176543 0.111996 0.00417691 0.42703 0.00586158 0.00249223 0.000807561 0.000807561 0.0176543 0.00249223 0.0109156 0.00249223 0.0547171 0.019339 0.000807561 0.0968339 0.144005 0.000807561 
0.00373087 0.0133814 0.0208874 0.0273212 0.00158629 0.0123092 0.00158629 0.0090923 0.0509114 0.053056 0.0112369 0.599922 0.0326826 0.109887 0.00265858 0.000514009 0.00265858 0.000514009 0.0283934 0.0176706 
0.000686182 0.000686182 0.00211764 0.882466 0.000686182 0.0035491 0.00498056 0.00211764 0.0035491 0.000686182 0.00211764 0.000686182 0.0035491 0.0751221 0.00498056 0.000686182 0.000686182 0.000686182 0.00641202 0.0035491 
0.0166862 0.00322611 0.00995616 0.178208 0.0234163 0.00322611 0.158017 0.00995616 0.0570666 0.0166862 0.00322611 0.0570666 0.00322611 0.0974469 0.0570666 0.218588 0.00322611 0.00995616 0.0705267 0.00322611 
