0.000171939 0.000171939 0.000171939 0.189305 0.0208047 0.000171939 0.000171939 0.361245 0.000171939 0.0328404 0.0259629 0.000171939 0.000171939 0.000171939 0.368122 0.000171939 
0.00157233 0.00157233 0.0644654 0.0172956 0.00157233 0.00157233 0.00157233 0.00157233 0.630503 0.00157233 0.00157233 0.00157233 0.00157233 0.00157233 0.00157233 0.268868 
0.0010142 0.0010142 0.0010142 0.0314402 0.0010142 0.0010142 0.0010142 0.0010142 0.477688 0.477688 0.0010142 0.0010142 0.0010142 0.0010142 0.0010142 0.0010142 
0.00316456 0.00316456 0.00316456 0.00316456 0.00316456 0.00316456 0.00316456 0.00316456 0.193038 0.00316456 0.00316456 0.129747 0.00316456 0.0348101 0.00316456 0.60443 
0.00102459 0.0625 0.0215164 0.00102459 0.00102459 0.0112705 0.00102459 0.0932377 0.00102459 0.185451 0.00102459 0.0932377 0.226434 0.195697 0.103484 0.00102459 
0.158031 0.00259067 0.00259067 0.546632 0.00259067 0.00259067 0.00259067 0.00259067 0.00259067 0.0803109 0.00259067 0.00259067 0.0284974 0.158031 0.00259067 0.00259067 
0.000167616 0.000167616 0.0403956 0.109118 0.0554811 0.000167616 0.000167616 0.000167616 0.000167616 0.0621857 0.000167616 0.000167616 0.000167616 0.419209 0.280087 0.0320148 
0.00420336 0.026221 0.00420336 0.0382306 0.188351 0.00020016 0.00620496 0.00020016 0.00020016 0.00820657 0.00420336 0.00020016 0.00620496 0.288431 0.258407 0.166333 
0.000138966 0.000138966 0.000138966 0.000138966 0.000138966 0.000138966 0.00708727 0.350334 0.000138966 0.0585047 0.0362702 0.000138966 0.0126459 0.385075 0.134936 0.0140356 
0.00137741 0.00137741 0.00137741 0.0289256 0.00137741 0.00137741 0.00137741 0.00137741 0.00137741 0.318182 0.00137741 0.00137741 0.00137741 0.152893 0.00137741 0.483471 
0.0445402 0.00143678 0.00143678 0.145115 0.00143678 0.00143678 0.0445402 0.00143678 0.00143678 0.00143678 0.00143678 0.0158046 0.647989 0.00143678 0.00143678 0.0876437 
0.00501672 0.000238892 0.000238892 0.0838509 0.00501672 0.000238892 0.000238892 0.0862398 0.272575 0.00979455 0.00262781 0.000238892 0.0480172 0.0432394 0.236742 0.205686 
0.0109344 0.000994036 0.000994036 0.000994036 0.0407555 0.000994036 0.000994036 0.16998 0.0805169 0.000994036 0.0308151 0.000994036 0.607356 0.000994036 0.0109344 0.0407555 
0.126506 0.0060241 0.0060241 0.0060241 0.0060241 0.0060241 0.0060241 0.0060241 0.0060241 0.0060241 0.0060241 0.126506 0.0662651 0.0060241 0.0060241 0.608434 
0.00564272 0.000137627 0.000137627 0.000137627 0.289155 0.000137627 0.0015139 0.000137627 0.000137627 0.00839527 0.0015139 0.0276631 0.135012 0.000137627 0.346958 0.183182 
0.00115473 0.00115473 0.00115473 0.382217 0.00115473 0.00115473 0.00115473 0.0127021 0.185912 0.00115473 0.00115473 0.174365 0.00115473 0.220554 0.00115473 0.0127021 
0.0384615 0.000317864 0.000317864 0.0797839 0.0034965 0.000317864 0.000317864 0.000317864 0.553401 0.000317864 0.000317864 0.000317864 0.117928 0.060712 0.143357 0.000317864 
0.000618812 0.00680693 0.000618812 0.409035 0.000618812 0.012995 0.012995 0.000618812 0.0191832 0.0439356 0.000618812 0.000618812 0.433787 0.0563119 0.000618812 0.000618812 
0.000379363 0.064871 0.000379363 0.000379363 0.000379363 0.000379363 0.000379363 0.0117602 0.413885 0.000379363 0.000379363 0.000379363 0.265933 0.0307284 0.209029 0.000379363 
0.00121065 0.00121065 0.00121065 0.00121065 0.0375303 0.00121065 0.0133172 0.00121065 0.00121065 0.00121065 0.679177 0.00121065 0.00121065 0.00121065 0.255448 0.00121065 
0.109043 0.00265957 0.00265957 0.00265957 0.00265957 0.00265957 0.00265957 0.00265957 0.401596 0.00265957 0.00265957 0.00265957 0.375 0.00265957 0.00265957 0.0824468 
0.00127226 0.00127226 0.00127226 0.00127226 0.00127226 0.0139949 0.00127226 0.00127226 0.357506 0.0139949 0.00127226 0.00127226 0.573791 0.0267176 0.00127226 0.00127226 
0.232337 0.0013587 0.0013587 0.0013587 0.0013587 0.0285326 0.0013587 0.0013587 0.0013587 0.273098 0.0013587 0.0013587 0.422554 0.0013587 0.0013587 0.0285326 
0.327676 0.00130548 0.00130548 0.00130548 0.0535248 0.00130548 0.00130548 0.0143603 0.00130548 0.236292 0.00130548 0.00130548 0.353786 0.00130548 0.00130548 0.00130548 
0.000180636 0.00740607 0.000180636 0.0706286 0.000180636 0.000180636 0.00198699 0.000180636 0.0489523 0.0453396 0.0110188 0.000180636 0.507767 0.0850795 0.220556 0.000180636 
0.00193798 0.00193798 0.0213178 0.00193798 0.00193798 0.00193798 0.00193798 0.00193798 0.00193798 0.00193798 0.0213178 0.00193798 0.00193798 0.932171 0.00193798 0.00193798 
0.000150921 0.26879 0.000150921 0.143526 0.000150921 0.000150921 0.00769695 0.000150921 0.00166013 0.157108 0.000150921 0.00166013 0.0318442 0.0182614 0.301992 0.066556 
0.0008726 0.0008726 0.0008726 0.184119 0.0095986 0.0008726 0.0183246 0.0270506 0.358639 0.306283 0.0008726 0.0008726 0.0008726 0.0706806 0.0095986 0.0095986 
0.00848765 0.000771605 0.000771605 0.39429 0.417438 0.000771605 0.0625 0.000771605 0.000771605 0.000771605 0.0393519 0.000771605 0.000771605 0.070216 0.000771605 0.000771605 
0.0371622 0.00337838 0.00337838 0.00337838 0.0371622 0.00337838 0.00337838 0.00337838 0.510135 0.00337838 0.00337838 0.172297 0.0709459 0.00337838 0.138514 0.00337838 
0.00145773 0.00145773 0.016035 0.00145773 0.00145773 0.00145773 0.00145773 0.409621 0.482507 0.00145773 0.074344 0.00145773 0.00145773 0.00145773 0.00145773 0.00145773 
0.000223914 0.000223914 0.000223914 0.000223914 0.000223914 0.000223914 0.000223914 0.000223914 0.000223914 0.000223914 0.000223914 0.383117 0.369682 0.0136588 0.230855 0.000223914 
0.256162 0.000880282 0.000880282 0.000880282 0.000880282 0.000880282 0.0360915 0.000880282 0.370599 0.0096831 0.0096831 0.000880282 0.000880282 0.28257 0.000880282 0.0272887 
0.000180963 0.000180963 0.000180963 0.0418024 0.000180963 0.000180963 0.000180963 0.000180963 0.561165 0.043612 0.000180963 0.000180963 0.000180963 0.0092291 0.0942816 0.2481 
0.000422654 0.000422654 0.0046492 0.000422654 0.000422654 0.000422654 0.000422654 0.0046492 0.224429 0.000422654 0.000422654 0.000422654 0.7612 0.000422654 0.000422654 0.000422654 
0.438776 0.016035 0.14723 0.00145773 0.0451895 0.00145773 0.00145773 0.00145773 0.00145773 0.00145773 0.00145773 0.00145773 0.016035 0.132653 0.00145773 0.190962 
0.00162338 0.00162338 0.00162338 0.391234 0.00162338 0.00162338 0.00162338 0.00162338 0.163961 0.00162338 0.0340909 0.00162338 0.326299 0.0503247 0.00162338 0.0178571 
0.136644 0.000257334 0.000257334 0.000257334 0.000257334 0.000257334 0.000257334 0.000257334 0.414565 0.128924 0.000257334 0.00797735 0.309058 0.000257334 0.000257334 0.000257334 
0.000162973 0.0017927 0.0083116 0.000162973 0.000162973 0.0017927 0.000162973 0.223435 0.151728 0.200619 0.0278683 0.0246089 0.000162973 0.202249 0.00668188 0.150098 
0.00862069 0.00862069 0.00862069 0.00862069 0.0948276 0.00862069 0.00862069 0.00862069 0.00862069 0.00862069 0.00862069 0.00862069 0.784483 0.00862069 0.00862069 0.00862069 
0.00118203 0.00118203 0.0130024 0.131206 0.107565 0.036643 0.00118203 0.00118203 0.00118203 0.00118203 0.0484634 0.00118203 0.261229 0.00118203 0.190307 0.202128 
0.000721501 0.000721501 0.000721501 0.0656566 0.000721501 0.000721501 0.000721501 0.0295815 0.000721501 0.00793651 0.000721501 0.000721501 0.751082 0.0512266 0.0873016 0.000721501 
0.00485437 0.00485437 0.00485437 0.0533981 0.00485437 0.00485437 0.00485437 0.00485437 0.199029 0.00485437 0.00485437 0.00485437 0.635922 0.00485437 0.00485437 0.0533981 
0.0034965 0.0034965 0.0034965 0.248252 0.0034965 0.0034965 0.0034965 0.0034965 0.632867 0.0034965 0.0034965 0.0034965 0.0034965 0.0034965 0.0034965 0.0734266 
0.00559512 0.000508647 0.00559512 0.0208545 0.000508647 0.000508647 0.000508647 0.000508647 0.000508647 0.47355 0.0208545 0.000508647 0.351475 0.0818922 0.0208545 0.0157681 
0.00190114 0.00190114 0.00190114 0.458175 0.00190114 0.00190114 0.00190114 0.00190114 0.458175 0.00190114 0.0589354 0.00190114 0.00190114 0.00190114 0.00190114 0.00190114 
0.652726 0.000123365 0.00752529 0.000123365 0.000123365 0.000123365 0.000123365 0.00505798 0.185171 0.0618061 0.0112263 0.00505798 0.00135702 0.0605724 0.00875894 0.000123365 
0.000104866 0.161598 0.000104866 0.000104866 0.000104866 0.000104866 0.000104866 0.0105914 0.000104866 0.000104866 0.000104866 0.00115352 0.393352 0.14482 0.244442 0.0430998 
0.0308989 0.00280899 0.00280899 0.00280899 0.0870787 0.00280899 0.00280899 0.00280899 0.00280899 0.0308989 0.0308989 0.0308989 0.761236 0.00280899 0.00280899 0.00280899 
0.000288517 0.0291402 0.000288517 0.124351 0.000288517 0.000288517 0.0464512 0.0175995 0.000288517 0.000288517 0.000288517 0.000288517 0.591748 0.000288517 0.179169 0.00894403 
0.786173 0.000169033 0.000169033 0.000169033 0.000169033 0.000169033 0.000169033 0.000169033 0.000169033 0.000169033 0.000169033 0.000169033 0.000169033 0.0998986 0.111731 0.000169033 
0.000133761 0.388042 0.000133761 0.0482879 0.000133761 0.000133761 0.000133761 0.000133761 0.0188604 0.168673 0.000133761 0.000133761 0.000133761 0.000133761 0.000133761 0.374666 
0.000160102 0.000160102 0.000160102 0.00816523 0.000160102 0.000160102 0.000160102 0.000160102 0.000160102 0.000160102 0.147454 0.0481908 0.630964 0.000160102 0.163465 0.000160102 
0.247573 0.00485437 0.00485437 0.00485437 0.00485437 0.00485437 0.00485437 0.199029 0.00485437 0.00485437 0.00485437 0.00485437 0.101942 0.00485437 0.199029 0.199029 
0.560185 0.00462963 0.00462963 0.00462963 0.00462963 0.0509259 0.00462963 0.0972222 0.00462963 0.00462963 0.00462963 0.00462963 0.00462963 0.00462963 0.00462963 0.236111 
0.000829187 0.0174129 0.000829187 0.000829187 0.000829187 0.000829187 0.00912106 0.000829187 0.000829187 0.116915 0.000829187 0.000829187 0.556385 0.000829187 0.291045 0.000829187 
0.000194704 0.000194704 0.000194704 0.103388 0.000194704 0.000194704 0.00408879 0.000194704 0.594042 0.000194704 0.000194704 0.000194704 0.000194704 0.0430296 0.173481 0.0800234 
0.000441306 0.000441306 0.00485437 0.00485437 0.00926743 0.0533981 0.0136805 0.000441306 0.000441306 0.000441306 0.000441306 0.000441306 0.591792 0.000441306 0.318182 0.000441306 
0.000167056 0.0101904 0.00851988 0.000167056 0.000167056 0.000167056 0.000167056 0.0101904 0.229034 0.102072 0.000167056 0.000167056 0.234046 0.0352489 0.148847 0.220682 
0.00337838 0.00337838 0.00337838 0.00337838 0.00337838 0.00337838 0.00337838 0.00337838 0.206081 0.00337838 0.00337838 0.00337838 0.712838 0.0371622 0.00337838 0.00337838 
0.0037594 0.0037594 0.0037594 0.0037594 0.0413534 0.0037594 0.154135 0.0037594 0.0037594 0.0037594 0.0037594 0.0037594 0.379699 0.0789474 0.304511 0.0037594 
0.650538 0.00537634 0.00537634 0.00537634 0.00537634 0.00537634 0.00537634 0.00537634 0.00537634 0.00537634 0.00537634 0.00537634 0.274194 0.00537634 0.00537634 0.00537634 
0.000137061 0.000137061 0.000137061 0.000137061 0.00287829 0.000137061 0.0042489 0.346902 0.000137061 0.101562 0.0577029 0.00561952 0.270148 0.0220669 0.130345 0.0577029 
0.0384615 0.0384615 0.0034965 0.0034965 0.0034965 0.0034965 0.0034965 0.0034965 0.0034965 0.0384615 0.0034965 0.0034965 0.0034965 0.597902 0.0734266 0.178322 
0.000956023 0.000956023 0.0200765 0.000956023 0.000956023 0.000956023 0.0105163 0.000956023 0.17304 0.134799 0.0296367 0.000956023 0.383365 0.000956023 0.0200765 0.220841 
0.00224215 0.0695067 0.00224215 0.338565 0.0470852 0.00224215 0.00224215 0.00224215 0.517937 0.00224215 0.00224215 0.00224215 0.00224215 0.00224215 0.00224215 0.00224215 
0.00297619 0.0327381 0.00297619 0.00297619 0.00297619 0.00297619 0.00297619 0.00297619 0.657738 0.00297619 0.00297619 0.00297619 0.00297619 0.00297619 0.00297619 0.270833 
0.000503525 0.000503525 0.0156093 0.000503525 0.0156093 0.00553877 0.000503525 0.000503525 0.725579 0.0558912 0.000503525 0.00553877 0.000503525 0.000503525 0.171702 0.000503525 
0.00167785 0.00167785 0.00167785 0.00167785 0.0520134 0.00167785 0.00167785 0.00167785 0.0352349 0.00167785 0.00167785 0.00167785 0.588926 0.0352349 0.186242 0.0855705 
0.00055991 0.00055991 0.00055991 0.106943 0.00055991 0.00055991 0.00055991 0.0117581 0.213326 0.207727 0.00055991 0.00055991 0.00055991 0.00055991 0.202128 0.25252 
0.00442478 0.00442478 0.0486726 0.0929204 0.00442478 0.00442478 0.00442478 0.00442478 0.358407 0.225664 0.00442478 0.00442478 0.225664 0.00442478 0.00442478 0.00442478 
0.00306748 0.00306748 0.00306748 0.0337423 0.309816 0.0337423 0.279141 0.00306748 0.0644172 0.00306748 0.00306748 0.00306748 0.217791 0.00306748 0.00306748 0.0337423 
0.000144383 0.000144383 0.000144383 0.0116951 0.000144383 0.000144383 0.000144383 0.0174704 0.000144383 0.0564539 0.000144383 0.000144383 0.642651 0.0290211 0.241265 0.000144383 
0.00510204 0.00510204 0.00510204 0.362245 0.00510204 0.00510204 0.107143 0.00510204 0.107143 0.00510204 0.00510204 0.00510204 0.362245 0.00510204 0.00510204 0.00510204 
0.166959 0.000175562 0.0159761 0.000175562 0.000175562 0.000175562 0.240695 0.000175562 0.0370435 0.000175562 0.000175562 0.000175562 0.0142205 0.0107093 0.428546 0.0844452 
0.106591 0.000171644 0.000171644 0.176965 0.00532097 0.000171644 0.00360453 0.0104703 0.355475 0.0156196 0.00532097 0.000171644 0.000171644 0.0310676 0.00532097 0.283385 
0.00406504 0.126016 0.00406504 0.00406504 0.695122 0.00406504 0.00406504 0.00406504 0.00406504 0.00406504 0.00406504 0.00406504 0.00406504 0.00406504 0.126016 0.00406504 
0.441309 0.418736 0.0124153 0.00112867 0.0801354 0.00112867 0.00112867 0.00112867 0.00112867 0.00112867 0.0349887 0.00112867 0.00112867 0.00112867 0.00112867 0.00112867 
0.00234742 0.00234742 0.00234742 0.00234742 0.260563 0.00234742 0.119718 0.00234742 0.00234742 0.00234742 0.00234742 0.00234742 0.565728 0.0258216 0.00234742 0.00234742 
0.193038 0.256329 0.00316456 0.00316456 0.00316456 0.00316456 0.00316456 0.00316456 0.00316456 0.00316456 0.00316456 0.00316456 0.00316456 0.00316456 0.509494 0.00316456 
0.00246305 0.00246305 0.00246305 0.00246305 0.00246305 0.00246305 0.00246305 0.00246305 0.00246305 0.00246305 0.00246305 0.00246305 0.29803 0.00246305 0.00246305 0.667488 
0.00568182 0.000516529 0.0418388 0.434401 0.0211777 0.000516529 0.0676653 0.000516529 0.000516529 0.000516529 0.217459 0.000516529 0.000516529 0.201963 0.00568182 0.000516529 
0.158163 0.00510204 0.00510204 0.00510204 0.00510204 0.00510204 0.00510204 0.00510204 0.260204 0.00510204 0.00510204 0.0561224 0.00510204 0.00510204 0.158163 0.311224 
0.00326797 0.00326797 0.00326797 0.00326797 0.00326797 0.00326797 0.00326797 0.00326797 0.00326797 0.00326797 0.00326797 0.00326797 0.722222 0.0686275 0.0686275 0.101307 
0.00246305 0.00246305 0.00246305 0.00246305 0.00246305 0.00246305 0.125616 0.00246305 0.0270936 0.347291 0.00246305 0.00246305 0.00246305 0.224138 0.248768 0.00246305 
0.657258 0.000576037 0.000576037 0.0236175 0.000576037 0.000576037 0.000576037 0.000576037 0.202189 0.0120968 0.000576037 0.000576037 0.000576037 0.0985023 0.000576037 0.000576037 
0.00229358 0.00229358 0.644495 0.0711009 0.00229358 0.00229358 0.00229358 0.00229358 0.0252294 0.0481651 0.00229358 0.00229358 0.139908 0.00229358 0.00229358 0.0481651 
0.00362319 0.00362319 0.00362319 0.00362319 0.112319 0.00362319 0.00362319 0.00362319 0.221014 0.00362319 0.00362319 0.00362319 0.00362319 0.32971 0.00362319 0.293478 
0.000144383 0.000144383 0.00303205 0.000144383 0.000144383 0.000144383 0.000144383 0.000144383 0.000144383 0.00736356 0.569015 0.00158822 0.000144383 0.000144383 0.16041 0.257147 
0.000659631 0.000659631 0.000659631 0.000659631 0.000659631 0.000659631 0.000659631 0.000659631 0.990106 0.000659631 0.000659631 0.000659631 0.000659631 0.000659631 0.000659631 0.000659631 
0.00423729 0.00423729 0.00423729 0.00423729 0.00423729 0.00423729 0.00423729 0.00423729 0.470339 0.00423729 0.00423729 0.00423729 0.216102 0.00423729 0.00423729 0.258475 
0.000857633 0.0265866 0.000857633 0.0951973 0.0265866 0.000857633 0.146655 0.0180103 0.000857633 0.129503 0.000857633 0.000857633 0.0866209 0.129503 0.00943396 0.326758 
0.0509259 0.00462963 0.00462963 0.00462963 0.00462963 0.0972222 0.00462963 0.00462963 0.560185 0.00462963 0.00462963 0.00462963 0.00462963 0.00462963 0.236111 0.00462963 
0.000174642 0.00192106 0.0228781 0.000174642 0.000174642 0.000174642 0.0263709 0.272616 0.000174642 0.0054139 0.000174642 0.000174642 0.284841 0.0508208 0.319769 0.014146 
0.787582 0.00326797 0.0686275 0.00326797 0.00326797 0.00326797 0.00326797 0.00326797 0.0359477 0.0686275 0.00326797 0.00326797 0.00326797 0.00326797 0.00326797 0.00326797 
0.07277 0.00234742 0.0258216 0.307512 0.00234742 0.0258216 0.00234742 0.00234742 0.00234742 0.00234742 0.00234742 0.00234742 0.213615 0.00234742 0.330986 0.00234742 
0.000686813 0.000686813 0.000686813 0.000686813 0.000686813 0.000686813 0.0144231 0.000686813 0.900412 0.000686813 0.000686813 0.000686813 0.00755495 0.0693681 0.000686813 0.000686813 
9.61908e-05 9.61908e-05 9.61908e-05 0.0885918 9.61908e-05 0.0010581 9.61908e-05 9.61908e-05 0.482012 0.207868 9.61908e-05 9.61908e-05 0.137649 0.0193344 0.054925 0.00779146 
0.000178063 0.00551994 0.000178063 0.0607194 0.000178063 0.000178063 0.000178063 0.000178063 0.000178063 0.137286 0.550392 0.000178063 0.000178063 0.000178063 0.244124 0.000178063 
0.000373692 0.000373692 0.00784753 0.108744 0.000373692 0.000373692 0.0414798 0.000373692 0.325486 0.0751121 0.000373692 0.000373692 0.000373692 0.39275 0.0452167 0.000373692 
0.0747549 0.00122549 0.295343 0.00122549 0.00122549 0.0502451 0.0379902 0.00122549 0.0257353 0.00122549 0.00122549 0.00122549 0.307598 0.197304 0.00122549 0.00122549 
0.00406504 0.00406504 0.00406504 0.00406504 0.00406504 0.00406504 0.0447154 0.00406504 0.369919 0.00406504 0.00406504 0.00406504 0.49187 0.0447154 0.00406504 0.00406504 
0.0348101 0.00316456 0.00316456 0.0981013 0.00316456 0.0348101 0.00316456 0.00316456 0.762658 0.00316456 0.0348101 0.00316456 0.00316456 0.00316456 0.00316456 0.00316456 
0.000154178 0.000154178 0.000154178 0.000154178 0.000154178 0.00169596 0.000154178 0.0556583 0.513568 0.0618255 0.0248227 0.000154178 0.037157 0.0541166 0.000154178 0.249923 
0.00234742 0.00234742 0.00234742 0.166667 0.0258216 0.00234742 0.119718 0.284038 0.00234742 0.00234742 0.00234742 0.00234742 0.143192 0.00234742 0.143192 0.0962441 
0.000566251 0.0175538 0.000566251 0.176104 0.000566251 0.0175538 0.000566251 0.0515289 0.340317 0.142129 0.000566251 0.000566251 0.227067 0.0232163 0.000566251 0.000566251 
0.00059312 0.00652432 0.00059312 0.00059312 0.00059312 0.00652432 0.00059312 0.00059312 0.273428 0.00652432 0.00059312 0.148873 0.119217 0.421708 0.0124555 0.00059312 
0.00297619 0.00297619 0.0327381 0.270833 0.00297619 0.0327381 0.00297619 0.00297619 0.00297619 0.00297619 0.00297619 0.00297619 0.00297619 0.00297619 0.00297619 0.627976 
0.000176491 0.000176491 0.000176491 0.000176491 0.000176491 0.00723615 0.000176491 0.53318 0.000176491 0.000176491 0.000176491 0.00370632 0.0337098 0.13784 0.0354748 0.247264 
0.156442 0.00306748 0.00306748 0.00306748 0.00306748 0.00306748 0.00306748 0.00306748 0.00306748 0.00306748 0.00306748 0.00306748 0.739264 0.00306748 0.00306748 0.0644172 
0.00121065 0.00121065 0.00121065 0.00121065 0.00121065 0.00121065 0.00121065 0.00121065 0.449153 0.00121065 0.00121065 0.00121065 0.424939 0.110169 0.00121065 0.00121065 
0.0265565 0.000175871 0.000175871 0.140872 0.000175871 0.000175871 0.000175871 0.000175871 0.000175871 0.000175871 0.397643 0.000175871 0.000175871 0.149666 0.102181 0.181323 
0.00337838 0.307432 0.00337838 0.00337838 0.206081 0.0371622 0.00337838 0.00337838 0.00337838 0.00337838 0.00337838 0.239865 0.00337838 0.00337838 0.172297 0.00337838 
0.0248796 0.000802568 0.0810594 0.000802568 0.000802568 0.000802568 0.0569823 0.0329053 0.000802568 0.137239 0.000802568 0.00882825 0.000802568 0.113162 0.000802568 0.538523 
0.000252143 0.000252143 0.000252143 0.317953 0.000252143 0.000252143 0.0103379 0.0179022 0.254917 0.0355522 0.000252143 0.000252143 0.0758951 0.000252143 0.282653 0.00277358 
0.538551 0.00116822 0.00116822 0.00116822 0.00116822 0.00116822 0.00116822 0.00116822 0.00116822 0.00116822 0.00116822 0.00116822 0.433411 0.00116822 0.0128505 0.00116822 
0.00362319 0.00362319 0.00362319 0.076087 0.257246 0.00362319 0.00362319 0.00362319 0.00362319 0.619565 0.00362319 0.00362319 0.00362319 0.00362319 0.00362319 0.00362319 
0.000491159 0.000491159 0.000491159 0.000491159 0.000491159 0.000491159 0.000491159 0.000491159 0.00540275 0.000491159 0.000491159 0.781434 0.000491159 0.206778 0.000491159 0.000491159 
0.000622665 0.013076 0.0504359 0.000622665 0.013076 0.00684932 0.000622665 0.0504359 0.106476 0.174969 0.0628892 0.000622665 0.517435 0.000622665 0.000622665 0.000622665 
0.00462963 0.00462963 0.143519 0.0972222 0.00462963 0.00462963 0.00462963 0.0509259 0.421296 0.00462963 0.00462963 0.00462963 0.00462963 0.00462963 0.236111 0.00462963 
0.00083612 0.00083612 0.00083612 0.076087 0.00919732 0.00083612 0.00083612 0.00083612 0.00083612 0.00083612 0.00083612 0.00083612 0.494147 0.00083612 0.151338 0.260033 
0.0015015 0.0315315 0.0015015 0.0015015 0.0015015 0.0015015 0.0015015 0.0465465 0.0015015 0.0015015 0.0015015 0.0015015 0.0015015 0.902402 0.0015015 0.0015015 
0.000215239 0.000215239 0.000215239 0.0777012 0.000215239 0.000215239 0.000215239 0.68037 0.000215239 0.00667241 0.000215239 0.000215239 0.000215239 0.000215239 0.125054 0.107835 
0.211027 0.00190114 0.00190114 0.173004 0.00190114 0.00190114 0.00190114 0.00190114 0.134981 0.00190114 0.00190114 0.00190114 0.00190114 0.458175 0.00190114 0.00190114 
0.127489 0.109533 0.000163239 0.000163239 0.000163239 0.000163239 0.0164871 0.000163239 0.0050604 0.0719882 0.525792 0.000163239 0.0523996 0.0458701 0.0442377 0.000163239 
0.000257334 0.000257334 0.000257334 0.0234174 0.00283067 0.000257334 0.388832 0.000257334 0.000257334 0.000257334 0.00283067 0.000257334 0.172671 0.013124 0.393978 0.000257334 
0.00907883 0.000221435 0.000221435 0.000221435 0.000221435 0.00686448 0.000221435 0.0334367 0.0843667 0.0201506 0.000221435 0.000221435 0.0954384 0.58481 0.073295 0.0910097 
0.000119674 0.000119674 0.000119674 0.0587602 0.000119674 0.00490665 0.00490665 0.000119674 0.404619 0.311273 0.000119674 0.000119674 0.000119674 0.0467927 0.0611537 0.10663 
0.0198552 0.000109697 0.000109697 0.000109697 0.00120667 0.000109697 0.000109697 0.000109697 0.366498 0.0154673 0.000109697 0.00120667 0.00120667 0.18111 0.263383 0.149298 
0.0073742 0.00159051 0.000144592 0.000144592 0.000144592 0.000144592 0.00159051 0.0319549 0.389098 0.010266 0.0406304 0.000144592 0.000144592 0.049306 0.180885 0.286437 
0.00121065 0.00121065 0.00121065 0.110169 0.0254237 0.00121065 0.00121065 0.437046 0.00121065 0.00121065 0.00121065 0.00121065 0.00121065 0.412833 0.00121065 0.00121065 
0.000165673 0.000165673 0.0018224 0.144301 0.000165673 0.000165673 0.000165673 0.000165673 0.59493 0.0018224 0.000165673 0.00347913 0.00679258 0.0912856 0.154241 0.000165673 
0.0345005 0.000171644 0.0499485 0.000171644 0.000171644 0.000171644 0.000171644 0.000171644 0.000171644 0.000171644 0.000171644 0.000171644 0.767422 0.0774116 0.0688294 0.000171644 
0.762228 0.0013587 0.0013587 0.0013587 0.110054 0.0013587 0.0013587 0.0013587 0.0013587 0.0013587 0.0013587 0.0013587 0.110054 0.0013587 0.0013587 0.0013587 
0.0465328 0.000912409 0.000912409 0.156022 0.0739051 0.0191606 0.000912409 0.000912409 0.429745 0.000912409 0.000912409 0.000912409 0.165146 0.000912409 0.101277 0.000912409 
0.000138007 0.000138007 0.000138007 0.000138007 0.000138007 0.000138007 0.000138007 0.393458 0.000138007 0.179547 0.000138007 0.000138007 0.0719017 0.156086 0.116064 0.0815622 
0.000121418 0.000121418 0.000121418 0.104541 0.000121418 0.000121418 0.000121418 0.235673 0.000121418 0.070544 0.000121418 0.000121418 0.000121418 0.348592 0.239315 0.000121418 
0.0021089 0.0021089 0.000191718 0.1574 0.000191718 0.000191718 0.00786043 0.000191718 0.329946 0.000191718 0.000191718 0.000191718 0.193827 0.000191718 0.276265 0.0289494 
0.0650806 0.0729453 0.000196618 0.0611483 0.000196618 0.000196618 0.0021628 0.000196618 0.299056 0.0886748 0.0277232 0.000196618 0.0395203 0.104404 0.238105 0.000196618 
0.0790993 0.000192456 0.000192456 0.000192456 0.000192456 0.000192456 0.00211701 0.338915 0.036759 0.0290608 0.000192456 0.000192456 0.0386836 0.129138 0.12144 0.223441 
0.11987 0.00107991 0.00107991 0.163067 0.00107991 0.00107991 0.00107991 0.00107991 0.551836 0.11987 0.00107991 0.00107991 0.0334773 0.00107991 0.00107991 0.00107991 
0.00771388 0.000701262 0.000701262 0.000701262 0.000701262 0.000701262 0.000701262 0.000701262 0.6669 0.000701262 0.000701262 0.000701262 0.000701262 0.000701262 0.316269 0.000701262 
0.784605 0.0218927 0.000706215 0.000706215 0.000706215 0.000706215 0.0430791 0.00776836 0.000706215 0.000706215 0.00776836 0.0148305 0.000706215 0.000706215 0.113701 0.000706215 
0.000215703 0.000215703 0.0131579 0.00452977 0.0347282 0.0606126 0.0066868 0.000215703 0.000215703 0.248274 0.470449 0.0476704 0.0153149 0.00452977 0.0929681 0.000215703 
0.000137627 0.000137627 0.000137627 0.000137627 0.000137627 0.000137627 0.000137627 0.000137627 0.000137627 0.125378 0.0538123 0.000137627 0.000137627 0.0015139 0.670383 0.147399 
0.106568 0.000321958 0.148422 0.000321958 0.000321958 0.000321958 0.000321958 0.000321958 0.669994 0.0357373 0.000321958 0.000321958 0.00998068 0.00676111 0.0196394 0.000321958 
0.00280899 0.00280899 0.00280899 0.00280899 0.00280899 0.00280899 0.00280899 0.00280899 0.0308989 0.0308989 0.00280899 0.143258 0.620787 0.0589888 0.0308989 0.0589888 
0.0037594 0.0413534 0.0037594 0.0037594 0.0037594 0.0789474 0.0037594 0.0789474 0.266917 0.0037594 0.0037594 0.0037594 0.0789474 0.0413534 0.0413534 0.342105 
0.0236052 0.00214592 0.00214592 0.00214592 0.00214592 0.0450644 0.495708 0.00214592 0.00214592 0.0879828 0.00214592 0.0879828 0.00214592 0.0236052 0.00214592 0.216738 
0.000165673 0.000165673 0.000165673 0.00513585 0.000165673 0.000165673 0.02833 0.465706 0.000165673 0.144301 0.000165673 0.0167329 0.000165673 0.112823 0.0680915 0.157555 
0.000142328 0.000142328 0.000142328 0.000142328 0.000142328 0.000142328 0.000142328 0.000142328 0.00441218 0.000142328 0.000142328 0.000142328 0.000142328 0.000142328 0.993595 0.000142328 
0.101746 0.000130276 0.00924961 0.000130276 0.0027358 0.000130276 0.0027358 0.000130276 0.000130276 0.16037 0.000130276 0.000130276 0.437858 0.0678739 0.0496352 0.166884 
0.000160359 0.000160359 0.000160359 0.000160359 0.000160359 0.000160359 0.00497114 0.000160359 0.000160359 0.000160359 0.000160359 0.000160359 0.000160359 0.000160359 0.356158 0.636786 
0.00019857 0.00019857 0.00019857 0.00615568 0.675338 0.00019857 0.00019857 0.00019857 0.00019857 0.218626 0.00019857 0.00019857 0.00019857 0.00019857 0.00019857 0.097498 
0.0103285 0.000169319 0.000169319 0.000169319 0.000169319 0.0171013 0.000169319 0.0171013 0.469184 0.0340332 0.000169319 0.000169319 0.130545 0.152557 0.120386 0.0475787 
0.509685 0.340194 0.0133172 0.00121065 0.00121065 0.00121065 0.0133172 0.00121065 0.0254237 0.00121065 0.00121065 0.00121065 0.0617433 0.00121065 0.00121065 0.0254237 
0.00124069 0.00124069 0.00124069 0.41067 0.0880893 0.00124069 0.112903 0.00124069 0.0260546 0.00124069 0.00124069 0.00124069 0.323821 0.0260546 0.00124069 0.00124069 
0.000133583 0.00146941 0.000133583 0.0174993 0.375501 0.000133583 0.000133583 0.00280524 0.000133583 0.00146941 0.000133583 0.00146941 0.000133583 0.0722682 0.440956 0.0856265 
0.00442478 0.0486726 0.00442478 0.00442478 0.00442478 0.00442478 0.00442478 0.0929204 0.00442478 0.00442478 0.137168 0.00442478 0.00442478 0.00442478 0.00442478 0.668142 
0.0403543 0.000984252 0.000984252 0.000984252 0.000984252 0.000984252 0.000984252 0.000984252 0.0305118 0.000984252 0.000984252 0.0108268 0.463583 0.000984252 0.443898 0.000984252 
0.09689 0.00119617 0.0490431 0.216507 0.09689 0.00119617 0.00119617 0.00119617 0.156699 0.00119617 0.00119617 0.00119617 0.37201 0.00119617 0.00119617 0.00119617 
0.0138191 0.00125628 0.00125628 0.114322 0.177136 0.00125628 0.00125628 0.00125628 0.189698 0.0389447 0.0138191 0.00125628 0.440955 0.00125628 0.00125628 0.00125628 
0.00111607 0.00111607 0.00111607 0.38058 0.00111607 0.00111607 0.00111607 0.00111607 0.402902 0.157366 0.00111607 0.00111607 0.0457589 0.00111607 0.00111607 0.00111607 
0.00273224 0.00273224 0.00273224 0.139344 0.00273224 0.00273224 0.0846995 0.0300546 0.221311 0.00273224 0.00273224 0.00273224 0.166667 0.193989 0.00273224 0.139344 
0.000626566 0.000626566 0.000626566 0.0570175 0.201128 0.000626566 0.0570175 0.00689223 0.0570175 0.0256892 0.000626566 0.000626566 0.113409 0.470551 0.00689223 0.000626566 
0.000441306 0.000441306 0.000441306 0.0269197 0.000441306 0.000441306 0.0225066 0.00485437 0.0136805 0.194616 0.000441306 0.000441306 0.366726 0.349073 0.0180936 0.000441306 
0.000145433 0.00159977 0.000145433 0.00159977 0.000145433 0.000145433 0.000145433 0.0205061 0.34046 0.0219604 0.000145433 0.000145433 0.145579 0.126672 0.327371 0.0132344 
0.000216638 0.000216638 0.000216638 0.000216638 0.000216638 0.000216638 0.000216638 0.00238302 0.000216638 0.00454939 0.000216638 0.000216638 0.000216638 0.0695407 0.855936 0.065208 
0.198888 0.00291314 0.00556144 0.000264831 0.000264831 0.00556144 0.000264831 0.000264831 0.60143 0.00820975 0.000264831 0.000264831 0.000264831 0.0346928 0.127383 0.0135064 
0.000295334 0.000295334 0.000295334 0.000295334 0.000295334 0.000295334 0.000295334 0.000295334 0.570289 0.00324867 0.000295334 0.000295334 0.422623 0.000295334 0.000295334 0.000295334 
0.0752168 0.0168446 0.028519 0.0485324 0.000166778 0.00350233 0.000166778 0.00183456 0.5005 0.00683789 0.058539 0.000166778 0.000166778 0.108572 0.150267 0.000166778 
0.00186567 0.0391791 0.00186567 0.00186567 0.00186567 0.00186567 0.00186567 0.00186567 0.561567 0.132463 0.0578358 0.00186567 0.00186567 0.00186567 0.00186567 0.188433 
0.0129382 0.000417362 0.000417362 0.121452 0.000417362 0.000417362 0.000417362 0.138147 0.0129382 0.000417362 0.000417362 0.000417362 0.263356 0.359349 0.0880634 0.000417362 
0.000651042 0.000651042 0.000651042 0.104818 0.000651042 0.000651042 0.000651042 0.000651042 0.697266 0.000651042 0.0136719 0.000651042 0.000651042 0.000651042 0.000651042 0.176432 
0.0199531 0.000391236 0.000391236 0.434664 0.285994 0.000391236 0.000391236 0.000391236 0.000391236 0.0942879 0.000391236 0.000391236 0.000391236 0.000391236 0.160798 0.000391236 
0.566818 0.000566251 0.000566251 0.000566251 0.000566251 0.0402039 0.00622877 0.0288788 0.000566251 0.334655 0.000566251 0.000566251 0.000566251 0.000566251 0.0118913 0.00622877 
0.13458 0.00018162 0.00018162 0.0546676 0.00018162 0.00018162 0.00018162 0.00199782 0.539593 0.0346894 0.0110788 0.00018162 0.021976 0.0147112 0.00926262 0.176353 
0.107143 0.00210084 0.00210084 0.00210084 0.14916 0.00210084 0.0231092 0.00210084 0.0861345 0.233193 0.128151 0.0231092 0.233193 0.00210084 0.00210084 0.00210084 
0.00029274 0.00029274 0.325234 0.08226 0.00029274 0.00029274 0.0412763 0.0178571 0.00029274 0.00029274 0.00029274 0.00029274 0.272541 0.00029274 0.108607 0.14959 
0.0014773 0.0175933 0.0001343 0.0189363 0.0001343 0.0014773 0.00416331 0.0001343 0.209643 0.155923 0.0001343 0.0001343 0.0001343 0.0739995 0.00282031 0.513161 
0.0115575 6.05107e-05 6.05107e-05 0.0278954 6.05107e-05 6.05107e-05 0.0133729 6.05107e-05 6.05107e-05 0.130764 0.488987 0.00611158 0.0163984 0.126528 0.162834 0.0151882 
0.000222916 0.000222916 0.365805 0.00468123 0.00468123 0.000222916 0.000222916 0.00245207 0.000222916 0.000222916 0.000222916 0.000222916 0.000222916 0.0225145 0.149576 0.448284 
0.000586166 0.000586166 0.000586166 0.000586166 0.0650645 0.000586166 0.000586166 0.276084 0.141266 0.000586166 0.000586166 0.000586166 0.0474795 0.0943728 0.111958 0.258499 
0.00326797 0.00326797 0.885621 0.0359477 0.00326797 0.00326797 0.0359477 0.00326797 0.00326797 0.00326797 0.00326797 0.00326797 0.00326797 0.00326797 0.00326797 0.00326797 
0.187654 0.0125921 0.000307125 0.0863022 0.00337838 0.00337838 0.000307125 0.000307125 0.212224 0.000307125 0.000307125 0.000307125 0.000307125 0.375 0.113943 0.00337838 
0.00545199 0.000175871 0.000175871 0.580549 0.000175871 0.000175871 0.000175871 0.000175871 0.165494 0.000175871 0.00369328 0.0388674 0.000175871 0.0898699 0.114492 0.000175871 
0.00137741 0.00137741 0.00137741 0.0426997 0.00137741 0.00137741 0.00137741 0.00137741 0.400826 0.139118 0.00137741 0.00137741 0.221763 0.11157 0.00137741 0.0702479 
0.000201369 0.000201369 0.000201369 0.219694 0.00221506 0.0324205 0.000201369 0.000201369 0.000201369 0.199557 0.000201369 0.000201369 0.0142972 0.529803 0.000201369 0.000201369 
0.000556793 0.000556793 0.000556793 0.0172606 0.00612472 0.000556793 0.000556793 0.000556793 0.624165 0.000556793 0.000556793 0.000556793 0.000556793 0.000556793 0.345768 0.000556793 
0.000133404 0.00413554 0.0441569 0.0881804 0.000133404 0.0281483 0.00546958 0.0815101 0.0134739 0.0935165 0.284285 0.000133404 0.0695037 0.0801761 0.00280149 0.204242 
0.000170765 0.000170765 0.000170765 0.000170765 0.000170765 0.00529372 0.000170765 0.000170765 0.548327 0.0889686 0.000170765 0.00358607 0.0923839 0.0906762 0.13849 0.0309085 
0.000108155 0.00659745 0.0163314 0.000108155 0.0011897 0.340796 0.0206576 0.0217391 0.000108155 0.480316 0.000108155 0.007679 0.000108155 0.0239022 0.0790612 0.0011897 
0.000144802 0.000144802 0.000144802 0.000144802 0.000144802 0.000144802 0.000144802 0.00159282 0.000144802 0.000144802 0.000144802 0.000144802 0.00159282 0.000144802 0.994932 0.000144802 
0.000711238 0.000711238 0.0220484 0.000711238 0.000711238 0.0433855 0.199858 0.000711238 0.000711238 0.157183 0.142959 0.0291607 0.000711238 0.000711238 0.256757 0.142959 
0.00510204 0.00510204 0.00510204 0.00510204 0.00510204 0.515306 0.00510204 0.00510204 0.00510204 0.311224 0.00510204 0.00510204 0.00510204 0.00510204 0.107143 0.00510204 
0.0443425 0.000169895 0.000169895 0.0834183 0.000169895 0.000169895 0.000169895 0.324669 0.0817193 0.00186884 0.00186884 0.000169895 0.000169895 0.000169895 0.151376 0.309378 
0.000123671 0.000123671 0.000123671 0.240045 0.571482 0.00259708 0.0137274 0.000123671 0.000123671 0.00383379 0.000123671 0.000123671 0.000123671 0.0471185 0.120084 0.000123671 
0.00943396 0.00943396 0.00943396 0.00943396 0.00943396 0.764151 0.00943396 0.00943396 0.00943396 0.00943396 0.00943396 0.00943396 0.00943396 0.00943396 0.00943396 0.103774 
0.0509259 0.143519 0.00462963 0.00462963 0.00462963 0.606481 0.00462963 0.00462963 0.00462963 0.143519 0.00462963 0.00462963 0.00462963 0.00462963 0.00462963 0.00462963 
0.00326797 0.00326797 0.00326797 0.297386 0.00326797 0.656863 0.00326797 0.00326797 0.00326797 0.00326797 0.00326797 0.00326797 0.00326797 0.00326797 0.00326797 0.00326797 
0.000400641 0.00841346 0.0164263 0.000400641 0.765625 0.000400641 0.000400641 0.000400641 0.000400641 0.00440705 0.000400641 0.000400641 0.000400641 0.0284455 0.120593 0.052484 
0.000165948 0.000165948 0.121308 0.103053 0.000165948 0.599237 0.000165948 0.000165948 0.000165948 0.0781613 0.000165948 0.000165948 0.000165948 0.0914371 0.00514437 0.000165948 
0.00462963 0.00462963 0.00462963 0.00462963 0.00462963 0.00462963 0.00462963 0.00462963 0.00462963 0.00462963 0.00462963 0.00462963 0.00462963 0.00462963 0.00462963 0.930556 
0.000138007 0.000138007 0.00151808 0.0663815 0.000138007 0.000138007 0.0235992 0.00979851 0.393458 0.000138007 0.000138007 0.000138007 0.000138007 0.000138007 0.135385 0.368617 
0.0664557 0.00316456 0.00316456 0.00316456 0.00316456 0.477848 0.00316456 0.00316456 0.00316456 0.129747 0.00316456 0.00316456 0.287975 0.00316456 0.00316456 0.00316456 
0.00326797 0.00326797 0.0359477 0.00326797 0.0359477 0.362745 0.00326797 0.0686275 0.00326797 0.101307 0.00326797 0.0686275 0.0686275 0.00326797 0.00326797 0.232026 
0.00537634 0.00537634 0.00537634 0.00537634 0.00537634 0.811828 0.00537634 0.00537634 0.00537634 0.0591398 0.00537634 0.00537634 0.0591398 0.00537634 0.00537634 0.00537634 
0.00316456 0.0348101 0.00316456 0.00316456 0.00316456 0.541139 0.00316456 0.00316456 0.00316456 0.00316456 0.31962 0.00316456 0.00316456 0.00316456 0.0664557 0.00316456 
0.255563 0.000327225 0.000327225 0.000327225 0.000327225 0.343914 0.226113 0.000327225 0.000327225 0.0134162 0.000327225 0.000327225 0.000327225 0.000327225 0.157395 0.000327225 
0.0869786 0.0920651 0.000508647 0.178535 0.000508647 0.509156 0.000508647 0.000508647 0.0106816 0.112411 0.000508647 0.000508647 0.000508647 0.000508647 0.00559512 0.000508647 
0.00289017 0.00289017 0.00289017 0.465318 0.00289017 0.349711 0.0606936 0.00289017 0.00289017 0.00289017 0.0606936 0.00289017 0.00289017 0.00289017 0.00289017 0.0317919 
6.04741e-05 0.71305 6.04741e-05 6.04741e-05 6.04741e-05 6.04741e-05 6.04741e-05 6.04741e-05 6.04741e-05 6.04741e-05 0.000665215 6.04741e-05 6.04741e-05 6.04741e-05 0.285498 6.04741e-05 
0.0236052 0.152361 0.00214592 0.474249 0.00214592 0.281116 0.00214592 0.00214592 0.00214592 0.00214592 0.00214592 0.0450644 0.00214592 0.00214592 0.00214592 0.00214592 
0.131622 0.0406389 0.000202184 0.000202184 0.00626769 0.0770319 0.000202184 0.000202184 0.00222402 0.000202184 0.489486 0.00828953 0.000202184 0.000202184 0.206429 0.0365952 
0.239865 0.10473 0.00337838 0.00337838 0.00337838 0.239865 0.00337838 0.00337838 0.00337838 0.0371622 0.341216 0.00337838 0.00337838 0.00337838 0.00337838 0.00337838 
0.130974 0.092651 0.000225428 0.0295311 0.000225428 0.67651 0.000225428 0.000225428 0.000225428 0.0114968 0.000225428 0.000225428 0.0114968 0.0182597 0.0250225 0.00247971 
0.00735294 0.00735294 0.00735294 0.0808824 0.00735294 0.816176 0.00735294 0.00735294 0.00735294 0.00735294 0.00735294 0.00735294 0.00735294 0.00735294 0.00735294 0.00735294 
0.514963 0.000126807 0.000126807 0.000126807 0.000126807 0.000126807 0.275298 0.000126807 0.000126807 0.197946 0.00139488 0.000126807 0.000126807 0.000126807 0.00646716 0.00266295 
0.00165017 0.00165017 0.00165017 0.10066 0.00165017 0.0676568 0.00165017 0.0511551 0.249175 0.00165017 0.00165017 0.00165017 0.00165017 0.00165017 0.348185 0.166667 
0.00485437 0.00485437 0.00485437 0.00485437 0.00485437 0.101942 0.00485437 0.0533981 0.00485437 0.00485437 0.34466 0.0533981 0.0533981 0.00485437 0.00485437 0.34466 
0.00297619 0.00297619 0.00297619 0.00297619 0.00297619 0.00297619 0.00297619 0.00297619 0.53869 0.181548 0.241071 0.00297619 0.00297619 0.00297619 0.00297619 0.00297619 
0.881757 0.00337838 0.00337838 0.0371622 0.00337838 0.00337838 0.00337838 0.0371622 0.00337838 0.00337838 0.00337838 0.00337838 0.00337838 0.00337838 0.00337838 0.00337838 
0.489247 0.00537634 0.00537634 0.00537634 0.00537634 0.327957 0.00537634 0.00537634 0.00537634 0.00537634 0.00537634 0.00537634 0.00537634 0.00537634 0.00537634 0.112903 
0.322764 0.000183284 0.000183284 0.115652 0.0808284 0.412573 0.000183284 0.000183284 0.000183284 0.000183284 0.000183284 0.000183284 0.000183284 0.000183284 0.0661657 0.000183284 
0.881757 0.00337838 0.00337838 0.00337838 0.0371622 0.00337838 0.00337838 0.00337838 0.00337838 0.00337838 0.00337838 0.00337838 0.00337838 0.00337838 0.00337838 0.0371622 
0.00862069 0.00862069 0.00862069 0.00862069 0.00862069 0.87069 0.00862069 0.00862069 0.00862069 0.00862069 0.00862069 0.00862069 0.00862069 0.00862069 0.00862069 0.00862069 
0.326923 0.00641026 0.00641026 0.00641026 0.00641026 0.262821 0.00641026 0.00641026 0.00641026 0.00641026 0.00641026 0.00641026 0.00641026 0.00641026 0.262821 0.0705128 
0.0384615 0.0034965 0.0034965 0.0034965 0.0034965 0.912587 0.0034965 0.0034965 0.0034965 0.0034965 0.0034965 0.0034965 0.0034965 0.0034965 0.0034965 0.0034965 
0.0929204 0.00442478 0.00442478 0.00442478 0.00442478 0.314159 0.0486726 0.00442478 0.00442478 0.00442478 0.00442478 0.181416 0.0929204 0.00442478 0.00442478 0.225664 
0.0034965 0.0384615 0.0034965 0.0034965 0.458042 0.248252 0.0034965 0.0034965 0.0034965 0.0384615 0.0034965 0.178322 0.0034965 0.0034965 0.0034965 0.0034965 
0.000144802 0.000144802 0.000144802 0.017521 0.000144802 0.0464813 0.435998 0.000144802 0.146394 0.000144802 0.000144802 0.00159282 0.00159282 0.0725456 0.137706 0.139154 
0.410995 0.0008726 0.0008726 0.0183246 0.315009 0.0008726 0.0008726 0.0008726 0.0183246 0.0008726 0.114311 0.0008726 0.0008726 0.0532286 0.0008726 0.0619546 
