0.0433673 0.0263605 0.00085034 0.00595238 0.0110544 0.00595238 0.039966 0.0263605 0.00255102 0.0110544 0.305272 0.00085034 0.42602 0.0042517 0.087585 0.00255102 
0.0214286 0.0214286 0.0214286 0.235714 0.00714286 0.00714286 0.15 0.05 0.178571 0.00714286 0.00714286 0.0785714 0.00714286 0.0785714 0.121429 0.00714286 
0.052381 0.1 0.0619048 0.0333333 0.0714286 0.0333333 0.0428571 0.0142857 0.3 0.0047619 0.0142857 0.0047619 0.0047619 0.0047619 0.0428571 0.214286 
0.0131579 0.0131579 0.0394737 0.0131579 0.0657895 0.0131579 0.144737 0.0131579 0.0131579 0.0131579 0.0394737 0.0131579 0.118421 0.223684 0.223684 0.0394737 
0.0432692 0.0528846 0.0144231 0.00480769 0.0336538 0.00480769 0.100962 0.00480769 0.0817308 0.158654 0.0144231 0.00480769 0.0432692 0.0625 0.370192 0.00480769 
0.211111 0.0777778 0.0555556 0.0333333 0.0777778 0.0111111 0.211111 0.0333333 0.0111111 0.0333333 0.0333333 0.0111111 0.0333333 0.0111111 0.0777778 0.0777778 
0.00580431 0.0721393 0.325871 0.0240464 0.00248756 0.10199 0.0572139 0.00414594 0.0140962 0.000829187 0.0505804 0.0107794 0.266169 0.0257048 0.00414594 0.0339967 
0.006917 0.076087 0.204545 0.00296443 0.000988142 0.00296443 0.137352 0.00296443 0.00296443 0.00296443 0.00494071 0.149209 0.348814 0.0128458 0.0128458 0.0306324 
0.00206612 0.000688705 0.0227273 0.000688705 0.000688705 0.000688705 0.630165 0.018595 0.0241047 0.00619835 0.00206612 0.000688705 0.194904 0.0447658 0.0475207 0.00344353 
0.0189873 0.00632911 0.00632911 0.00632911 0.0443038 0.00632911 0.120253 0.0189873 0.28481 0.00632911 0.00632911 0.0949367 0.0316456 0.335443 0.00632911 0.00632911 
0.00657895 0.00657895 0.0197368 0.00657895 0.0197368 0.0723684 0.0197368 0.00657895 0.0197368 0.00657895 0.0328947 0.0328947 0.00657895 0.138158 0.532895 0.0723684 
0.00117647 0.0129412 0.00352941 0.00117647 0.00352941 0.00588235 0.0764706 0.00352941 0.00352941 0.309412 0.06 0.0105882 0.224706 0.0294118 0.245882 0.00823529 
0.0046729 0.0140187 0.0140187 0.0046729 0.0046729 0.0140187 0.0420561 0.0046729 0.0046729 0.0046729 0.257009 0.0327103 0.172897 0.0046729 0.406542 0.0140187 
0.0217391 0.0217391 0.0217391 0.0217391 0.282609 0.0217391 0.0652174 0.0652174 0.195652 0.0217391 0.0652174 0.0217391 0.0217391 0.108696 0.0217391 0.0217391 
0.00341064 0.00204638 0.00204638 0.00204638 0.000682128 0.0197817 0.00613915 0.000682128 0.0361528 0.000682128 0.0047749 0.0047749 0.364939 0.457708 0.0784447 0.0156889 
0.0483871 0.209677 0.0376344 0.00537634 0.00537634 0.0268817 0.166667 0.145161 0.00537634 0.00537634 0.0483871 0.0591398 0.00537634 0.00537634 0.00537634 0.22043 
0.00155763 0.0981308 0.0046729 0.00155763 0.00155763 0.00155763 0.00155763 0.00155763 0.0358255 0.00155763 0.00155763 0.00155763 0.135514 0.00155763 0.0700935 0.640187 
0.014881 0.229167 0.00297619 0.00297619 0.122024 0.0446429 0.0267857 0.014881 0.00297619 0.00297619 0.00892857 0.0267857 0.258929 0.0267857 0.205357 0.00892857 
0.012963 0.00925926 0.00185185 0.00185185 0.00555556 0.0388889 0.00185185 0.00185185 0.0907407 0.00925926 0.00185185 0.0240741 0.209259 0.00185185 0.424074 0.164815 
0.00561798 0.00561798 0.00561798 0.00561798 0.00561798 0.735955 0.0280899 0.00561798 0.0280899 0.00561798 0.00561798 0.00561798 0.117978 0.00561798 0.0280899 0.00561798 
0.0113636 0.0568182 0.0113636 0.0113636 0.0113636 0.0113636 0.0113636 0.0113636 0.0113636 0.0113636 0.0340909 0.0113636 0.0795455 0.0113636 0.125 0.579545 
0.00588235 0.0764706 0.0176471 0.00588235 0.0176471 0.00588235 0.00588235 0.0176471 0.00588235 0.00588235 0.00588235 0.00588235 0.205882 0.0176471 0.194118 0.405882 
0.00625 0.00625 0.01875 0.03125 0.01875 0.00625 0.01875 0.04375 0.14375 0.14375 0.00625 0.00625 0.05625 0.05625 0.26875 0.16875 
0.0060241 0.0060241 0.0180723 0.0903614 0.0060241 0.0180723 0.0060241 0.0060241 0.246988 0.114458 0.0060241 0.0060241 0.0542169 0.0662651 0.23494 0.114458 
0.00267857 0.0544643 0.000892857 0.01875 0.00267857 0.00982143 0.00625 0.00803571 0.0598214 0.00982143 0.0473214 0.000892857 0.259821 0.00982143 0.502679 0.00625 
0.0258621 0.00862069 0.00862069 0.0431034 0.0258621 0.0431034 0.491379 0.0603448 0.00862069 0.00862069 0.0258621 0.00862069 0.0258621 0.00862069 0.0258621 0.181034 
0.0515695 0.0336323 0.00373692 0.00822123 0.0455904 0.000747384 0.0112108 0.000747384 0.105381 0.000747384 0.00224215 0.0156951 0.636024 0.0411061 0.0276532 0.0156951 
0.00413223 0.11157 0.0123967 0.0206612 0.326446 0.00413223 0.0123967 0.00413223 0.103306 0.0289256 0.152893 0.00413223 0.00413223 0.00413223 0.128099 0.0785124 
0.0183824 0.290441 0.00367647 0.0257353 0.00367647 0.444853 0.0551471 0.0257353 0.0477941 0.00367647 0.0110294 0.0404412 0.0110294 0.0110294 0.00367647 0.00367647 
0.208333 0.0138889 0.0138889 0.0138889 0.208333 0.0416667 0.0138889 0.0416667 0.0416667 0.0138889 0.0138889 0.0138889 0.0138889 0.0138889 0.0416667 0.291667 
0.00666667 0.02 0.00666667 0.00666667 0.00666667 0.126667 0.0466667 0.00666667 0.00666667 0.02 0.00666667 0.00666667 0.00666667 0.273333 0.0733333 0.38 
0.00772627 0.0143488 0.00331126 0.00110375 0.00110375 0.396247 0.00331126 0.00551876 0.00110375 0.00110375 0.00331126 0.00993377 0.35872 0.00331126 0.173289 0.0165563 
0.00416667 0.00416667 0.00416667 0.00416667 0.00416667 0.0125 0.270833 0.00416667 0.0125 0.00416667 0.0291667 0.0291667 0.0875 0.0791667 0.00416667 0.445833 
0.000894454 0.00268336 0.00447227 0.0831843 0.00805009 0.000894454 0.0134168 0.000894454 0.110018 0.0205725 0.000894454 0.00626118 0.147585 0.0474061 0.000894454 0.551878 
0.00205761 0.0226337 0.0102881 0.00205761 0.00617284 0.0102881 0.00205761 0.00205761 0.0720165 0.00205761 0.00205761 0.00617284 0.109053 0.0102881 0.269547 0.471193 
0.0866667 0.153333 0.00666667 0.02 0.00666667 0.00666667 0.14 0.0333333 0.00666667 0.00666667 0.0866667 0.02 0.00666667 0.00666667 0.00666667 0.406667 
0.0514706 0.0514706 0.0661765 0.00735294 0.0367647 0.00735294 0.0220588 0.00735294 0.00735294 0.00735294 0.272059 0.00735294 0.389706 0.00735294 0.0514706 0.00735294 
0.00632911 0.0139241 0.00379747 0.0139241 0.0316456 0.00126582 0.0417722 0.00126582 0.112658 0.00379747 0.0265823 0.0113924 0.00126582 0.00632911 0.401266 0.322785 
0.00725806 0.000806452 0.025 0.0314516 0.00403226 0.0201613 0.233065 0.00403226 0.192742 0.121774 0.205645 0.000806452 0.0233871 0.128226 0.000806452 0.000806452 
0.0277778 0.0277778 0.0277778 0.0277778 0.0277778 0.0277778 0.0277778 0.0277778 0.0277778 0.0277778 0.0277778 0.0277778 0.0277778 0.0277778 0.472222 0.138889 
0.00549451 0.0824176 0.00549451 0.0164835 0.0164835 0.115385 0.0384615 0.0824176 0.00549451 0.0274725 0.0274725 0.0164835 0.28022 0.00549451 0.269231 0.00549451 
0.0517241 0.037931 0.0172414 0.0103448 0.0103448 0.203448 0.00344828 0.00344828 0.00344828 0.00344828 0.0103448 0.00344828 0.168966 0.00344828 0.465517 0.00344828 
0.166667 0.0185185 0.0185185 0.0185185 0.0555556 0.0185185 0.0185185 0.0185185 0.0185185 0.0925926 0.0925926 0.0185185 0.240741 0.0925926 0.0185185 0.0925926 
0.3 0.0142857 0.0142857 0.0714286 0.0142857 0.0142857 0.0714286 0.0142857 0.0428571 0.0428571 0.0142857 0.0142857 0.0142857 0.0142857 0.0714286 0.271429 
0.0123153 0.0714286 0.00246305 0.00246305 0.0566502 0.00246305 0.0369458 0.00246305 0.288177 0.0123153 0.0221675 0.0172414 0.0320197 0.00246305 0.435961 0.00246305 
0.127119 0.177966 0.00847458 0.0762712 0.0254237 0.0423729 0.00847458 0.00847458 0.00847458 0.0423729 0.00847458 0.0254237 0.059322 0.00847458 0.00847458 0.364407 
0.00183599 0.0458996 0.0128519 0.0128519 0.0152999 0.00795594 0.00795594 0.00428397 0.0569155 0.000611995 0.000611995 0.0140759 0.0214198 0.00305998 0.000611995 0.793758 
0.0140625 0.000520833 0.0557292 0.0109375 0.0046875 0.0015625 0.0619792 0.00260417 0.000520833 0.000520833 0.00364583 0.0046875 0.327604 0.00989583 0.500521 0.000520833 
0.0119048 0.0119048 0.0119048 0.0119048 0.0357143 0.0119048 0.0119048 0.0357143 0.0119048 0.0119048 0.0119048 0.107143 0.0119048 0.0357143 0.630952 0.0357143 
0.00708215 0.0892351 0.00141643 0.00141643 0.00141643 0.0127479 0.00141643 0.00424929 0.00424929 0.0184136 0.00991501 0.00141643 0.296034 0.00141643 0.548159 0.00141643 
0.00250836 0.00083612 0.0041806 0.0041806 0.00083612 0.0359532 0.00083612 0.00083612 0.00752508 0.00919732 0.00083612 0.00083612 0.0777592 0.00083612 0.014214 0.838629 
0.00066313 0.0669761 0.00729443 0.00331565 0.00464191 0.00066313 0.00066313 0.00066313 0.167772 0.00066313 0.00198939 0.527188 0.138594 0.0775862 0.00066313 0.00066313 
0.00396197 0.00237718 0.00237718 0.0118859 0.00237718 0.373217 0.000792393 0.0103011 0.000792393 0.018225 0.000792393 0.00237718 0.303487 0.000792393 0.265452 0.000792393 
0.0185185 0.0185185 0.0925926 0.0185185 0.0185185 0.0185185 0.0185185 0.0555556 0.0185185 0.0185185 0.0185185 0.0185185 0.0185185 0.0185185 0.277778 0.351852 
0.0535714 0.125 0.0535714 0.0178571 0.0178571 0.0178571 0.0178571 0.0178571 0.0178571 0.0178571 0.0178571 0.0178571 0.0892857 0.0178571 0.0535714 0.446429 
0.011811 0.00393701 0.00393701 0.011811 0.0433071 0.00393701 0.00393701 0.019685 0.00393701 0.011811 0.484252 0.00393701 0.287402 0.00393701 0.0984252 0.00393701 
0.000961538 0.0375 0.00288462 0.000961538 0.000961538 0.00288462 0.0375 0.000961538 0.00673077 0.000961538 0.650962 0.000961538 0.235577 0.000961538 0.00480769 0.0144231 
0.00214592 0.00214592 0.0107296 0.00214592 0.00643777 0.0107296 0.00214592 0.00214592 0.0107296 0.00643777 0.00214592 0.00214592 0.422747 0.0236052 0.491416 0.00214592 
0.000826446 0.000826446 0.000826446 0.000826446 0.000826446 0.0487603 0.0305785 0.000826446 0.101653 0.00909091 0.00247934 0.00413223 0.190909 0.199174 0.397521 0.0107438 
0.0138889 0.0138889 0.0138889 0.0416667 0.0138889 0.0138889 0.0138889 0.0138889 0.0138889 0.0138889 0.0138889 0.0416667 0.0416667 0.0138889 0.597222 0.125 
0.106061 0.0454545 0.166667 0.106061 0.0151515 0.0454545 0.0454545 0.0454545 0.0151515 0.0454545 0.0151515 0.0151515 0.0757576 0.0151515 0.227273 0.0151515 
0.02 0.02 0.02 0.02 0.02 0.02 0.02 0.02 0.02 0.02 0.02 0.02 0.02 0.02 0.06 0.66 
0.0427989 0.000679348 0.00339674 0.00339674 0.00475543 0.033288 0.0169837 0.0101902 0.113451 0.303668 0.102582 0.00611413 0.139266 0.0183424 0.19769 0.00339674 
0.0428571 0.1 0.0142857 0.0142857 0.0142857 0.0714286 0.3 0.0142857 0.0142857 0.1 0.0428571 0.0714286 0.0142857 0.128571 0.0428571 0.0142857 
0.0045045 0.0315315 0.0135135 0.0045045 0.0765766 0.0675676 0.0045045 0.0225225 0.0675676 0.0135135 0.0045045 0.0315315 0.0765766 0.103604 0.418919 0.0585586 
0.0294118 0.127451 0.0490196 0.00980392 0.00980392 0.00980392 0.0294118 0.00980392 0.00980392 0.00980392 0.284314 0.0294118 0.264706 0.00980392 0.00980392 0.107843 
0.0125 0.0375 0.0125 0.0375 0.0125 0.0125 0.0125 0.0125 0.0375 0.0125 0.0375 0.0125 0.0125 0.1625 0.0125 0.5625 
0.00243902 0.0121951 0.00731707 0.00243902 0.00731707 0.00731707 0.0317073 0.0121951 0.143902 0.00243902 0.00731707 0.00243902 0.12439 0.00243902 0.0463415 0.587805 
0.113636 0.0227273 0.0227273 0.00757576 0.00757576 0.0227273 0.00757576 0.0227273 0.00757576 0.0227273 0.00757576 0.00757576 0.143939 0.0378788 0.386364 0.159091 
0.0243243 0.00810811 0.0459459 0.0027027 0.0297297 0.0135135 0.0135135 0.0027027 0.0621622 0.0135135 0.337838 0.0027027 0.337838 0.0297297 0.072973 0.0027027 
0.0172414 0.0172414 0.0172414 0.0172414 0.0172414 0.0172414 0.0517241 0.12069 0.0517241 0.155172 0.224138 0.0172414 0.0517241 0.0517241 0.12069 0.0517241 
0.141026 0.0641026 0.0128205 0.0384615 0.0128205 0.141026 0.0128205 0.0128205 0.0128205 0.0128205 0.0384615 0.0128205 0.0128205 0.0384615 0.397436 0.0384615 
0.000715308 0.00214592 0.000715308 0.00786838 0.00786838 0.00786838 0.027897 0.00214592 0.0207439 0.000715308 0.00500715 0.000715308 0.346924 0.000715308 0.567239 0.000715308 
0.0192308 0.0576923 0.0192308 0.0961538 0.0576923 0.0192308 0.0192308 0.0576923 0.0192308 0.0961538 0.0192308 0.0576923 0.0576923 0.173077 0.173077 0.0576923 
0.000868056 0.00954861 0.00434028 0.000868056 0.00607639 0.00434028 0.0147569 0.0373264 0.000868056 0.000868056 0.47309 0.000868056 0.290799 0.0303819 0.000868056 0.124132 
0.00764007 0.0144312 0.000848896 0.000848896 0.00594228 0.000848896 0.00594228 0.0212224 0.0721562 0.00594228 0.0144312 0.0365025 0.150255 0.574703 0.000848896 0.0874363 
0.0806452 0.016129 0.016129 0.016129 0.016129 0.016129 0.016129 0.016129 0.016129 0.016129 0.241935 0.209677 0.145161 0.016129 0.112903 0.0483871 
0.00526316 0.00526316 0.00526316 0.478947 0.00526316 0.0789474 0.0473684 0.0368421 0.0157895 0.00526316 0.0263158 0.0368421 0.00526316 0.0157895 0.0368421 0.194737 
0.0102041 0.0306122 0.0102041 0.0510204 0.0102041 0.214286 0.0306122 0.0102041 0.0102041 0.0102041 0.0102041 0.0102041 0.0510204 0.0102041 0.5 0.0306122 
0.0921053 0.0657895 0.0657895 0.0131579 0.0394737 0.0394737 0.0131579 0.0131579 0.0131579 0.302632 0.0131579 0.0921053 0.0921053 0.0657895 0.0131579 0.0657895 
0.0319149 0.0106383 0.180851 0.0106383 0.0106383 0.202128 0.0106383 0.0106383 0.0106383 0.0106383 0.0744681 0.0531915 0.0106383 0.265957 0.0957447 0.0106383 
0.0875 0.3575 0.1025 0.0025 0.0025 0.0025 0.1375 0.0325 0.1025 0.0225 0.0225 0.0425 0.0125 0.0175 0.0075 0.0475 
0.0192308 0.134615 0.0192308 0.0192308 0.0961538 0.0192308 0.0576923 0.0192308 0.0192308 0.0192308 0.134615 0.0192308 0.0961538 0.0576923 0.0192308 0.25 
0.0135135 0.0405405 0.0135135 0.0405405 0.0135135 0.0675676 0.0135135 0.0135135 0.0135135 0.0675676 0.0135135 0.0675676 0.0405405 0.148649 0.418919 0.0135135 
0.0106383 0.308511 0.0106383 0.0531915 0.159574 0.0106383 0.223404 0.0106383 0.0106383 0.0319149 0.0106383 0.0106383 0.0744681 0.0106383 0.0106383 0.0531915 
0.0138889 0.0194444 0.00277778 0.025 0.00833333 0.00833333 0.0472222 0.00277778 0.0805556 0.00277778 0.0138889 0.00277778 0.0361111 0.00833333 0.00277778 0.725 
0.07 0.05 0.07 0.01 0.11 0.01 0.03 0.01 0.01 0.01 0.27 0.01 0.19 0.01 0.11 0.03 
0.0147059 0.0147059 0.0441176 0.0147059 0.0147059 0.102941 0.0735294 0.0735294 0.0147059 0.0147059 0.0735294 0.0147059 0.0147059 0.455882 0.0147059 0.0441176 
0.000715308 0.00357654 0.000715308 0.00500715 0.00214592 0.138054 0.0150215 0.000715308 0.00214592 0.000715308 0.000715308 0.458512 0.238197 0.130901 0.00214592 0.000715308 
0.00316456 0.00949367 0.0158228 0.0158228 0.00316456 0.00949367 0.00316456 0.00949367 0.0474684 0.00316456 0.00316456 0.00316456 0.00949367 0.00316456 0.028481 0.832278 
0.0833333 0.0166667 0.05 0.0166667 0.0166667 0.05 0.216667 0.0166667 0.0166667 0.116667 0.0166667 0.0166667 0.0166667 0.0166667 0.25 0.0833333 
0.00406504 0.0691057 0.00406504 0.0121951 0.0121951 0.0609756 0.0934959 0.0528455 0.0853659 0.0609756 0.0609756 0.00406504 0.0284553 0.247967 0.142276 0.0609756 
0.0892857 0.0535714 0.0178571 0.0178571 0.0178571 0.0535714 0.0535714 0.0178571 0.0178571 0.0178571 0.0178571 0.0178571 0.0178571 0.0178571 0.0892857 0.482143 
0.000863558 0.0302245 0.00431779 0.00949914 0.000863558 0.00259067 0.0492228 0.00259067 0.000863558 0.000863558 0.0423143 0.000863558 0.268566 0.00604491 0.579447 0.000863558 
0.0135135 0.0135135 0.0135135 0.0405405 0.0135135 0.0135135 0.0135135 0.0135135 0.0135135 0.0405405 0.0135135 0.0135135 0.0135135 0.0135135 0.0675676 0.689189 
0.0102041 0.0510204 0.0102041 0.0306122 0.0102041 0.0102041 0.0102041 0.0102041 0.0102041 0.0102041 0.0510204 0.132653 0.520408 0.0306122 0.0714286 0.0306122 
0.00328947 0.148026 0.00328947 0.00328947 0.00986842 0.00328947 0.0230263 0.00328947 0.0361842 0.00328947 0.00328947 0.00328947 0.0230263 0.00328947 0.0230263 0.707237 
0.000478011 0.0100382 0.000478011 0.00334608 0.00525813 0.00525813 0.00143403 0.00334608 0.292065 0.000478011 0.0043021 0.00525813 0.0903442 0.000478011 0.208891 0.368547 
0.000880282 0.145246 0.00264085 0.00264085 0.000880282 0.546655 0.0202465 0.00264085 0.0713028 0.00616197 0.00264085 0.000880282 0.191021 0.00440141 0.000880282 0.000880282 
0.0492701 0.0383212 0.00547445 0.0164234 0.0127737 0.00182482 0.271898 0.00912409 0.177007 0.00182482 0.00182482 0.00182482 0.0419708 0.00182482 0.0529197 0.315693 
0.00568182 0.142045 0.00568182 0.0170455 0.0284091 0.0284091 0.198864 0.00568182 0.00568182 0.00568182 0.0738636 0.0852273 0.0284091 0.0170455 0.3125 0.0397727 
0.0806452 0.016129 0.016129 0.016129 0.016129 0.016129 0.0483871 0.016129 0.016129 0.016129 0.016129 0.016129 0.016129 0.016129 0.66129 0.016129 
0.0394737 0.0394737 0.0131579 0.0657895 0.0131579 0.0131579 0.0131579 0.0131579 0.0131579 0.0394737 0.0131579 0.0131579 0.0131579 0.0131579 0.0394737 0.644737 
0.00229008 0.00229008 0.00381679 0.0129771 0.000763359 0.0206107 0.0465649 0.00229008 0.154962 0.00992366 0.440458 0.00839695 0.0526718 0.205344 0.0343511 0.00229008 
0.214286 0.0102041 0.0102041 0.0306122 0.0510204 0.0102041 0.0102041 0.0102041 0.0102041 0.0102041 0.0714286 0.112245 0.173469 0.132653 0.132653 0.0102041 
0.00819672 0.204918 0.0519126 0.00819672 0.0409836 0.0737705 0.00273224 0.00273224 0.172131 0.0136612 0.057377 0.00819672 0.068306 0.00273224 0.18306 0.101093 
0.0485714 0.00285714 0.02 0.00857143 0.06 0.0142857 0.671429 0.0142857 0.00857143 0.00285714 0.00857143 0.00857143 0.02 0.02 0.0714286 0.02 
0.0625 0.0125 0.0375 0.0125 0.0125 0.0625 0.0125 0.0125 0.0125 0.0125 0.0875 0.0125 0.1375 0.4375 0.0125 0.0625 
0.0008726 0.004363 0.0008726 0.004363 0.0095986 0.358639 0.0794066 0.0008726 0.0026178 0.0008726 0.136998 0.0026178 0.056719 0.236475 0.103839 0.0008726 
0.0641026 0.0897436 0.0128205 0.0128205 0.0128205 0.0128205 0.0128205 0.0128205 0.0128205 0.0641026 0.0384615 0.0128205 0.0641026 0.0384615 0.423077 0.115385 
0.00561798 0.00561798 0.00561798 0.00561798 0.00561798 0.241573 0.0505618 0.00561798 0.00561798 0.00561798 0.0168539 0.00561798 0.0842697 0.0168539 0.162921 0.376404 
0.00782609 0.000869565 0.000869565 0.0026087 0.00956522 0.346957 0.136522 0.00434783 0.0234783 0.00956522 0.0026087 0.127826 0.272174 0.0026087 0.0234783 0.0286957 
0.291667 0.0972222 0.0138889 0.125 0.0416667 0.0972222 0.0416667 0.0138889 0.0138889 0.152778 0.0138889 0.0138889 0.0138889 0.0138889 0.0416667 0.0138889 
0.00381679 0.0267176 0.00381679 0.0114504 0.00381679 0.00381679 0.187023 0.019084 0.209924 0.00381679 0.019084 0.0648855 0.0267176 0.362595 0.0343511 0.019084 
0.351117 0.00868486 0.0136476 0.00124069 0.0533499 0.0136476 0.0310174 0.00124069 0.00124069 0.00372208 0.0210918 0.00124069 0.457816 0.00372208 0.028536 0.00868486 
0.00543478 0.00543478 0.048913 0.00543478 0.00543478 0.00543478 0.0271739 0.00543478 0.00543478 0.00543478 0.00543478 0.00543478 0.288043 0.00543478 0.0380435 0.538043 
0.0735294 0.0735294 0.0147059 0.0147059 0.25 0.132353 0.0147059 0.0147059 0.25 0.0147059 0.0147059 0.0147059 0.0441176 0.0147059 0.0441176 0.0147059 
0.0166667 0.00714286 0.00238095 0.00714286 0.0119048 0.00238095 0.75 0.00714286 0.097619 0.00238095 0.0357143 0.00238095 0.0119048 0.00238095 0.0119048 0.0309524 
0.00898204 0.0269461 0.0269461 0.00898204 0.00299401 0.0928144 0.0329341 0.0329341 0.176647 0.00299401 0.00898204 0.00299401 0.146707 0.00898204 0.416168 0.00299401 
0.0892857 0.160714 0.0178571 0.0178571 0.0535714 0.0178571 0.0178571 0.0178571 0.0535714 0.0178571 0.0535714 0.0178571 0.196429 0.0178571 0.196429 0.0535714 
0.234127 0.00396825 0.0357143 0.00396825 0.00396825 0.0119048 0.0198413 0.00396825 0.00396825 0.0277778 0.0119048 0.0119048 0.210317 0.234127 0.178571 0.00396825 
0.00684932 0.0205479 0.00684932 0.00684932 0.00684932 0.00684932 0.760274 0.00684932 0.00684932 0.0616438 0.00684932 0.0205479 0.0342466 0.00684932 0.0342466 0.00684932 
0.00530786 0.0329087 0.00106157 0.00106157 0.00106157 0.00106157 0.007431 0.00106157 0.0435244 0.00106157 0.00530786 0.00530786 0.147558 0.149682 0.595541 0.00106157 
0.00847458 0.00847458 0.0254237 0.00847458 0.00847458 0.00847458 0.127119 0.00847458 0.00847458 0.0423729 0.00847458 0.00847458 0.177966 0.0932203 0.0762712 0.381356 
0.000807754 0.0250404 0.00403877 0.478998 0.000807754 0.133279 0.0105008 0.00726979 0.138126 0.00242326 0.0105008 0.0234249 0.0912763 0.00242326 0.00565428 0.0654281 
0.00126582 0.00379747 0.00126582 0.00126582 0.00126582 0.335443 0.0164557 0.00126582 0.00126582 0.00632911 0.00126582 0.00126582 0.391139 0.0240506 0.208861 0.00379747 
0.0775109 0.029476 0.00982533 0.0010917 0.0010917 0.0010917 0.54476 0.00764192 0.0251092 0.00327511 0.0010917 0.0010917 0.143013 0.101528 0.0491266 0.00327511 
0.0112827 0.00415677 0.000593824 0.013658 0.013658 0.000593824 0.0457245 0.000593824 0.37114 0.00415677 0.397268 0.00178147 0.0635392 0.0706651 0.000593824 0.000593824 
0.00163399 0.00163399 0.00163399 0.000544662 0.000544662 0.000544662 0.198802 0.291394 0.00490196 0.00163399 0.00925926 0.00163399 0.326253 0.126906 0.0125272 0.0201525 
0.000716332 0.00358166 0.000716332 0.0895415 0.000716332 0.0121777 0.0723496 0.311605 0.0179083 0.000716332 0.0451289 0.000716332 0.217049 0.225645 0.000716332 0.000716332 
0.0168539 0.0393258 0.0505618 0.00561798 0.117978 0.00561798 0.578652 0.0393258 0.0168539 0.0393258 0.0168539 0.0280899 0.0168539 0.00561798 0.0168539 0.00561798 
0.0057377 0.0467213 0.000819672 0.000819672 0.000819672 0.00409836 0.0680328 0.00245902 0.000819672 0.000819672 0.000819672 0.00245902 0.154918 0.0106557 0.000819672 0.69918 
0.000848896 0.000848896 0.00764007 0.00933786 0.000848896 0.00254669 0.00933786 0.00764007 0.0874363 0.00254669 0.00594228 0.00424448 0.0925297 0.0110357 0.719015 0.0382003 
0.00625 0.01875 0.00625 0.05625 0.00625 0.00625 0.01875 0.00625 0.00625 0.00625 0.01875 0.00625 0.00625 0.00625 0.01875 0.80625 
0.0646552 0.142241 0.00431034 0.00431034 0.0474138 0.012931 0.0818966 0.0905172 0.00431034 0.00431034 0.133621 0.0215517 0.0215517 0.00431034 0.331897 0.0301724 
0.00205198 0.00205198 0.000683995 0.000683995 0.000683995 0.0745554 0.0786594 0.00615595 0.229138 0.0184679 0.00341997 0.000683995 0.111491 0.0841313 0.371409 0.0157319 
0.00301205 0.0307229 0.00060241 0.00421687 0.0138554 0.00301205 0.578916 0.00903614 0.0222892 0.00301205 0.00301205 0.00060241 0.321084 0.00060241 0.00180723 0.00421687 
0.446023 0.00094697 0.00662879 0.00284091 0.00094697 0.00094697 0.00662879 0.00284091 0.0104167 0.00852273 0.00852273 0.00852273 0.358902 0.0464015 0.0880682 0.00284091 
0.0262136 0.0184466 0.0106796 0.0902913 0.0184466 0.00291262 0.0786408 0.0242718 0.0320388 0.298058 0.000970874 0.0106796 0.263107 0.0436893 0.0708738 0.0106796 
0.00095057 0.00285171 0.00285171 0.00095057 0.00285171 0.00285171 0.0522814 0.00095057 0.0237643 0.00095057 0.00855513 0.00285171 0.230989 0.597909 0.0465779 0.0218631 
0.00505051 0.00505051 0.0151515 0.00505051 0.126263 0.00505051 0.0151515 0.0252525 0.0757576 0.0656566 0.00505051 0.00505051 0.0151515 0.00505051 0.0454545 0.580808 
0.11745 0.0302013 0.0033557 0.0100671 0.0033557 0.0033557 0.0033557 0.0100671 0.0033557 0.0033557 0.0234899 0.0033557 0.0234899 0.0503356 0.0234899 0.687919 
0.0777027 0.0439189 0.0101351 0.0236486 0.0101351 0.0168919 0.0101351 0.00337838 0.00337838 0.00337838 0.00337838 0.00337838 0.0236486 0.00337838 0.0101351 0.753378 
0.00106383 0.00531915 0.0180851 0.51383 0.00106383 0.037234 0.00531915 0.0117021 0.290426 0.00319149 0.00744681 0.00106383 0.037234 0.0351064 0.0308511 0.00106383 
0.00204638 0.0279673 0.0047749 0.00750341 0.000682128 0.00341064 0.00204638 0.00613915 0.128922 0.528649 0.00341064 0.00204638 0.197135 0.0839018 0.000682128 0.000682128 
0.00157729 0.0488959 0.0205047 0.00157729 0.011041 0.00473186 0.0488959 0.00473186 0.00157729 0.0173502 0.00473186 0.00473186 0.0205047 0.0205047 0.00473186 0.783912 
0.0119048 0.0595238 0.0119048 0.0119048 0.0357143 0.0119048 0.0119048 0.130952 0.130952 0.0119048 0.0119048 0.0119048 0.202381 0.0119048 0.297619 0.0357143 
0.0151515 0.0151515 0.0757576 0.0151515 0.106061 0.0151515 0.0454545 0.0151515 0.0454545 0.0151515 0.0757576 0.0151515 0.0757576 0.136364 0.0151515 0.318182 
0.122642 0.00943396 0.122642 0.00943396 0.00943396 0.141509 0.0283019 0.0471698 0.00943396 0.00943396 0.122642 0.0283019 0.00943396 0.0660377 0.254717 0.00943396 
0.00409836 0.00245902 0.000819672 0.0057377 0.000819672 0.0139344 0.158197 0.00245902 0.163115 0.00245902 0.0172131 0.00409836 0.138525 0.131967 0.353279 0.000819672 
0.00211566 0.000705219 0.000705219 0.000705219 0.000705219 0.000705219 0.00211566 0.000705219 0.000705219 0.000705219 0.453456 0.00352609 0.522567 0.000705219 0.00916784 0.000705219 
0.000645995 0.0419897 0.00322997 0.000645995 0.00322997 0.00193798 0.0122739 0.000645995 0.128553 0.0523256 0.00193798 0.00193798 0.0381137 0.167313 0.447674 0.0975452 
0.000793651 0.00238095 0.000793651 0.000793651 0.000793651 0.00555556 0.00555556 0.00714286 0.000793651 0.00873016 0.000793651 0.000793651 0.389683 0.572222 0.00238095 0.000793651 
0.000980392 0.00294118 0.000980392 0.000980392 0.00490196 0.022549 0.000980392 0.000980392 0.193137 0.000980392 0.000980392 0.581373 0.171569 0.00882353 0.00686275 0.000980392 
0.0041876 0.0175879 0.0175879 0.000837521 0.00586265 0.00251256 0.113065 0.000837521 0.0845896 0.000837521 0.00586265 0.00251256 0.106365 0.0728643 0.531826 0.0326633 
0.0280899 0.0393258 0.00561798 0.477528 0.00561798 0.0280899 0.0168539 0.00561798 0.00561798 0.0505618 0.0393258 0.117978 0.0505618 0.0393258 0.0280899 0.0617978 
0.00574713 0.270115 0.0172414 0.00574713 0.0517241 0.12069 0.00574713 0.00574713 0.0172414 0.0402299 0.0172414 0.0172414 0.132184 0.00574713 0.281609 0.00574713 
0.00198675 0.00596026 0.00331126 0.00198675 0.000662252 0.0112583 0.0284768 0.0205298 0.0549669 0.00331126 0.000662252 0.343709 0.510596 0.000662252 0.00728477 0.00463576 
0.0172414 0.0517241 0.0172414 0.0517241 0.0517241 0.0517241 0.12069 0.0172414 0.0517241 0.0517241 0.0517241 0.0172414 0.0172414 0.293103 0.0172414 0.12069 
0.00462963 0.00462963 0.0138889 0.00462963 0.00462963 0.00462963 0.0416667 0.0231481 0.0231481 0.0231481 0.0231481 0.0138889 0.449074 0.0416667 0.310185 0.0138889 
0.00555556 0.172222 0.127778 0.00555556 0.00555556 0.05 0.0833333 0.00555556 0.00555556 0.00555556 0.0166667 0.0388889 0.172222 0.0166667 0.00555556 0.283333 
0.0174419 0.133721 0.0290698 0.00581395 0.0290698 0.168605 0.00581395 0.00581395 0.0174419 0.0174419 0.0174419 0.00581395 0.0290698 0.00581395 0.354651 0.156977 
0.015625 0.286458 0.0364583 0.0260417 0.182292 0.00520833 0.015625 0.015625 0.078125 0.00520833 0.00520833 0.00520833 0.015625 0.00520833 0.130208 0.171875 
0.0813953 0.0581395 0.0116279 0.0813953 0.0581395 0.0348837 0.0116279 0.0116279 0.0116279 0.0116279 0.0116279 0.0116279 0.127907 0.0813953 0.0813953 0.313953 
0.171687 0.00903614 0.00903614 0.0451807 0.00301205 0.0150602 0.28012 0.00903614 0.00301205 0.0150602 0.0391566 0.0873494 0.0512048 0.0572289 0.177711 0.0271084 
0.00643777 0.00214592 0.0536481 0.00643777 0.00214592 0.00214592 0.238197 0.0107296 0.10515 0.00643777 0.083691 0.00643777 0.0107296 0.0708155 0.392704 0.00214592 
0.00648415 0.00360231 0.000720461 0.0122478 0.00360231 0.000720461 0.0698847 0.000720461 0.0511527 0.000720461 0.00360231 0.000720461 0.288905 0.0165706 0.50072 0.0396254 
0.00106838 0.00106838 0.00106838 0.00320513 0.00320513 0.00320513 0.0566239 0.00320513 0.00534188 0.00320513 0.413462 0.00106838 0.483974 0.00106838 0.00534188 0.0138889 
0.00130208 0.0117188 0.0143229 0.00651042 0.00130208 0.00130208 0.00390625 0.00130208 0.0611979 0.00911458 0.0117188 0.00130208 0.0742188 0.00130208 0.00390625 0.795573 
0.00144928 0.0478261 0.00144928 0.0101449 0.00434783 0.7 0.0391304 0.0217391 0.0101449 0.00724638 0.00144928 0.00434783 0.0710145 0.0101449 0.0594203 0.0101449 
0.00742574 0.122937 0.00247525 0.485974 0.00247525 0.0123762 0.060231 0.000825083 0.0305281 0.000825083 0.000825083 0.00247525 0.106436 0.0437294 0.0107261 0.109736 
0.00833333 0.158333 0.025 0.00833333 0.00833333 0.175 0.00833333 0.025 0.00833333 0.00833333 0.0583333 0.191667 0.225 0.025 0.0416667 0.025 
0.0101626 0.156504 0.00203252 0.00203252 0.0101626 0.0101626 0.23374 0.00203252 0.0101626 0.00203252 0.050813 0.00203252 0.164634 0.00203252 0.335366 0.00609756 
0.003125 0.215625 0.009375 0.009375 0.009375 0.034375 0.003125 0.003125 0.015625 0.003125 0.046875 0.021875 0.015625 0.115625 0.309375 0.184375 
0.00572519 0.501908 0.0019084 0.0019084 0.0133588 0.0209924 0.0209924 0.0171756 0.0248092 0.0553435 0.0019084 0.0133588 0.204198 0.0019084 0.0019084 0.112595 
0.00273224 0.0846995 0.54918 0.0409836 0.00273224 0.0191257 0.00819672 0.00273224 0.117486 0.0245902 0.0464481 0.0519126 0.00273224 0.0300546 0.00273224 0.0136612 
0.002693 0.0547576 0.000897666 0.000897666 0.002693 0.0278276 0.0260323 0.0260323 0.0655296 0.002693 0.368941 0.000897666 0.00987433 0.155296 0.0116697 0.243268 
0.00925926 0.101852 0.00925926 0.0833333 0.0833333 0.0462963 0.0277778 0.00925926 0.0277778 0.0277778 0.0462963 0.231481 0.0833333 0.00925926 0.138889 0.0648148 
0.00143678 0.0186782 0.00143678 0.0272989 0.00143678 0.533046 0.012931 0.00143678 0.0100575 0.00143678 0.0215517 0.0215517 0.173851 0.00143678 0.159483 0.012931 
0.00599201 0.00998668 0.000665779 0.00732357 0.000665779 0.000665779 0.0446072 0.0139814 0.187084 0.000665779 0.000665779 0.00199734 0.0419441 0.674434 0.00732357 0.00199734 
0.000904159 0.00572634 0.00693189 0.0593731 0.00994575 0.0858951 0.0979506 0.00150693 0.0708258 0.000301386 0.00391802 0.431887 0.194394 0.0129596 0.0165763 0.000904159 
0.0032967 0.0296703 0.0010989 0.0032967 0.00549451 0.442857 0.0318681 0.0032967 0.0010989 0.0384615 0.0010989 0.00549451 0.11978 0.293407 0.0010989 0.0186813 
0.00847458 0.00282486 0.00282486 0.0141243 0.00847458 0.00282486 0.0932203 0.00282486 0.0480226 0.00282486 0.0423729 0.00282486 0.155367 0.200565 0.387006 0.0254237 
0.0135135 0.0135135 0.0135135 0.0135135 0.0135135 0.256757 0.202703 0.0135135 0.0135135 0.0945946 0.0135135 0.0405405 0.0405405 0.0135135 0.0135135 0.22973 
0.00451807 0.0587349 0.00150602 0.0165663 0.00150602 0.0165663 0.134036 0.0105422 0.00451807 0.0256024 0.00150602 0.0135542 0.170181 0.0195783 0.0105422 0.510542 
0.0495652 0.246087 0.000869565 0.000869565 0.0269565 0.000869565 0.0582609 0.0234783 0.000869565 0.000869565 0.265217 0.0182609 0.230435 0.00782609 0.000869565 0.0686957 
0.00632911 0.0189873 0.00632911 0.00632911 0.0189873 0.0316456 0.0443038 0.0189873 0.0696203 0.00632911 0.00632911 0.0443038 0.00632911 0.0949367 0.348101 0.272152 
0.000994036 0.263419 0.00298211 0.0308151 0.00298211 0.000994036 0.372763 0.00298211 0.0467197 0.219682 0.000994036 0.00497018 0.026839 0.000994036 0.0149105 0.00695825 
0.00268817 0.00806452 0.0188172 0.00806452 0.00806452 0.0134409 0.0295699 0.00268817 0.00806452 0.00268817 0.0188172 0.0456989 0.212366 0.00268817 0.00268817 0.615591 
0.0165344 0.0839947 0.000661376 0.0747354 0.00595238 0.00992063 0.0628307 0.0482804 0.126323 0.00198413 0.0231481 0.000661376 0.0390212 0.464947 0.0390212 0.00198413 
0.00591216 0.000844595 0.000844595 0.401182 0.000844595 0.00253378 0.108953 0.000844595 0.157939 0.00253378 0.000844595 0.000844595 0.102196 0.0565878 0.144426 0.0126689 
0.00805585 0.250806 0.0349087 0.0112782 0.000537057 0.00912997 0.000537057 0.00268528 0.592374 0.000537057 0.00912997 0.0037594 0.038131 0.0112782 0.0198711 0.00698174 
0.00071736 0.0251076 0.00071736 0.0035868 0.00645624 0.00071736 0.00071736 0.00071736 0.00215208 0.00215208 0.00071736 0.0035868 0.412482 0.531564 0.00645624 0.00215208 
0.0102041 0.037415 0.00340136 0.132653 0.00340136 0.0714286 0.00340136 0.0170068 0.234694 0.0238095 0.0238095 0.0306122 0.132653 0.0782313 0.193878 0.00340136 
0.0576923 0.0192308 0.288462 0.134615 0.0192308 0.0192308 0.0192308 0.0192308 0.0961538 0.0576923 0.0576923 0.0192308 0.0961538 0.0576923 0.0192308 0.0192308 
0.00252101 0.0344538 0.00420168 0.00420168 0.000840336 0.000840336 0.00252101 0.000840336 0.0613445 0.00420168 0.00588235 0.000840336 0.227731 0.560504 0.012605 0.0764706 
0.000613497 0.153988 0.00674847 0.00184049 0.000613497 0.0276074 0.0312883 0.00184049 0.0325153 0.00184049 0.00184049 0.52454 0.205521 0.00429448 0.00306748 0.00184049 
0.0294118 0.0294118 0.0294118 0.0882353 0.264706 0.0294118 0.0294118 0.0882353 0.0882353 0.0882353 0.0294118 0.0294118 0.0294118 0.0294118 0.0294118 0.0882353 
0.0178571 0.0535714 0.0178571 0.0892857 0.303571 0.0535714 0.0178571 0.0892857 0.0178571 0.0178571 0.125 0.0535714 0.0535714 0.0178571 0.0178571 0.0535714 
0.0135135 0.0405405 0.121622 0.0135135 0.391892 0.0135135 0.0135135 0.0135135 0.0135135 0.148649 0.0135135 0.121622 0.0405405 0.0135135 0.0135135 0.0135135 
0.00195312 0.0136719 0.0566406 0.00585938 0.0136719 0.658203 0.0917969 0.0292969 0.0371094 0.00976562 0.00195312 0.00976562 0.0371094 0.00585938 0.00585938 0.0214844 
0.000821018 0.715107 0.000821018 0.0139573 0.000821018 0.0221675 0.000821018 0.00410509 0.112479 0.0155993 0.0155993 0.000821018 0.0221675 0.0599343 0.000821018 0.0139573 
0.0892857 0.0178571 0.0178571 0.0535714 0.0178571 0.0178571 0.0178571 0.0178571 0.0535714 0.0892857 0.0178571 0.0535714 0.0178571 0.446429 0.0178571 0.0535714 
0.00341997 0.0129959 0.000683995 0.00478796 0.000683995 0.0116279 0.00615595 0.000683995 0.0403557 0.00615595 0.0458276 0.00205198 0.28249 0.52736 0.000683995 0.0540356 
0.0657895 0.0131579 0.0394737 0.0131579 0.0657895 0.0394737 0.0394737 0.197368 0.0657895 0.25 0.0921053 0.0131579 0.0131579 0.0131579 0.0657895 0.0131579 
0.0405405 0.0135135 0.0945946 0.148649 0.121622 0.0135135 0.0675676 0.0135135 0.0405405 0.0135135 0.0405405 0.0135135 0.0135135 0.310811 0.0405405 0.0135135 
0.06 0.1 0.02 0.18 0.02 0.02 0.06 0.02 0.02 0.34 0.02 0.02 0.06 0.02 0.02 0.02 
0.0131579 0.0131579 0.25 0.223684 0.118421 0.0921053 0.0131579 0.0394737 0.0131579 0.0657895 0.0131579 0.0394737 0.0131579 0.0131579 0.0657895 0.0131579 
0.00480769 0.0400641 0.00160256 0.309295 0.00480769 0.00801282 0.00160256 0.00480769 0.0753205 0.427885 0.0240385 0.00160256 0.0817308 0.00160256 0.00801282 0.00480769 
0.00246305 0.0615764 0.0123153 0.00246305 0.0714286 0.00738916 0.0172414 0.0418719 0.140394 0.455665 0.00246305 0.00246305 0.169951 0.00246305 0.00738916 0.00246305 
0.134146 0.0853659 0.0121951 0.207317 0.0121951 0.0121951 0.0121951 0.0121951 0.0121951 0.207317 0.0121951 0.0121951 0.182927 0.0609756 0.0121951 0.0121951 
0.649699 0.00512048 0.000301205 0.00331325 0.000301205 0.000903614 0.000301205 0.000301205 0.00150602 0.000301205 0.000903614 0.000301205 0.334639 0.00150602 0.000301205 0.000301205 
0.0660377 0.40566 0.00943396 0.0471698 0.122642 0.00943396 0.00943396 0.0283019 0.00943396 0.122642 0.00943396 0.0471698 0.00943396 0.0471698 0.0471698 0.00943396 
0.0848303 0.000998004 0.000998004 0.0309381 0.000998004 0.000998004 0.000998004 0.47006 0.000998004 0.100798 0.000998004 0.0409182 0.214571 0.00898204 0.000998004 0.0409182 
0.125 0.0138889 0.0138889 0.0694444 0.0694444 0.0416667 0.0138889 0.263889 0.0138889 0.0972222 0.0138889 0.0138889 0.0416667 0.0416667 0.0416667 0.125 
0.0122222 0.0344444 0.00333333 0.114444 0.00111111 0.00111111 0.00111111 0.00111111 0.00333333 0.623333 0.00111111 0.00333333 0.127778 0.00111111 0.0122222 0.0588889 
0.025 0.025 0.075 0.075 0.075 0.025 0.025 0.075 0.025 0.425 0.025 0.025 0.025 0.025 0.025 0.025 
0.000628931 0.0660377 0.000628931 0.771698 0.000628931 0.00314465 0.00314465 0.00314465 0.103774 0.000628931 0.000628931 0.000628931 0.0358491 0.00188679 0.00566038 0.00188679 
0.186567 0.00746269 0.0373134 0.0223881 0.0373134 0.0373134 0.0373134 0.00746269 0.0223881 0.291045 0.0820896 0.00746269 0.11194 0.0820896 0.00746269 0.0223881 
0.12963 0.0185185 0.0185185 0.0185185 0.0555556 0.351852 0.0185185 0.0185185 0.166667 0.0185185 0.0185185 0.0555556 0.0185185 0.0555556 0.0185185 0.0185185 
0.0875 0.0125 0.0125 0.0625 0.0125 0.0375 0.0375 0.0875 0.0875 0.1125 0.0875 0.2625 0.0125 0.0625 0.0125 0.0125 
0.0416667 0.0138889 0.0138889 0.0138889 0.0416667 0.0416667 0.0416667 0.0416667 0.0416667 0.0694444 0.0972222 0.0694444 0.0694444 0.0138889 0.125 0.263889 
0.06 0.02 0.02 0.18 0.02 0.02 0.02 0.06 0.02 0.3 0.18 0.02 0.02 0.02 0.02 0.02 
0.000905797 0.0190217 0.464674 0.0552536 0.000905797 0.00452899 0.00452899 0.00815217 0.0371377 0.00271739 0.000905797 0.00634058 0.133152 0.00452899 0.000905797 0.256341 
0.0138889 0.0138889 0.0138889 0.0138889 0.0138889 0.0416667 0.0138889 0.0138889 0.0138889 0.486111 0.125 0.0416667 0.0138889 0.0694444 0.0138889 0.0972222 
0.0833333 0.0833333 0.0277778 0.0277778 0.0277778 0.0277778 0.0277778 0.0277778 0.0277778 0.305556 0.0277778 0.0833333 0.0277778 0.0833333 0.0277778 0.0833333 
0.0227273 0.0681818 0.340909 0.0227273 0.0227273 0.0227273 0.0681818 0.0227273 0.0227273 0.0681818 0.0227273 0.0227273 0.204545 0.0227273 0.0227273 0.0227273 
0.357143 0.0142857 0.0428571 0.157143 0.0142857 0.0142857 0.0142857 0.0142857 0.0428571 0.0714286 0.0714286 0.0428571 0.0428571 0.0714286 0.0142857 0.0142857 
0.0862069 0.155172 0.0517241 0.0172414 0.0517241 0.0172414 0.0172414 0.0517241 0.0172414 0.0172414 0.0172414 0.0862069 0.189655 0.0517241 0.0517241 0.12069 
0.157143 0.128571 0.1 0.0142857 0.128571 0.0142857 0.0142857 0.0142857 0.0428571 0.0428571 0.0142857 0.0142857 0.0142857 0.0142857 0.0142857 0.271429 
0.0035868 0.0164993 0.00071736 0.0480631 0.00215208 0.00071736 0.00071736 0.00071736 0.00215208 0.00071736 0.709469 0.00071736 0.191535 0.0193687 0.00215208 0.00071736 
0.00413223 0.0123967 0.00413223 0.475207 0.00413223 0.0289256 0.0206612 0.144628 0.00413223 0.00413223 0.0371901 0.0454545 0.0289256 0.152893 0.0289256 0.00413223 
0.0121951 0.0121951 0.109756 0.0121951 0.109756 0.0121951 0.0121951 0.0121951 0.0365854 0.0121951 0.0609756 0.0609756 0.0121951 0.0365854 0.0121951 0.47561 
0.310811 0.148649 0.0135135 0.0675676 0.202703 0.0135135 0.0135135 0.0135135 0.0135135 0.0135135 0.0135135 0.0675676 0.0405405 0.0405405 0.0135135 0.0135135 
0.0123355 0.0501645 0.00740132 0.015625 0.00411184 0.00411184 0.000822368 0.0271382 0.119243 0.00740132 0.000822368 0.306743 0.410362 0.00740132 0.0172697 0.00904605 
0.0524957 0.00258176 0.024957 0.517212 0.0060241 0.0370052 0.0060241 0.000860585 0.0593804 0.0473322 0.0060241 0.000860585 0.0731497 0.124785 0.0146299 0.0266781 
0.0524476 0.0034965 0.0244755 0.0734266 0.36014 0.0174825 0.0244755 0.0244755 0.0034965 0.0244755 0.0034965 0.0174825 0.36014 0.0034965 0.0034965 0.0034965 
0.0518182 0.595455 0.0190909 0.0990909 0.00454545 0.000909091 0.000909091 0.00454545 0.0445455 0.00818182 0.000909091 0.00636364 0.160909 0.000909091 0.000909091 0.000909091 
0.183333 0.05 0.0166667 0.316667 0.0833333 0.0166667 0.0166667 0.0166667 0.15 0.0166667 0.0166667 0.05 0.0166667 0.0166667 0.0166667 0.0166667 
0.0172414 0.0517241 0.0172414 0.189655 0.12069 0.0172414 0.0172414 0.0517241 0.327586 0.0172414 0.0172414 0.0172414 0.0172414 0.0172414 0.0517241 0.0517241 
0.0263158 0.0263158 0.236842 0.0263158 0.0789474 0.131579 0.0263158 0.0789474 0.0789474 0.0789474 0.0263158 0.0263158 0.0263158 0.0789474 0.0263158 0.0263158 
0.0576923 0.0961538 0.211538 0.0192308 0.134615 0.0576923 0.134615 0.134615 0.0192308 0.0192308 0.0192308 0.0192308 0.0192308 0.0192308 0.0192308 0.0192308 
0.00448029 0.000896057 0.000896057 0.015233 0.000896057 0.000896057 0.000896057 0.000896057 0.135305 0.00268817 0.000896057 0.522401 0.300179 0.000896057 0.0116487 0.000896057 
0.0013587 0.0394022 0.0013587 0.683424 0.00407609 0.0013587 0.0013587 0.0013587 0.09375 0.00679348 0.00407609 0.00407609 0.148098 0.00679348 0.0013587 0.0013587 
0.00225225 0.00225225 0.0157658 0.439189 0.128378 0.00225225 0.00225225 0.00225225 0.358108 0.00225225 0.00675676 0.0157658 0.00675676 0.00225225 0.00225225 0.0112613 
0.00462963 0.162037 0.0416667 0.263889 0.171296 0.115741 0.0324074 0.0138889 0.00462963 0.00462963 0.0601852 0.0138889 0.0138889 0.0787037 0.0138889 0.00462963 
0.00490196 0.0598039 0.000980392 0.0931373 0.000980392 0.0656863 0.00490196 0.000980392 0.0539216 0.414706 0.0421569 0.0186275 0.187255 0.0147059 0.000980392 0.0362745 
0.0482042 0.010397 0.00094518 0.441399 0.0047259 0.0047259 0.00094518 0.00850662 0.0614367 0.010397 0.0160681 0.010397 0.305293 0.0689981 0.0047259 0.00283554 
0.114865 0.141892 0.00675676 0.263514 0.00675676 0.00675676 0.00675676 0.00675676 0.00675676 0.277027 0.0202703 0.0472973 0.0202703 0.00675676 0.00675676 0.0608108 
