0.000772201 0.0023166 0.0640927 0.000772201 0.00694981 0.396139 0.383784 0.0023166 0.000772201 0.019305 0.000772201 0.0949807 0.000772201 0.0023166 0.0239382 
0.0232558 0.00775194 0.100775 0.100775 0.0232558 0.147287 0.302326 0.0697674 0.00775194 0.0232558 0.0387597 0.00775194 0.00775194 0.131783 0.00775194 
0.21608 0.00100503 0.177889 0.280402 0.00100503 0.00100503 0.270352 0.00100503 0.00100503 0.00100503 0.0110553 0.00301508 0.00100503 0.0331658 0.00100503 
0.0769231 0.010989 0.120879 0.032967 0.010989 0.164835 0.0549451 0.0769231 0.010989 0.032967 0.032967 0.010989 0.010989 0.142857 0.208791 
0.0707071 0.010101 0.131313 0.111111 0.010101 0.010101 0.010101 0.030303 0.010101 0.191919 0.0505051 0.0909091 0.010101 0.030303 0.232323 
0.00549725 0.00049975 0.00549725 0.00049975 0.00049975 0.495252 0.42029 0.0304848 0.00449775 0.00049975 0.00149925 0.00049975 0.00349825 0.0304848 0.00049975 
0.157779 0.000549753 0.0401319 0.000549753 0.00384827 0.286421 0.31171 0.0137438 0.000549753 0.0346344 0.00494777 0.000549753 0.000549753 0.143485 0.000549753 
0.0504316 0.00227169 0.0949568 0.00136302 0.00499773 0.000454339 0.363017 0.00408905 0.000454339 0.00136302 0.000454339 0.00227169 0.000454339 0.472058 0.00136302 
0.00621118 0.0186335 0.0559006 0.0186335 0.242236 0.068323 0.267081 0.00621118 0.00621118 0.142857 0.00621118 0.0310559 0.00621118 0.068323 0.0559006 
0.0318471 0.00636943 0.515924 0.00636943 0.044586 0.0318471 0.0191083 0.0191083 0.00636943 0.0318471 0.044586 0.044586 0.00636943 0.10828 0.0828025 
0.178992 0.00107181 0.459807 0.0632369 0.0096463 0.00107181 0.191854 0.0203644 0.00107181 0.00750268 0.00107181 0.00750268 0.00107181 0.0525188 0.00321543 
0.0146628 0.0205279 0.454545 0.0381232 0.0146628 0.026393 0.343109 0.00293255 0.00879765 0.0205279 0.00293255 0.00293255 0.00879765 0.0205279 0.0205279 
0.0545455 0.0545455 0.0181818 0.0181818 0.236364 0.0545455 0.0909091 0.0545455 0.0181818 0.0181818 0.0181818 0.0545455 0.0181818 0.0181818 0.272727 
0.162016 0.0837151 0.0695544 0.00541441 0.0978759 0.201166 0.355269 0.000416493 0.000416493 0.00291545 0.000416493 0.00291545 0.000416493 0.0170762 0.000416493 
0.209581 0.0778443 0.0179641 0.389222 0.00598802 0.0179641 0.00598802 0.00598802 0.00598802 0.00598802 0.00598802 0.0179641 0.00598802 0.0419162 0.185629 
0.253886 0.0224525 0.0880829 0.48532 0.00172712 0.00518135 0.0362694 0.00172712 0.00172712 0.0259067 0.00172712 0.00863558 0.00172712 0.0639033 0.00172712 
0.169661 0.0139721 0.221557 0.0179641 0.0139721 0.00598802 0.301397 0.0738523 0.00598802 0.0299401 0.00199601 0.0658683 0.0139721 0.0618762 0.00199601 
0.119266 0.00183486 0.365138 0.214679 0.00183486 0.00183486 0.19633 0.00550459 0.00183486 0.00550459 0.00550459 0.00183486 0.012844 0.053211 0.012844 
0.017341 0.699422 0.121387 0.017341 0.017341 0.00578035 0.017341 0.00578035 0.00578035 0.00578035 0.00578035 0.017341 0.0289017 0.00578035 0.0289017 
0.0989011 0.010989 0.032967 0.362637 0.0769231 0.010989 0.032967 0.032967 0.010989 0.010989 0.010989 0.010989 0.032967 0.010989 0.252747 
0.00578035 0.00578035 0.0520231 0.017341 0.0982659 0.156069 0.0520231 0.0867052 0.121387 0.260116 0.0867052 0.017341 0.017341 0.00578035 0.017341 
0.027933 0.00558659 0.00558659 0.00558659 0.117318 0.0837989 0.106145 0.0949721 0.0614525 0.363128 0.0837989 0.027933 0.00558659 0.00558659 0.00558659 
0.100459 0.000509944 0.130036 0.0117287 0.0555839 0.0260071 0.251402 0.00662927 0.00662927 0.36155 0.0239674 0.00152983 0.000509944 0.0229475 0.000509944 
0.0147783 0.044335 0.00492611 0.044335 0.0147783 0.00492611 0.270936 0.0147783 0.00492611 0.0344828 0.0246305 0.00492611 0.0246305 0.487685 0.00492611 
0.615568 0.00714853 0.0214456 0.000794281 0.00714853 0.000794281 0.180302 0.00238284 0.00238284 0.0611597 0.000794281 0.00555997 0.000794281 0.0420969 0.0516283 
0.0711297 0.0041841 0.0627615 0.25523 0.0460251 0.0627615 0.0794979 0.104603 0.0209205 0.0711297 0.0041841 0.0125523 0.0376569 0.0125523 0.154812 
0.00127389 0.347771 0.00127389 0.00127389 0.00127389 0.00382166 0.447134 0.00382166 0.00127389 0.113376 0.00127389 0.00636943 0.00127389 0.0649682 0.00382166 
0.0117647 0.0117647 0.0352941 0.388235 0.0117647 0.0117647 0.0117647 0.0352941 0.0117647 0.0117647 0.0117647 0.0117647 0.0117647 0.0117647 0.411765 
0.25725 0.0121609 0.219832 0.000935454 0.00467727 0.00280636 0.109448 0.00467727 0.000935454 0.000935454 0.00280636 0.000935454 0.341441 0.0402245 0.000935454 
0.038961 0.004329 0.012987 0.601732 0.030303 0.004329 0.004329 0.030303 0.004329 0.038961 0.004329 0.012987 0.004329 0.203463 0.004329 
0.246994 0.00462535 0.013876 0.000925069 0.104533 0.0157262 0.0712303 0.052729 0.0212766 0.00277521 0.367253 0.00462535 0.000925069 0.0915819 0.000925069 
0.0787879 0.00121212 0.553939 0.0254545 0.00121212 0.00848485 0.306667 0.00121212 0.00121212 0.00606061 0.00121212 0.00606061 0.00121212 0.00121212 0.00606061 
0.0575916 0.0157068 0.0052356 0.0680628 0.0994764 0.120419 0.0471204 0.0052356 0.0052356 0.120419 0.0052356 0.0052356 0.0052356 0.434555 0.0052356 
0.0328152 0.00518135 0.0362694 0.471503 0.00172712 0.00172712 0.105354 0.00172712 0.00518135 0.146805 0.00172712 0.00863558 0.00172712 0.177893 0.00172712 
0.284672 0.00729927 0.109489 0.00729927 0.0364964 0.255474 0.0218978 0.00729927 0.00729927 0.0218978 0.00729927 0.0510949 0.0218978 0.0510949 0.109489 
0.0306498 0.000408664 0.130364 0.0739681 0.0208418 0.143441 0.4434 0.0208418 0.0102166 0.109931 0.000408664 0.00122599 0.0118512 0.000408664 0.00204332 
0.264051 0.04772 0.0180276 0.00318134 0.00106045 0.181336 0.225875 0.00106045 0.00106045 0.00954401 0.00106045 0.0265111 0.00106045 0.196182 0.0222694 
0.0049051 0.000213265 0.00106633 0.00149286 0.288974 0.000639795 0.602474 0.000213265 0.00405204 0.00447857 0.000213265 0.00447857 0.00533163 0.0786948 0.00277245 
0.0196078 0.0588235 0.333333 0.0196078 0.0588235 0.0980392 0.0196078 0.0196078 0.0588235 0.0196078 0.0196078 0.0196078 0.0588235 0.0196078 0.176471 
0.215311 0.110048 0.100478 0.00478469 0.00478469 0.00478469 0.282297 0.00478469 0.00478469 0.0430622 0.00478469 0.0239234 0.00478469 0.0239234 0.167464 
0.14094 0.0111857 0.400447 0.00223714 0.00223714 0.00223714 0.234899 0.00223714 0.0961969 0.064877 0.00223714 0.033557 0.00223714 0.00223714 0.00223714 
0.114754 0.0163934 0.213115 0.0819672 0.0819672 0.0163934 0.0163934 0.0163934 0.0163934 0.0163934 0.0163934 0.0163934 0.0491803 0.0491803 0.278689 
0.0126582 0.0379747 0.0126582 0.341772 0.0379747 0.0126582 0.0126582 0.0126582 0.0126582 0.0126582 0.0126582 0.0126582 0.0379747 0.0126582 0.417722 
0.0277078 0.0528967 0.405542 0.00755668 0.00251889 0.00251889 0.350126 0.00755668 0.00251889 0.0881612 0.00251889 0.00251889 0.0125945 0.0176322 0.0176322 
0.212121 0.030303 0.0545455 0.454545 0.00606061 0.00606061 0.0424242 0.00606061 0.0181818 0.00606061 0.00606061 0.00606061 0.030303 0.00606061 0.115152 
0.0353337 0.0185081 0.000560852 0.65788 0.000560852 0.000560852 0.23051 0.0162647 0.000560852 0.00616938 0.00280426 0.00168256 0.000560852 0.022995 0.00504767 
0.275042 0.00166021 0.546209 0.00166021 0.00166021 0.00608744 0.0769231 0.00276702 0.0171555 0.000553403 0.000553403 0.000553403 0.000553403 0.0680686 0.000553403 
0.0632911 0.0379747 0.468354 0.0126582 0.0379747 0.0379747 0.0126582 0.0126582 0.0126582 0.0126582 0.0126582 0.0126582 0.0126582 0.0126582 0.240506 
0.136322 0.0228728 0.36322 0.000914913 0.00274474 0.0283623 0.332113 0.00457457 0.00823422 0.0832571 0.00274474 0.00274474 0.000914913 0.00274474 0.00823422 
0.0521161 0.00104932 0.00944386 0.441763 0.0143407 0.00804477 0.441763 0.00104932 0.00734523 0.00734523 0.000349773 0.00104932 0.000349773 0.000349773 0.0136411 
0.0520548 0.00189673 0.0162276 0.0322445 0.032666 0.0153846 0.481981 0.00105374 0.0052687 0.11275 0.000632244 0.218124 0.00189673 0.027608 0.000210748 
0.10991 0.111111 0.47027 0.00540541 0.00540541 0.000600601 0.28048 0.000600601 0.0018018 0.0042042 0.0018018 0.000600601 0.003003 0.0042042 0.000600601 
0.0746269 0.0149254 0.0746269 0.0149254 0.0447761 0.0746269 0.0149254 0.0149254 0.134328 0.0149254 0.104478 0.0149254 0.0149254 0.0149254 0.373134 
0.290837 0.0199203 0.0836653 0.0199203 0.00398406 0.418327 0.0119522 0.00398406 0.00398406 0.0119522 0.0119522 0.00398406 0.00398406 0.00398406 0.10757 
0.194245 0.00102775 0.0791367 0.0133607 0.00513875 0.5889 0.0832477 0.00102775 0.00102775 0.0133607 0.00102775 0.00102775 0.00102775 0.0154162 0.00102775 
0.454945 0.0021978 0.428571 0.0021978 0.010989 0.0021978 0.0021978 0.0021978 0.0021978 0.010989 0.010989 0.0021978 0.0549451 0.010989 0.0021978 
0.0010636 0.000212721 0.0427569 0.000638162 0.434163 0.00191449 0.512444 0.00319081 0.000638162 0.000212721 0.000212721 0.000212721 0.000212721 0.00148904 0.000638162 
0.0126582 0.0126582 0.468354 0.139241 0.0126582 0.0126582 0.0126582 0.0379747 0.0126582 0.0126582 0.0126582 0.0126582 0.0126582 0.0126582 0.21519 
0.0684932 0.0410959 0.178082 0.0410959 0.0136986 0.0410959 0.0136986 0.0136986 0.0684932 0.0136986 0.0136986 0.123288 0.0410959 0.0684932 0.260274 
0.0169492 0.0169492 0.0508475 0.355932 0.0169492 0.0169492 0.0508475 0.0169492 0.0169492 0.0508475 0.0169492 0.0169492 0.0169492 0.0169492 0.322034 
0.179355 0.00129032 0.00903226 0.486452 0.0451613 0.0167742 0.122581 0.00903226 0.00387097 0.00129032 0.0296774 0.00129032 0.00387097 0.0683871 0.0219355 
0.000152555 0.000762777 0.0849733 0.00106789 0.00839054 0.196339 0.676583 0.00289855 0.000152555 0.000152555 0.00167811 0.001373 0.0172387 0.0071701 0.00106789 
0.0352941 0.0117647 0.0117647 0.0352941 0.0117647 0.0823529 0.0117647 0.0352941 0.0117647 0.0823529 0.0117647 0.0588235 0.0117647 0.341176 0.247059 
0.0225564 0.0195489 0.12782 0.233083 0.0135338 0.00451128 0.503759 0.0135338 0.00150376 0.00451128 0.00150376 0.0345865 0.00150376 0.0105263 0.0075188 
0.313131 0.030303 0.0505051 0.0909091 0.010101 0.010101 0.010101 0.010101 0.010101 0.111111 0.010101 0.0505051 0.030303 0.0505051 0.212121 
0.00395257 0.0118577 0.0592885 0.454545 0.00395257 0.00395257 0.00395257 0.0909091 0.027668 0.00395257 0.00395257 0.0118577 0.00395257 0.304348 0.0118577 
0.0114943 0.0804598 0.0804598 0.37931 0.0574713 0.0114943 0.0344828 0.0114943 0.0344828 0.0114943 0.0114943 0.0344828 0.0574713 0.0114943 0.172414 
0.0499195 0.00161031 0.0144928 0.542673 0.00805153 0.0241546 0.291465 0.00161031 0.00483092 0.0177134 0.00805153 0.00161031 0.00483092 0.00161031 0.0273752 
0.194245 0.0935252 0.381295 0.00719424 0.00719424 0.0215827 0.0647482 0.0215827 0.00719424 0.00719424 0.0359712 0.00719424 0.00719424 0.0503597 0.0935252 
0.0347648 0.00204499 0.190184 0.00204499 0.0552147 0.0674847 0.357873 0.00204499 0.00613497 0.0633947 0.00613497 0.0552147 0.00204499 0.00204499 0.153374 
0.015873 0.047619 0.301587 0.111111 0.015873 0.015873 0.015873 0.015873 0.047619 0.015873 0.015873 0.015873 0.015873 0.015873 0.333333 
0.0107527 0.0107527 0.268817 0.204301 0.0107527 0.0322581 0.0107527 0.0322581 0.0107527 0.0107527 0.0107527 0.0107527 0.0537634 0.0107527 0.311828 
0.208723 0.000623053 0.535202 0.000623053 0.000623053 0.011838 0.216199 0.00560748 0.00186916 0.000623053 0.000623053 0.00186916 0.00311526 0.00311526 0.00934579 
0.0175439 0.0175439 0.0175439 0.0526316 0.0526316 0.0175439 0.0175439 0.0175439 0.0526316 0.0175439 0.0175439 0.0175439 0.0175439 0.122807 0.54386 
0.233826 0.000509424 0.0534896 0.00662252 0.300051 0.07081 0.298013 0.000509424 0.000509424 0.00152827 0.00254712 0.00458482 0.00458482 0.0198675 0.00254712 
0.0219491 0.00263389 0.000292654 0.0231197 0.0330699 0.000877963 0.586772 0.000292654 0.00263389 0.00263389 0.000292654 0.292362 0.000292654 0.0289728 0.00380451 
0.0461538 0.169231 0.107692 0.2 0.0153846 0.0153846 0.0153846 0.0461538 0.0461538 0.0153846 0.0153846 0.0153846 0.0153846 0.0153846 0.261538 
0.00483092 0.0434783 0.0338164 0.00483092 0.0241546 0.149758 0.15942 0.0144928 0.0434783 0.00483092 0.487923 0.00483092 0.00483092 0.00483092 0.0144928 
0.017341 0.017341 0.32948 0.0635838 0.0289017 0.00578035 0.248555 0.00578035 0.0289017 0.017341 0.00578035 0.00578035 0.00578035 0.00578035 0.213873 
0.20354 0.0973451 0.0619469 0.132743 0.00884956 0.0265487 0.00884956 0.00884956 0.0265487 0.079646 0.00884956 0.00884956 0.00884956 0.00884956 0.309735 
0.0105263 0.0736842 0.0105263 0.0947368 0.0947368 0.0105263 0.0105263 0.0105263 0.263158 0.0315789 0.0105263 0.0105263 0.0315789 0.0315789 0.305263 
0.00571429 0.348571 0.00571429 0.0285714 0.0628571 0.0171429 0.12 0.00571429 0.0285714 0.04 0.00571429 0.0171429 0.00571429 0.291429 0.0171429 
0.145422 0.00179533 0.02693 0.0125673 0.00179533 0.00179533 0.217235 0.00897666 0.0197487 0.00179533 0.00179533 0.00179533 0.016158 0.436266 0.105925 
0.00571429 0.0514286 0.177143 0.131429 0.0628571 0.0285714 0.0971429 0.00571429 0.00571429 0.211429 0.0171429 0.0171429 0.0171429 0.0857143 0.0857143 
0.356265 0.0859951 0.336609 0.002457 0.002457 0.00737101 0.046683 0.002457 0.002457 0.002457 0.002457 0.0810811 0.00737101 0.002457 0.0614251 
0.170909 0.00363636 0.563636 0.0109091 0.0181818 0.00363636 0.0618182 0.0181818 0.00363636 0.0109091 0.00363636 0.0618182 0.0109091 0.0327273 0.0254545 
0.131313 0.111111 0.010101 0.010101 0.0505051 0.010101 0.0505051 0.010101 0.030303 0.030303 0.010101 0.010101 0.151515 0.252525 0.131313 
0.123123 0.003003 0.165165 0.291291 0.015015 0.003003 0.237237 0.045045 0.003003 0.015015 0.003003 0.003003 0.015015 0.045045 0.033033 
0.0133333 0.0933333 0.12 0.0133333 0.146667 0.0933333 0.0133333 0.0133333 0.04 0.0133333 0.0133333 0.0133333 0.0133333 0.226667 0.173333 
0.0885767 0.0091631 0.0164936 0.358583 0.00671961 0.000610874 0.191203 0.0177153 0.000610874 0.0103849 0.000610874 0.000610874 0.00305437 0.295052 0.000610874 
0.0178658 0.601159 0.00338001 0.00241429 0.000482859 0.000482859 0.358764 0.000482859 0.00627716 0.00241429 0.000482859 0.000482859 0.000482859 0.00144858 0.00338001 
0.012987 0.012987 0.038961 0.558442 0.012987 0.038961 0.012987 0.012987 0.012987 0.012987 0.038961 0.012987 0.038961 0.012987 0.168831 
0.0123457 0.037037 0.333333 0.234568 0.0123457 0.0123457 0.0123457 0.037037 0.037037 0.111111 0.0123457 0.0123457 0.0123457 0.0864198 0.037037 
0.0194553 0.00389105 0.143969 0.00389105 0.00389105 0.0272374 0.0505837 0.0272374 0.0350195 0.159533 0.00389105 0.105058 0.0194553 0.206226 0.190661 
0.0169492 0.0169492 0.0508475 0.355932 0.0169492 0.0169492 0.0508475 0.0169492 0.0169492 0.152542 0.0169492 0.0169492 0.0169492 0.0169492 0.220339 
0.20084 0.00209937 0.531141 0.00209937 0.00349895 0.00349895 0.186844 0.0482855 0.00629811 0.00349895 0.00209937 0.00069979 0.00349895 0.00209937 0.00349895 
0.0632911 0.0379747 0.0126582 0.468354 0.0126582 0.0632911 0.0632911 0.0126582 0.0126582 0.0126582 0.0126582 0.0126582 0.0379747 0.0126582 0.164557 
0.436893 0.00970874 0.0873786 0.00970874 0.00970874 0.0291262 0.00970874 0.00970874 0.0291262 0.0485437 0.00970874 0.00970874 0.00970874 0.0485437 0.242718 
0.00338983 0.00338983 0.0237288 0.518644 0.00338983 0.0169492 0.105085 0.0508475 0.00338983 0.0711864 0.00338983 0.00338983 0.00338983 0.0576271 0.132203 
0.0154502 0.0015983 0.101758 0.480021 0.000532765 0.000532765 0.37773 0.00372936 0.00266383 0.00586042 0.000532765 0.00372936 0.000532765 0.00479489 0.000532765 
0.00140647 0.0126582 0.00140647 0.350211 0.00140647 0.00140647 0.400844 0.00703235 0.00140647 0.0323488 0.00140647 0.00140647 0.0126582 0.147679 0.0267229 
0.488485 0.00121212 0.0690909 0.0351515 0.00121212 0.00121212 0.202424 0.0206061 0.00848485 0.00121212 0.00121212 0.00606061 0.00606061 0.151515 0.00606061 
0.280464 0.00193424 0.040619 0.597679 0.00580271 0.00193424 0.00193424 0.00193424 0.00193424 0.0135397 0.00193424 0.00580271 0.00193424 0.00580271 0.0367505 
0.015873 0.015873 0.460317 0.015873 0.015873 0.015873 0.047619 0.015873 0.047619 0.015873 0.015873 0.015873 0.015873 0.015873 0.269841 
0.057072 0.0124069 0.00248139 0.533499 0.00248139 0.00248139 0.275434 0.0124069 0.00248139 0.00248139 0.0124069 0.00248139 0.00248139 0.00248139 0.0769231 
0.00060423 0.000362538 0.00640483 0.00253776 0.294743 0.00495468 0.622719 0.000362538 0.00060423 0.000120846 0.0131722 0.00471299 0.0194562 0.0250151 0.00422961 
0.104762 0.161905 0.352381 0.00952381 0.00952381 0.00952381 0.00952381 0.00952381 0.00952381 0.0285714 0.0285714 0.047619 0.00952381 0.0285714 0.180952 
0.0153846 0.010989 0.243956 0.252747 0.0021978 0.0241758 0.287912 0.0197802 0.0021978 0.0021978 0.0021978 0.103297 0.0021978 0.0021978 0.0285714 
0.011236 0.0176565 0.229535 0.0304976 0.00160514 0.0208668 0.495987 0.00802568 0.00160514 0.00160514 0.00160514 0.011236 0.00481541 0.142857 0.0208668 
0.136842 0.0526316 0.0526316 0.0105263 0.263158 0.0315789 0.0315789 0.0105263 0.0736842 0.0105263 0.0105263 0.0105263 0.0526316 0.0947368 0.157895 
0.00360144 0.00040016 0.362145 0.00040016 0.117247 0.00120048 0.47579 0.00040016 0.00040016 0.00360144 0.00040016 0.00360144 0.00920368 0.0188075 0.00280112 
0.0169492 0.0169492 0.0169492 0.152542 0.0169492 0.0508475 0.0847458 0.0169492 0.0169492 0.0169492 0.0169492 0.0169492 0.0169492 0.0169492 0.525424 
0.0104231 0.431024 0.0177805 0.0214592 0.0030656 0.0177805 0.0582465 0.304721 0.00674433 0.00183936 0.000613121 0.000613121 0.000613121 0.124464 0.000613121 
0.232877 0.0958904 0.0136986 0.0136986 0.0410959 0.0136986 0.0136986 0.0136986 0.0136986 0.0136986 0.0410959 0.0958904 0.0136986 0.0410959 0.342466 
0.0103093 0.0103093 0.043299 0.00206186 0.0804124 0.117526 0.463918 0.00206186 0.00618557 0.00206186 0.0103093 0.00618557 0.00206186 0.220619 0.0226804 
0.230769 0.00130378 0.0847458 0.0743155 0.0169492 0.0430248 0.170795 0.0143416 0.00130378 0.0691004 0.00391134 0.212516 0.00130378 0.00130378 0.0743155 
0.00546448 0.0819672 0.234973 0.355191 0.0163934 0.00546448 0.0273224 0.125683 0.0163934 0.0163934 0.00546448 0.00546448 0.00546448 0.00546448 0.0928962 
0.00699301 0.00699301 0.020979 0.00699301 0.020979 0.0629371 0.482517 0.00699301 0.00699301 0.00699301 0.00699301 0.020979 0.020979 0.020979 0.300699 
0.00143885 0.00143885 0.548201 0.0244604 0.00143885 0.00143885 0.34964 0.00431655 0.00143885 0.0100719 0.00143885 0.00143885 0.00143885 0.047482 0.00431655 
0.112462 0.00911854 0.513678 0.00303951 0.0151976 0.0212766 0.203647 0.0151976 0.0151976 0.00911854 0.00911854 0.00303951 0.00303951 0.0212766 0.0455927 
0.19403 0.0149254 0.0447761 0.0746269 0.0447761 0.0149254 0.0149254 0.253731 0.0149254 0.0149254 0.0447761 0.0149254 0.0447761 0.0149254 0.19403 
0.299539 0.00460829 0.447005 0.00460829 0.142857 0.00460829 0.0138249 0.00460829 0.00460829 0.00460829 0.00460829 0.00460829 0.00460829 0.0138249 0.0414747 
0.0326797 0.111111 0.00653595 0.00653595 0.0588235 0.00653595 0.00653595 0.0196078 0.00653595 0.0196078 0.00653595 0.0326797 0.00653595 0.620915 0.0588235 
0.1044 0.000862813 0.508197 0.000862813 0.0405522 0.000862813 0.332183 0.000862813 0.000862813 0.000862813 0.00258844 0.000862813 0.00431406 0.000862813 0.000862813 
0.138211 0.00813008 0.0569106 0.00813008 0.138211 0.0243902 0.00813008 0.105691 0.0406504 0.00813008 0.00813008 0.00813008 0.00813008 0.170732 0.268293 
0.00125922 0.0264436 0.0127721 0.0134916 0.021047 0.0077352 0.604965 0.00989387 0.000179888 0.00125922 0.000179888 0.0062961 0.277568 0.0156503 0.00125922 
0.074451 0.000535619 0.0198179 0.000535619 0.00696304 0.429031 0.409748 0.00160686 0.00267809 0.00267809 0.000535619 0.00160686 0.00482057 0.0433851 0.00160686 
0.427578 0.00115875 0.251448 0.212051 0.0150637 0.00811124 0.0475087 0.00115875 0.00115875 0.00115875 0.00115875 0.00347625 0.00347625 0.0243337 0.00115875 
0.00311526 0.00436137 0.0155763 0.0180685 0.0255452 0.332087 0.416822 0.000623053 0.000623053 0.0691589 0.000623053 0.00311526 0.0604361 0.0292835 0.0205607 
0.229706 0.000575705 0.393207 0.0132412 0.00172712 0.0270581 0.132988 0.000575705 0.000575705 0.000575705 0.000575705 0.00287853 0.000575705 0.192861 0.00287853 
0.0320204 0.000283366 0.128365 0.0337206 0.0620572 0.0920941 0.500142 0.000283366 0.000283366 0.000283366 0.000283366 0.00481723 0.134599 0.00991782 0.000850099 
0.00571429 0.00571429 0.131429 0.00571429 0.00571429 0.0285714 0.00571429 0.00571429 0.00571429 0.00571429 0.00571429 0.00571429 0.0171429 0.542857 0.222857 
0.229252 0.000821693 0.00903862 0.472473 0.00575185 0.00246508 0.143796 0.00903862 0.00246508 0.00246508 0.000821693 0.00903862 0.000821693 0.110929 0.000821693 
0.00913901 0.002405 0.017797 0.443001 0.000481 0.000481 0.481481 0.001443 0.000481 0.001443 0.00529101 0.000481 0.000481 0.033189 0.002405 
0.0867052 0.260116 0.0635838 0.352601 0.00578035 0.00578035 0.00578035 0.00578035 0.017341 0.00578035 0.0751445 0.017341 0.0289017 0.00578035 0.0635838 
0.0220049 0.0220049 0.119804 0.0366748 0.0220049 0.00733496 0.466993 0.0122249 0.00733496 0.154034 0.00244499 0.0611247 0.00733496 0.0220049 0.0366748 
0.00243491 0.0147968 0.258288 0.00880315 0.00430792 0.00730474 0.634763 0.0103016 0.00131111 0.0103016 0.000561903 0.000561903 0.00131111 0.0447649 0.000187301 
0.29535 0.00327439 0.00196464 0.000654879 0.000654879 0.000654879 0.02685 0.0189915 0.00196464 0.00327439 0.00589391 0.000654879 0.000654879 0.635887 0.00327439 
0.254811 0.30254 0.0361817 0.0115473 0.0115473 0.0269438 0.297921 0.000769823 0.000769823 0.000769823 0.00846805 0.00384911 0.00230947 0.000769823 0.0408006 
0.0866612 0.00570497 0.0203749 0.209997 0.0105949 0.00298832 0.540886 0.0241782 0.00896496 0.0062483 0.0122249 0.0459114 0.00516164 0.0133116 0.00679163 
0.142025 0.000728332 0.00801165 0.00364166 0.414421 0.000728332 0.252731 0.000728332 0.000728332 0.00364166 0.000728332 0.000728332 0.0123816 0.143481 0.015295 
0.00529101 0.00529101 0.037037 0.386243 0.015873 0.00529101 0.248677 0.00529101 0.037037 0.026455 0.00529101 0.026455 0.015873 0.037037 0.142857 
0.0125523 0.205021 0.288703 0.0041841 0.0209205 0.0125523 0.297071 0.0041841 0.0041841 0.0209205 0.0041841 0.0041841 0.0041841 0.0209205 0.0962343 
0.179487 0.003663 0.003663 0.714286 0.003663 0.003663 0.018315 0.003663 0.003663 0.003663 0.003663 0.003663 0.010989 0.003663 0.040293 
0.0997305 0.0350404 0.00808625 0.293801 0.0296496 0.0727763 0.175202 0.0619946 0.0188679 0.0350404 0.0781671 0.00269542 0.00269542 0.0188679 0.0673854 
0.135461 0.00180614 0.3823 0.110175 0.0475617 0.000602047 0.231788 0.000602047 0.00421433 0.0138471 0.0114389 0.00180614 0.000602047 0.0499699 0.00782661 
0.00256231 0.0235267 0.00535756 0.0412299 0.239227 0.00163056 0.621244 0.00861868 0.00116469 0.00116469 0.0230608 0.000698812 0.025856 0.000232937 0.00442581 
0.000116509 0.000349528 0.000116509 0.000116509 0.000116509 0.0012816 0.471979 0.000349528 0.000116509 0.000582547 0.000349528 0.523943 0.000349528 0.000116509 0.000116509 
0.00982318 0.00589391 0.00589391 0.630648 0.00196464 0.00196464 0.111984 0.0530452 0.00196464 0.0491159 0.00196464 0.00196464 0.0412574 0.0373281 0.0451866 
0.010989 0.032967 0.362637 0.010989 0.010989 0.010989 0.010989 0.032967 0.010989 0.0989011 0.010989 0.010989 0.0549451 0.010989 0.318681 
0.012987 0.012987 0.168831 0.220779 0.012987 0.038961 0.012987 0.0649351 0.012987 0.012987 0.038961 0.012987 0.012987 0.012987 0.350649 
0.00952381 0.0666667 0.00952381 0.0285714 0.00952381 0.00952381 0.0666667 0.0285714 0.0857143 0.219048 0.00952381 0.047619 0.0666667 0.2 0.142857 
0.0189849 0.00116234 0.0507555 0.000387447 0.0554049 0.00116234 0.548237 0.000387447 0.000387447 0.00193723 0.000387447 0.00503681 0.00503681 0.101124 0.209609 
0.00701978 0.000127632 0.0667518 0.00931717 0.0800255 0.000382897 0.52776 0.00293555 0.000893427 0.263816 0.00599872 0.00829611 0.000638162 0.0251436 0.000893427 
0.452397 0.0243224 0.00903405 0.000694927 0.391244 0.00208478 0.0868659 0.00208478 0.000694927 0.00208478 0.00347464 0.000694927 0.000694927 0.0229326 0.000694927 
0.0031679 0.613516 0.00105597 0.00105597 0.00105597 0.00105597 0.36642 0.00105597 0.0031679 0.00105597 0.00105597 0.00105597 0.00105597 0.0031679 0.00105597 
0.000210926 0.000210926 0.0748787 0.0613795 0.0588483 0.00316389 0.600928 0.00274204 0.000210926 0.000210926 0.000210926 0.00442945 0.000210926 0.0672854 0.125079 
0.236994 0.00578035 0.479769 0.017341 0.0289017 0.0289017 0.00578035 0.0751445 0.0404624 0.00578035 0.00578035 0.0404624 0.00578035 0.00578035 0.017341 
0.223793 0.330083 0.0141394 0.0043881 0.00536324 0.000487567 0.327157 0.00926377 0.000487567 0.000487567 0.0014627 0.00828864 0.000487567 0.0726475 0.0014627 
0.0153846 0.0461538 0.2 0.0461538 0.0153846 0.0153846 0.0153846 0.107692 0.0153846 0.0153846 0.0461538 0.0461538 0.0153846 0.0153846 0.384615 
0.312821 0.00512821 0.251282 0.00512821 0.00512821 0.0564103 0.00512821 0.00512821 0.025641 0.0153846 0.0358974 0.00512821 0.00512821 0.158974 0.107692 
0.135135 0.0378378 0.210811 0.264865 0.00540541 0.0378378 0.0162162 0.00540541 0.00540541 0.0702703 0.00540541 0.0378378 0.0162162 0.00540541 0.145946 
0.146199 0.00584795 0.111111 0.309942 0.0175439 0.0526316 0.00584795 0.0409357 0.00584795 0.00584795 0.00584795 0.00584795 0.0409357 0.0292398 0.216374 
0.0181818 0.030303 0.00606061 0.418182 0.00606061 0.00606061 0.0424242 0.151515 0.0787879 0.0181818 0.00606061 0.00606061 0.00606061 0.00606061 0.2 
0.0707071 0.0505051 0.131313 0.0909091 0.0505051 0.0909091 0.030303 0.010101 0.030303 0.010101 0.030303 0.010101 0.010101 0.0707071 0.313131 
0.00215054 0.00215054 0.341935 0.00215054 0.027957 0.0451613 0.152688 0.00645161 0.0193548 0.0193548 0.00215054 0.00215054 0.00215054 0.316129 0.0580645 
0.0170743 0.0013844 0.101061 0.0143055 0.0106138 0.142593 0.571758 0.0715275 0.00323027 0.00876788 0.000461467 0.000461467 0.000461467 0.0530688 0.00323027 
0.0463755 0.000450248 0.411977 0.0148582 0.00225124 0.000450248 0.442593 0.0121567 0.000450248 0.00315173 0.000450248 0.000450248 0.00225124 0.0616839 0.000450248 
0.247737 0.00411523 0.0337449 0.000823045 0.00576132 0.364609 0.249383 0.01893 0.0123457 0.00740741 0.000823045 0.000823045 0.000823045 0.0403292 0.0123457 
0.172691 0.00133869 0.0120482 0.681392 0.00401606 0.00133869 0.0896921 0.00401606 0.00401606 0.00669344 0.00669344 0.00133869 0.00669344 0.00669344 0.00133869 
0.000805802 0.000805802 0.0942788 0.339243 0.000805802 0.000805802 0.524577 0.00402901 0.00241741 0.000805802 0.000805802 0.00241741 0.000805802 0.000805802 0.0265915 
0.0949568 0.000454339 0.0358928 0.029532 0.00772376 0.000454339 0.0885961 0.625625 0.000454339 0.00408905 0.0168105 0.00681508 0.00681508 0.0813267 0.000454339 
0.0666667 0.281159 0.0376812 0.275362 0.00289855 0.0318841 0.0956522 0.00289855 0.0144928 0.0724638 0.00869565 0.00289855 0.00869565 0.0202899 0.0782609 
0.111597 0.00218818 0.544858 0.00218818 0.00218818 0.0196937 0.00218818 0.02407 0.00218818 0.00218818 0.00218818 0.00218818 0.00656455 0.273523 0.00218818 
0.162907 0.00250627 0.117794 0.343358 0.0075188 0.0275689 0.192982 0.0075188 0.0225564 0.00250627 0.0075188 0.0275689 0.0275689 0.047619 0.00250627 
0.129367 0.00472144 0.0141643 0.0443815 0.000944287 0.197356 0.541076 0.0273843 0.00661001 0.00661001 0.00283286 0.000944287 0.000944287 0.0179415 0.00472144 
0.0288625 0.0118846 0.00169779 0.0254669 0.00509338 0.0152801 0.375212 0.00509338 0.460102 0.0118846 0.00848896 0.0220713 0.00169779 0.00169779 0.0254669 
0.0221152 0.00328443 0.00328443 0.0330633 0.399168 0.00109481 0.510839 0.00109481 0.0120429 0.000218962 0.000656886 0.00853952 0.00328443 0.00109481 0.000218962 
0.00775194 0.271318 0.178295 0.0852713 0.00775194 0.00775194 0.0387597 0.116279 0.00775194 0.0232558 0.00775194 0.00775194 0.00775194 0.00775194 0.224806 
0.23272 0.000634115 0.00443881 0.00443881 0.00570704 0.00317058 0.0564363 0.0209258 0.00190235 0.0259987 0.000634115 0.00317058 0.00190235 0.637286 0.000634115 
0.0142417 0.00513875 0.000146821 0.00660696 0.290559 0.00132139 0.634121 0.00308325 0.00132139 0.00190868 0.00132139 0.00954339 0.00102775 0.0215827 0.00807517 
0.100308 0.171517 0.0284149 0.292708 0.00102705 0.000342349 0.129065 0.0934611 0.00102705 0.000342349 0.00171174 0.00102705 0.0571722 0.120849 0.00102705 
0.0723534 0.000761615 0.383092 0.00228484 0.00837776 0.108911 0.413557 0.000761615 0.000761615 0.000761615 0.000761615 0.000761615 0.00228484 0.00228484 0.00228484 
0.00723589 0.00144718 0.299566 0.0274964 0.0130246 0.0188133 0.525326 0.00144718 0.00144718 0.00144718 0.00144718 0.00723589 0.00144718 0.0853835 0.00723589 
0.249576 0.0186757 0.0118846 0.371817 0.00169779 0.00169779 0.134126 0.00169779 0.0118846 0.0220713 0.00169779 0.00848896 0.00848896 0.151104 0.00509338 
0.167106 0.00158144 0.000527148 0.233527 0.000527148 0.000527148 0.360042 0.00369004 0.000527148 0.071165 0.00263574 0.024776 0.00158144 0.081708 0.0500791 
0.0419162 0.0179641 0.473054 0.0419162 0.00598802 0.149701 0.00598802 0.00598802 0.0299401 0.00598802 0.0299401 0.00598802 0.00598802 0.113772 0.0658683 
0.033557 0.00671141 0.275168 0.302013 0.00671141 0.00671141 0.033557 0.033557 0.00671141 0.00671141 0.033557 0.00671141 0.00671141 0.0738255 0.167785 
0.0508119 0.000523834 0.000523834 0.0015715 0.000523834 0.0015715 0.486642 0.00680985 0.117863 0.000523834 0.000523834 0.000523834 0.000523834 0.33054 0.000523834 
0.134328 0.000995025 0.0129353 0.00696517 0.00298507 0.000995025 0.154229 0.00696517 0.0228856 0.132338 0.000995025 0.00298507 0.00497512 0.506468 0.00895522 
0.00509338 0.00169779 0.00169779 0.609508 0.00509338 0.00509338 0.314092 0.00169779 0.0186757 0.00848896 0.0152801 0.00509338 0.00169779 0.00169779 0.00509338 
0.00132953 0.000949668 0.000569801 0.0017094 0.487939 0.000189934 0.490978 0.002849 0.000189934 0.00132953 0.00132953 0.0017094 0.000569801 0.00778727 0.000569801 
0.0614115 0.00091659 0.525206 0.0449129 0.0192484 0.00091659 0.230064 0.00091659 0.00091659 0.00091659 0.0137489 0.00091659 0.00458295 0.0944088 0.00091659 
0.0917484 0.000577034 0.0201962 0.0017311 0.0236584 0.000577034 0.0790537 0.624928 0.118292 0.0017311 0.000577034 0.0144259 0.00403924 0.00634737 0.0121177 
0.783484 0.0117974 0.0395559 0.00346981 0.000693963 0.00208189 0.104788 0.000693963 0.00208189 0.0131853 0.0312283 0.00208189 0.000693963 0.00346981 0.000693963 
0.12369 0.0314465 0.0733753 0.00209644 0.0188679 0.0230608 0.425577 0.00628931 0.081761 0.0146751 0.00628931 0.0104822 0.136268 0.00209644 0.0440252 
0.0163934 0.147541 0.0163934 0.0163934 0.0819672 0.0163934 0.0163934 0.0163934 0.0163934 0.0163934 0.114754 0.0163934 0.180328 0.0163934 0.311475 
0.116096 0.000560852 0.0196298 0.0117779 0.442513 0.000560852 0.289961 0.064498 0.00616938 0.00616938 0.00168256 0.00168256 0.00504767 0.0330903 0.000560852 
0.188908 0.433853 0.00519931 0.0028885 0.000577701 0.0028885 0.277874 0.0202195 0.00635471 0.000577701 0.000577701 0.00635471 0.0398614 0.00982091 0.00404391 
0.0232558 0.0232558 0.0232558 0.0232558 0.0232558 0.0697674 0.0232558 0.0232558 0.0232558 0.0232558 0.116279 0.0232558 0.0697674 0.0232558 0.488372 
0.107692 0.0153846 0.0461538 0.0153846 0.0153846 0.0153846 0.0461538 0.0153846 0.169231 0.0153846 0.0153846 0.0153846 0.0153846 0.0461538 0.446154 
0.0617284 0.0123457 0.0123457 0.0123457 0.0123457 0.0123457 0.0123457 0.037037 0.0123457 0.037037 0.135802 0.0123457 0.0123457 0.0123457 0.604938 
0.0168856 0.741088 0.00187617 0.00187617 0.00187617 0.00187617 0.20075 0.00187617 0.00187617 0.00187617 0.00187617 0.00187617 0.00187617 0.0168856 0.00562852 
0.05064 0.00278242 0.000556483 0.00166945 0.00834725 0.00500835 0.488036 0.00278242 0.292154 0.00166945 0.000556483 0.0628826 0.0662215 0.016138 0.000556483 
0.0769231 0.0153846 0.0153846 0.0153846 0.353846 0.0153846 0.0153846 0.0153846 0.0153846 0.0153846 0.0153846 0.0153846 0.0769231 0.0461538 0.292308 
0.00384451 0.00213584 0.0123879 0.00213584 0.141393 0.0140965 0.267834 0.174712 0.000427168 0.000427168 0.325929 0.000427168 0.0106792 0.0371636 0.00640752 
0.123596 0.0337079 0.0337079 0.0337079 0.011236 0.101124 0.011236 0.0786517 0.011236 0.0561798 0.011236 0.011236 0.101124 0.011236 0.370787 
0.00993677 0.00451671 0.000903342 0.00993677 0.120145 0.436314 0.333333 0.00451671 0.000903342 0.000903342 0.0532972 0.000903342 0.00451671 0.00993677 0.00993677 
0.0909091 0.163636 0.0545455 0.0181818 0.0545455 0.0181818 0.0181818 0.0181818 0.163636 0.0545455 0.0181818 0.0181818 0.0545455 0.0181818 0.236364 
0.0114943 0.0574713 0.0114943 0.0114943 0.0114943 0.0574713 0.0344828 0.0114943 0.0804598 0.0344828 0.0114943 0.0114943 0.0574713 0.0114943 0.586207 
0.171953 0.00500835 0.00834725 0.00500835 0.00166945 0.00166945 0.115192 0.00166945 0.642738 0.00500835 0.00166945 0.00166945 0.0116861 0.00500835 0.0217028 
0.235443 0.00253165 0.00253165 0.00253165 0.00253165 0.0227848 0.113924 0.0177215 0.392405 0.0126582 0.0734177 0.0126582 0.0126582 0.0177215 0.078481 
0.438202 0.101124 0.011236 0.011236 0.011236 0.0561798 0.011236 0.011236 0.0561798 0.011236 0.011236 0.0561798 0.011236 0.011236 0.191011 
0.355084 0.000950269 0.000950269 0.000316756 0.000316756 0.000316756 0.00665188 0.000316756 0.628761 0.00411783 0.000316756 0.000316756 0.000316756 0.000950269 0.000316756 
0.042735 0.042735 0.00854701 0.00854701 0.00854701 0.00854701 0.042735 0.025641 0.487179 0.025641 0.00854701 0.00854701 0.025641 0.042735 0.213675 
0.250253 0.0678825 0.349544 0.0172239 0.00506586 0.00303951 0.0111449 0.00303951 0.112462 0.00303951 0.12462 0.0192503 0.00101317 0.00303951 0.029382 
0.0344828 0.0114943 0.172414 0.0114943 0.0114943 0.0344828 0.0114943 0.0114943 0.195402 0.0114943 0.126437 0.0114943 0.0114943 0.0114943 0.333333 
0.18313 0.00332963 0.00110988 0.00554939 0.00110988 0.00110988 0.0477248 0.00110988 0.649279 0.0210877 0.0166482 0.00110988 0.0499445 0.0144284 0.00332963 
0.195607 0.000686342 0.000686342 0.000686342 0.000686342 0.000686342 0.00205903 0.327385 0.00343171 0.000686342 0.455045 0.000686342 0.00343171 0.00343171 0.00480439 
0.404959 0.00826446 0.00826446 0.0247934 0.123967 0.00826446 0.00826446 0.00826446 0.00826446 0.00826446 0.00826446 0.00826446 0.00826446 0.00826446 0.355372 
0.0163934 0.213115 0.0163934 0.0163934 0.0163934 0.0163934 0.0163934 0.0163934 0.0163934 0.0163934 0.0163934 0.0163934 0.0819672 0.0491803 0.47541 
0.0126582 0.21519 0.0126582 0.0126582 0.0126582 0.0126582 0.0886076 0.0379747 0.0126582 0.0126582 0.0126582 0.0126582 0.0886076 0.0379747 0.417722 
0.146067 0.0561798 0.011236 0.0786517 0.011236 0.0337079 0.011236 0.011236 0.011236 0.011236 0.213483 0.011236 0.011236 0.0337079 0.348315 
0.0175439 0.0175439 0.0175439 0.0526316 0.0175439 0.0175439 0.0175439 0.0175439 0.0175439 0.0175439 0.0526316 0.0175439 0.192982 0.0526316 0.473684 
0.00293994 0.0146997 0.000419992 0.000419992 0.000419992 0.00209996 0.435531 0.00713986 0.00545989 0.00209996 0.52037 0.00377992 0.000419992 0.000419992 0.00377992 
0.162791 0.0232558 0.0232558 0.0697674 0.0232558 0.0232558 0.0232558 0.0232558 0.116279 0.0697674 0.162791 0.0697674 0.0232558 0.0232558 0.162791 
0.0704225 0.0140845 0.0140845 0.0140845 0.267606 0.126761 0.0140845 0.0422535 0.0704225 0.0140845 0.0985915 0.0140845 0.0985915 0.0140845 0.126761 
0.0179641 0.00598802 0.00598802 0.00598802 0.0179641 0.00598802 0.245509 0.00598802 0.00598802 0.0179641 0.125749 0.00598802 0.0299401 0.00598802 0.497006 
0.19403 0.0447761 0.0149254 0.0149254 0.0746269 0.134328 0.0149254 0.104478 0.0149254 0.0149254 0.0746269 0.0149254 0.0149254 0.0149254 0.253731 
0.0126582 0.0886076 0.0126582 0.0632911 0.0126582 0.0379747 0.164557 0.0126582 0.0126582 0.0379747 0.0126582 0.0126582 0.0632911 0.0126582 0.443038 
0.000302939 0.000302939 0.00151469 0.00151469 0.000302939 0.00151469 0.476522 0.000302939 0.000302939 0.000908816 0.00151469 0.00212057 0.510451 0.00212057 0.000302939 
0.000501756 0.016558 0.000501756 0.0587055 0.00652283 0.000501756 0.332664 0.0657301 0.00250878 0.00150527 0.00752634 0.00150527 0.401907 0.10286 0.000501756 
0.0886076 0.0379747 0.0126582 0.341772 0.0126582 0.0126582 0.0126582 0.0126582 0.0379747 0.0632911 0.0126582 0.0126582 0.0126582 0.0379747 0.291139 
0.111111 0.037037 0.0123457 0.0123457 0.0123457 0.0123457 0.0123457 0.0617284 0.0864198 0.0123457 0.0123457 0.0123457 0.0123457 0.0123457 0.580247 
0.686275 0.0196078 0.0102708 0.0140056 0.000933707 0.000933707 0.163399 0.000933707 0.092437 0.000933707 0.00280112 0.00280112 0.000933707 0.000933707 0.00280112 
0.107807 0.000531067 0.0419543 0.000531067 0.086564 0.0015932 0.429634 0.0302708 0.000531067 0.000531067 0.122677 0.117366 0.0525757 0.0015932 0.00584174 
0.151292 0.225092 0.00369004 0.0110701 0.00369004 0.0110701 0.136531 0.0258303 0.0258303 0.0110701 0.00369004 0.00369004 0.0110701 0.00369004 0.372694 
0.186525 0.00062383 0.00311915 0.00561447 0.00062383 0.00187149 0.412352 0.0355583 0.260137 0.00187149 0.00935745 0.00062383 0.0767311 0.00311915 0.00187149 
0.038961 0.012987 0.012987 0.012987 0.012987 0.012987 0.116883 0.012987 0.012987 0.038961 0.220779 0.012987 0.012987 0.038961 0.428571 
0.0163934 0.0491803 0.0163934 0.0163934 0.0163934 0.0491803 0.0491803 0.0491803 0.0491803 0.0163934 0.114754 0.0163934 0.0819672 0.0163934 0.442623 
0.111111 0.0222222 0.0222222 0.0222222 0.0222222 0.0666667 0.0222222 0.0222222 0.0666667 0.0222222 0.0222222 0.0222222 0.0222222 0.0222222 0.511111 
0.0933333 0.146667 0.0133333 0.0133333 0.0133333 0.0133333 0.04 0.0666667 0.0133333 0.0133333 0.0133333 0.0133333 0.04 0.0133333 0.493333 
0.163927 0.00133274 0.000444247 0.00310973 0.412705 0.00310973 0.390493 0.00133274 0.00133274 0.000444247 0.00844069 0.000444247 0.00399822 0.00310973 0.00577521 
0.000120265 0.000120265 0.000120265 0.000120265 0.000841852 0.000360794 0.568491 0.000120265 0.00180397 0.000120265 0.41816 0.000120265 0.000360794 0.000120265 0.00901984 
0.0111524 0.0483271 0.0185874 0.0111524 0.0483271 0.0260223 0.00371747 0.0557621 0.0334572 0.107807 0.464684 0.0483271 0.070632 0.0483271 0.00371747 
0.167228 0.225589 0.126824 0.00112233 0.00785634 0.016835 0.00112233 0.207632 0.0460157 0.0549944 0.00785634 0.003367 0.0953984 0.016835 0.0213244 
0.104751 0.00286205 0.00057241 0.00057241 0.00171723 0.0440756 0.403549 0.00286205 0.0108758 0.00057241 0.00515169 0.00057241 0.418432 0.00171723 0.00171723 
0.0518519 0.525926 0.00740741 0.00740741 0.00740741 0.00740741 0.0814815 0.00740741 0.0518519 0.037037 0.00740741 0.0518519 0.0666667 0.00740741 0.0814815 
0.000765111 0.000765111 0.0543229 0.0589135 0.0818669 0.0237184 0.211936 0.000765111 0.00382555 0.00382555 0.00382555 0.00994644 0.319051 0.224178 0.00229533 
0.00367069 0.000524384 0.00157315 0.0194022 0.00262192 0.000524384 0.401154 0.000524384 0.000524384 0.00157315 0.0361825 0.508128 0.0225485 0.000524384 0.000524384 
0.127559 0.143307 0.0015748 0.105512 0.0141732 0.00472441 0.222047 0.0204724 0.0330709 0.0362205 0.12126 0.0677165 0.0834646 0.0141732 0.00472441 
0.105882 0.247059 0.0117647 0.0117647 0.0588235 0.0352941 0.0117647 0.0117647 0.0117647 0.0352941 0.0352941 0.0117647 0.0117647 0.0117647 0.388235 
0.00137931 0.00413793 0.017931 0.00137931 0.00689655 0.00137931 0.202759 0.00137931 0.726897 0.00137931 0.0151724 0.00413793 0.00137931 0.00965517 0.00413793 
0.0144547 0.00043802 0.00306614 0.00043802 0.00394218 0.00832238 0.271134 0.00043802 0.69251 0.00043802 0.00043802 0.00131406 0.00043802 0.00131406 0.00131406 
0.00900901 0.00900901 0.00900901 0.00900901 0.0630631 0.027027 0.00900901 0.00900901 0.585586 0.00900901 0.00900901 0.117117 0.00900901 0.0630631 0.0630631 
0.0704225 0.0422535 0.0140845 0.0140845 0.0140845 0.0422535 0.0422535 0.0422535 0.15493 0.0422535 0.0422535 0.0422535 0.126761 0.0140845 0.295775 
0.00530632 0.000482393 0.000482393 0.000482393 0.000482393 0.625663 0.361312 0.00241196 0.000482393 0.000482393 0.000482393 0.000482393 0.000482393 0.000482393 0.000482393 
0.227146 0.0637421 0.00014721 0.605476 0.00161931 0.000441631 0.060209 0.0142794 0.0245841 0.00014721 0.000441631 0.00014721 0.00014721 0.00132489 0.00014721 
0.0163934 0.0819672 0.0163934 0.0491803 0.0163934 0.0491803 0.114754 0.0163934 0.114754 0.0163934 0.0819672 0.0163934 0.0163934 0.0491803 0.344262 
0.000487567 0.572891 0.000487567 0.000487567 0.000487567 0.000487567 0.417845 0.000487567 0.000487567 0.0014627 0.0014627 0.0014627 0.000487567 0.000487567 0.000487567 
