0.004065 0.004065 0.004065 0.004065 0.012195 0.004065 0.012195 0.947154 0.004065 0.004065 
0.002809 0.002809 0.002809 0.002809 0.002809 0.002809 0.002809 0.974719 0.002809 0.002809 
0.002242 0.002242 0.002242 0.002242 0.002242 0.002242 0.002242 0.979821 0.002242 0.002242 
0.001597 0.001597 0.001597 0.004792 0.001597 0.043131 0.001597 0.931310 0.001597 0.011182 
0.000430 0.000430 0.001291 0.000430 0.000430 0.443632 0.001291 0.551205 0.000430 0.000430 
0.000220 0.000220 0.000220 0.001098 0.000659 0.578866 0.000220 0.418058 0.000220 0.000220 
0.000184 0.000184 0.000552 0.000184 0.000184 0.604450 0.000184 0.393343 0.000184 0.000552 
0.000153 0.000153 0.000153 0.000153 0.000153 0.641131 0.001070 0.356422 0.000459 0.000153 
0.001059 0.000151 0.000151 0.000151 0.000151 0.626286 0.000151 0.369782 0.000151 0.001966 
0.000741 0.000148 0.000148 0.000148 0.000148 0.625111 0.001334 0.371628 0.000148 0.000445 
0.000540 0.005296 0.000973 0.000108 0.000108 0.624838 0.000324 0.367164 0.000108 0.000540 
0.000318 0.017296 0.000106 0.001167 0.000106 0.617678 0.000318 0.362373 0.000531 0.000106 
0.003829 0.014179 0.000103 0.000103 0.000103 0.618195 0.000310 0.362140 0.000103 0.000931 
0.048792 0.103717 0.000092 0.000092 0.000092 0.534328 0.000275 0.310051 0.001373 0.001190 
0.139425 0.220085 0.000067 0.000333 0.000067 0.397511 0.000200 0.242180 0.000067 0.000067 
0.226568 0.262801 0.000054 0.000380 0.000054 0.320623 0.000271 0.187622 0.000054 0.001573 
0.229997 0.266620 0.000268 0.000483 0.000054 0.310869 0.000161 0.191440 0.000054 0.000054 
0.227409 0.264430 0.000373 0.001334 0.000053 0.311373 0.000267 0.194441 0.000267 0.000053 
0.228540 0.272713 0.000157 0.000261 0.000052 0.304981 0.000992 0.191573 0.000679 0.000052 
0.194442 0.218330 0.000040 0.000201 0.000121 0.233853 0.131304 0.139347 0.000523 0.081839 
0.181568 0.208662 0.000039 0.000116 0.000658 0.229022 0.145727 0.134425 0.000116 0.099667 
0.183806 0.220180 0.000038 0.000038 0.000038 0.218968 0.140005 0.130987 0.002539 0.103403 
0.159088 0.185109 0.000033 0.000033 0.000098 0.186606 0.153103 0.108672 0.032689 0.174571 
0.163642 0.182117 0.000033 0.000033 0.000293 0.182312 0.154209 0.111664 0.035552 0.170147 
0.153165 0.179695 0.000031 0.000093 0.015147 0.170070 0.143972 0.102079 0.066603 0.169145 
0.139317 0.166844 0.000030 0.000030 0.046341 0.167789 0.137132 0.098677 0.076939 0.166903 
0.125013 0.148412 0.000238 0.000079 0.099762 0.154817 0.124696 0.084039 0.112096 0.150847 
0.122998 0.150320 0.000026 0.000026 0.101015 0.146409 0.124055 0.087328 0.115389 0.152434 
0.122920 0.140273 0.000076 0.000127 0.105974 0.145718 0.116559 0.086484 0.134319 0.147550 
0.118304 0.142253 0.000025 0.000127 0.109899 0.140633 0.120076 0.081139 0.135975 0.151570 
0.118465 0.140239 0.000025 0.000322 0.112067 0.141529 0.110679 0.083598 0.143265 0.149812 
0.113743 0.135439 0.000117 0.043369 0.107477 0.128986 0.113602 0.076241 0.137964 0.143061 
0.109503 0.132627 0.000023 0.069667 0.107064 0.124769 0.108825 0.074003 0.142654 0.130866 
0.110372 0.129545 0.000068 0.067919 0.115740 0.125395 0.104958 0.072115 0.136854 0.137034 
0.115525 0.133957 0.000068 0.071586 0.111289 0.121654 0.104935 0.073704 0.133371 0.133912 
0.105894 0.127502 0.000111 0.088182 0.112491 0.120284 0.100359 0.074500 0.136180 0.134498 
0.112402 0.125350 0.000066 0.091010 0.111789 0.117257 0.102472 0.069751 0.138955 0.130949 
0.108594 0.126595 0.000066 0.093870 0.109555 0.118162 0.105798 0.068049 0.141581 0.127731 
0.105893 0.115165 0.002610 0.113828 0.107522 0.118213 0.101675 0.072231 0.134376 0.128487 
0.102890 0.118180 0.059690 0.112804 0.100755 0.105559 0.090193 0.067125 0.127788 0.115015 
0.099036 0.116572 0.064078 0.111999 0.104554 0.106141 0.090797 0.062264 0.129119 0.115438 
0.097893 0.114156 0.071207 0.111052 0.098448 0.106025 0.088985 0.063925 0.131381 0.116928 
0.098710 0.118660 0.077335 0.108868 0.099806 0.105835 0.088333 0.062244 0.126809 0.113399 
0.091343 0.109113 0.123931 0.106028 0.091209 0.100731 0.083230 0.062008 0.122758 0.109649 
0.097089 0.106492 0.121683 0.107663 0.093241 0.098528 0.085277 0.059679 0.121984 0.108365 
0.093038 0.104446 0.134771 0.105941 0.091445 0.097946 0.082020 0.060633 0.123785 0.105974 
0.084732 0.096984 0.165936 0.106216 0.086300 0.096142 0.078983 0.064002 0.121748 0.098958 
0.084563 0.096444 0.178612 0.105805 0.086530 0.087914 0.080742 0.060691 0.121147 0.097552 
