0.004184 0.004184 0.991632 
0.008596 0.002865 0.988539 
0.002278 0.002278 0.995444 
0.001616 0.001616 0.996769 
0.000432 0.000432 0.999137 
0.000220 0.000220 0.999560 
0.000184 0.000184 0.999632 
0.000153 0.000153 0.999694 
0.000151 0.002271 0.997578 
0.000445 0.000148 0.999406 
0.000108 0.000108 0.999784 
0.000106 0.000106 0.999788 
0.000104 0.000104 0.999793 
0.025007 0.000275 0.974718 
0.223916 0.000067 0.776017 
0.403874 0.000054 0.596071 
0.392855 0.000054 0.607091 
0.394098 0.000053 0.605849 
0.401724 0.000052 0.598224 
0.555573 0.000121 0.444306 
0.575284 0.000039 0.424678 
0.585067 0.000038 0.414895 
0.643687 0.000488 0.355825 
0.644533 0.000033 0.355435 
0.667870 0.000093 0.332037 
0.674160 0.000325 0.325515 
0.709952 0.000185 0.289863 
0.704379 0.000026 0.295594 
0.713348 0.000025 0.286627 
0.716507 0.000025 0.283468 
0.723888 0.000074 0.276037 
0.697510 0.038092 0.264398 
0.680000 0.066110 0.253890 
0.682121 0.062831 0.255048 
0.679895 0.066595 0.253510 
0.662984 0.085361 0.251655 
0.668497 0.089099 0.242404 
0.658896 0.094321 0.246783 
0.634302 0.126626 0.239072 
0.592389 0.189124 0.218487 
0.581917 0.196455 0.221628 
0.587454 0.200007 0.212539 
0.575764 0.207404 0.216832 
0.539692 0.252268 0.208041 
0.540418 0.251778 0.207804 
0.527492 0.268094 0.204414 
0.506424 0.303204 0.190372 
0.495672 0.321655 0.182673 
