0.004184 0.004184 0.991632 
0.002865 0.002865 0.994269 
0.006834 0.002278 0.990888 
0.001616 0.001616 0.996769 
0.002158 0.000432 0.997410 
0.000220 0.000220 0.999560 
0.000552 0.000184 0.999263 
0.000153 0.000153 0.999694 
0.000151 0.000757 0.999092 
0.000148 0.000445 0.999406 
0.000324 0.000108 0.999567 
0.000106 0.000106 0.999788 
0.000104 0.000311 0.999586 
0.029037 0.000092 0.970871 
0.246554 0.000333 0.753113 
0.405936 0.000163 0.593901 
0.411013 0.000269 0.588719 
0.414376 0.000160 0.585463 
0.432855 0.000366 0.566780 
0.562090 0.000040 0.437870 
0.580239 0.000039 0.419722 
0.582945 0.000265 0.416790 
0.646745 0.000098 0.353157 
0.652406 0.000228 0.347366 
0.666944 0.000031 0.333025 
0.675106 0.000089 0.324806 
0.705186 0.000079 0.294734 
0.702741 0.000079 0.297180 
0.711363 0.000076 0.288561 
0.718735 0.000025 0.281240 
0.713024 0.007218 0.279758 
0.682684 0.058810 0.258506 
0.655562 0.086256 0.258182 
0.662222 0.088866 0.248911 
0.656503 0.087057 0.256440 
0.640132 0.111977 0.247891 
0.641546 0.116444 0.242010 
0.631978 0.118617 0.249405 
0.605438 0.155490 0.239072 
0.567106 0.209716 0.223178 
0.561922 0.218907 0.219171 
0.561096 0.228065 0.210839 
0.546127 0.235323 0.218550 
0.513605 0.279696 0.206699 
0.517059 0.274467 0.208473 
0.504478 0.296406 0.199116 
0.481018 0.333720 0.185262 
0.466065 0.353367 0.180568 
