0.000171939 0.000171939 0.000171939 0.213377 0.0190853 0.000171939 0.00361073 0.373281 0.000171939 0.000171939 0.0190853 0.000171939 0.000171939 0.000171939 0.369842 0.000171939 
0.00157233 0.00157233 0.0801887 0.00157233 0.00157233 0.0172956 0.00157233 0.00157233 0.551887 0.127358 0.00157233 0.00157233 0.00157233 0.0644654 0.00157233 0.143082 
0.0314402 0.0010142 0.0010142 0.0010142 0.0010142 0.0010142 0.0010142 0.0111562 0.457404 0.43712 0.0010142 0.0111562 0.0415822 0.0010142 0.0010142 0.0010142 
0.00316456 0.00316456 0.0664557 0.00316456 0.00316456 0.00316456 0.00316456 0.0348101 0.0664557 0.00316456 0.00316456 0.0981013 0.00316456 0.0348101 0.00316456 0.667722 
0.00102459 0.00102459 0.0522541 0.0420082 0.00102459 0.00102459 0.0317623 0.11373 0.00102459 0.0317623 0.00102459 0.11373 0.144467 0.328893 0.134221 0.00102459 
0.183938 0.00259067 0.00259067 0.546632 0.00259067 0.00259067 0.00259067 0.00259067 0.00259067 0.132124 0.00259067 0.106218 0.00259067 0.00259067 0.00259067 0.00259067 
0.00184378 0.000167616 0.137613 0.129232 0.0370432 0.000167616 0.000167616 0.000167616 0.000167616 0.0169293 0.000167616 0.000167616 0.000167616 0.419209 0.209688 0.0471002 
0.00020016 0.0382306 0.0102082 0.0202162 0.106285 0.00020016 0.00020016 0.00020016 0.0142114 0.00420336 0.00020016 0.0122098 0.00020016 0.278423 0.316453 0.198359 
0.000138966 0.000138966 0.000138966 0.000138966 0.000138966 0.000138966 0.00847693 0.341996 0.000138966 0.0529461 0.0307115 0.000138966 0.0362702 0.357282 0.171067 0.000138966 
0.00137741 0.00137741 0.0151515 0.00137741 0.00137741 0.00137741 0.00137741 0.00137741 0.00137741 0.290634 0.00137741 0.00137741 0.00137741 0.34573 0.00137741 0.331956 
0.058908 0.116379 0.00143678 0.00143678 0.00143678 0.00143678 0.00143678 0.00143678 0.0301724 0.00143678 0.00143678 0.00143678 0.762931 0.00143678 0.00143678 0.0158046 
0.000238892 0.000238892 0.000238892 0.143574 0.000238892 0.000238892 0.000238892 0.0623507 0.313187 0.0169613 0.000238892 0.000238892 0.0647396 0.0217391 0.303631 0.0719064 
0.000994036 0.000994036 0.0109344 0.000994036 0.0109344 0.000994036 0.000994036 0.120278 0.189861 0.000994036 0.110338 0.000994036 0.498012 0.000994036 0.0506958 0.000994036 
0.0060241 0.0662651 0.0060241 0.0060241 0.0060241 0.307229 0.0060241 0.0060241 0.0060241 0.0060241 0.0060241 0.246988 0.0060241 0.0060241 0.0060241 0.307229 
0.000137627 0.000137627 0.000137627 0.000137627 0.257501 0.000137627 0.00701899 0.000137627 0.000137627 0.0194055 0.000137627 0.0414258 0.0634462 0.000137627 0.399257 0.210707 
0.0242494 0.00115473 0.00115473 0.451501 0.00115473 0.0473441 0.00115473 0.243649 0.15127 0.00115473 0.00115473 0.0127021 0.00115473 0.0588915 0.00115473 0.00115473 
0.000317864 0.000317864 0.000317864 0.121106 0.000317864 0.000317864 0.000317864 0.0034965 0.543865 0.000317864 0.000317864 0.000317864 0.130642 0.0956771 0.102034 0.000317864 
0.000618812 0.000618812 0.000618812 0.396658 0.000618812 0.000618812 0.00680693 0.000618812 0.0377475 0.0934406 0.000618812 0.000618812 0.421411 0.0315594 0.000618812 0.00680693 
0.000379363 0.0496965 0.000379363 0.000379363 0.000379363 0.000379363 0.000379363 0.000379363 0.444234 0.000379363 0.00417299 0.000379363 0.250759 0.000379363 0.216616 0.0307284 
0.00121065 0.00121065 0.00121065 0.00121065 0.110169 0.00121065 0.00121065 0.00121065 0.00121065 0.00121065 0.461259 0.00121065 0.00121065 0.00121065 0.3523 0.0617433 
0.0558511 0.00265957 0.00265957 0.00265957 0.00265957 0.0292553 0.00265957 0.00265957 0.481383 0.00265957 0.00265957 0.00265957 0.401596 0.00265957 0.00265957 0.00265957 
0.00127226 0.0139949 0.00127226 0.128499 0.00127226 0.0267176 0.00127226 0.00127226 0.370229 0.00127226 0.00127226 0.00127226 0.42112 0.00127226 0.0267176 0.00127226 
0.137228 0.0013587 0.0149457 0.0013587 0.0013587 0.0828804 0.0013587 0.0013587 0.0013587 0.232337 0.0013587 0.0013587 0.449728 0.0285326 0.0285326 0.0149457 
0.131854 0.00130548 0.0143603 0.00130548 0.00130548 0.223238 0.00130548 0.0274151 0.0665796 0.236292 0.00130548 0.00130548 0.262402 0.00130548 0.00130548 0.0274151 
0.000180636 0.00198699 0.000180636 0.0561777 0.000180636 0.000180636 0.00379335 0.000180636 0.0453396 0.0453396 0.00921243 0.000180636 0.525831 0.052565 0.249458 0.00921243 
0.00193798 0.00193798 0.00193798 0.00193798 0.00193798 0.00193798 0.00193798 0.00193798 0.00193798 0.0988372 0.00193798 0.00193798 0.00193798 0.874031 0.00193798 0.00193798 
0.000150921 0.273317 0.000150921 0.194839 0.00166013 0.000150921 0.000150921 0.000150921 0.000150921 0.161636 0.000150921 0.000150921 0.0242982 0.000150921 0.295955 0.0469363 
0.0706806 0.0008726 0.0008726 0.131763 0.0008726 0.0008726 0.0008726 0.0532286 0.428447 0.288831 0.0095986 0.0095986 0.0008726 0.0008726 0.0008726 0.0008726 
0.000771605 0.000771605 0.000771605 0.378858 0.31713 0.0239198 0.000771605 0.000771605 0.000771605 0.0316358 0.178241 0.000771605 0.0162037 0.0470679 0.000771605 0.000771605 
0.00337838 0.00337838 0.00337838 0.00337838 0.138514 0.0371622 0.00337838 0.00337838 0.64527 0.00337838 0.00337838 0.138514 0.00337838 0.00337838 0.00337838 0.00337838 
0.00145773 0.0451895 0.00145773 0.00145773 0.00145773 0.00145773 0.00145773 0.220117 0.701166 0.00145773 0.016035 0.00145773 0.00145773 0.00145773 0.00145773 0.00145773 
0.000223914 0.000223914 0.000223914 0.000223914 0.000223914 0.000223914 0.0270936 0.000223914 0.000223914 0.00694133 0.000223914 0.418943 0.224138 0.0382893 0.282356 0.000223914 
0.388204 0.000880282 0.000880282 0.000880282 0.000880282 0.0184859 0.0272887 0.000880282 0.326585 0.0184859 0.000880282 0.000880282 0.000880282 0.212148 0.000880282 0.000880282 
0.0942816 0.0164676 0.00199059 0.000180963 0.000180963 0.000180963 0.000180963 0.000180963 0.519544 0.0707564 0.0128484 0.00380022 0.000180963 0.000180963 0.139522 0.139522 
0.000422654 0.000422654 0.000422654 0.000422654 0.00887574 0.000422654 0.000422654 0.000422654 0.300507 0.000422654 0.000422654 0.000422654 0.676669 0.000422654 0.000422654 0.00887574 
0.46793 0.0597668 0.0889213 0.016035 0.00145773 0.00145773 0.00145773 0.00145773 0.016035 0.0306122 0.016035 0.0451895 0.00145773 0.234694 0.00145773 0.016035 
0.00162338 0.00162338 0.0178571 0.163961 0.00162338 0.00162338 0.00162338 0.00162338 0.180195 0.00162338 0.11526 0.0178571 0.261364 0.11526 0.099026 0.0178571 
0.0568708 0.000257334 0.000257334 0.0105507 0.000257334 0.000257334 0.000257334 0.000257334 0.406845 0.126351 0.00797735 0.0259907 0.257591 0.0259907 0.0800309 0.000257334 
0.00994133 0.000162973 0.0229791 0.000162973 0.000162973 0.00994133 0.000162973 0.246252 0.0735007 0.205508 0.0572034 0.00994133 0.000162973 0.216917 0.0376467 0.109355 
0.00862069 0.00862069 0.00862069 0.00862069 0.00862069 0.00862069 0.00862069 0.00862069 0.00862069 0.00862069 0.00862069 0.00862069 0.87069 0.00862069 0.00862069 0.00862069 
0.00118203 0.00118203 0.00118203 0.320331 0.00118203 0.00118203 0.00118203 0.00118203 0.00118203 0.0484634 0.00118203 0.00118203 0.131206 0.143026 0.343972 0.00118203 
0.000721501 0.000721501 0.00793651 0.116162 0.000721501 0.000721501 0.000721501 0.000721501 0.000721501 0.000721501 0.00793651 0.000721501 0.650072 0.00793651 0.202742 0.000721501 
0.00485437 0.00485437 0.00485437 0.00485437 0.00485437 0.00485437 0.00485437 0.00485437 0.490291 0.00485437 0.00485437 0.00485437 0.296117 0.00485437 0.00485437 0.150485 
0.0034965 0.0384615 0.0034965 0.318182 0.0034965 0.0034965 0.0034965 0.0034965 0.597902 0.0034965 0.0034965 0.0034965 0.0034965 0.0034965 0.0034965 0.0034965 
0.000508647 0.000508647 0.000508647 0.0666328 0.000508647 0.000508647 0.000508647 0.000508647 0.000508647 0.40234 0.025941 0.000508647 0.498983 0.000508647 0.000508647 0.000508647 
0.00190114 0.00190114 0.00190114 0.458175 0.00190114 0.0209125 0.0209125 0.0209125 0.458175 0.00190114 0.00190114 0.00190114 0.00190114 0.00190114 0.00190114 0.00190114 
0.572539 0.00135702 0.0124599 0.00505798 0.000123365 0.000123365 0.000123365 0.000123365 0.239452 0.0790772 0.0198618 0.00505798 0.000123365 0.0618061 0.00259067 0.000123365 
0.000104866 0.0483431 0.00115352 0.0263213 0.000104866 0.000104866 0.000104866 0.000104866 0.000104866 0.00744547 0.000104866 0.000104866 0.506607 0.108117 0.277999 0.0231753 
0.00280899 0.00280899 0.00280899 0.00280899 0.0308989 0.00280899 0.00280899 0.00280899 0.00280899 0.0870787 0.00280899 0.00280899 0.845506 0.00280899 0.00280899 0.00280899 
0.000288517 0.0204847 0.000288517 0.10704 0.000288517 0.000288517 0.000288517 0.0551068 0.0377957 0.000288517 0.000288517 0.000288517 0.588863 0.000288517 0.187825 0.000288517 
0.811528 0.000169033 0.000169033 0.000169033 0.000169033 0.000169033 0.000169033 0.000169033 0.000169033 0.000169033 0.000169033 0.000169033 0.000169033 0.0711629 0.115112 0.000169033 
0.000133761 0.393392 0.000133761 0.0723649 0.000133761 0.000133761 0.000133761 0.000133761 0.0108347 0.125869 0.000133761 0.000133761 0.00147138 0.000133761 0.000133761 0.39473 
0.000160102 0.000160102 0.000160102 0.000160102 0.00976625 0.000160102 0.000160102 0.000160102 0.000160102 0.0129683 0.118636 0.0161703 0.646974 0.00176113 0.192283 0.000160102 
0.101942 0.00485437 0.00485437 0.00485437 0.00485437 0.00485437 0.00485437 0.00485437 0.538835 0.00485437 0.00485437 0.00485437 0.296117 0.00485437 0.00485437 0.00485437 
0.699074 0.00462963 0.00462963 0.00462963 0.0972222 0.00462963 0.00462963 0.00462963 0.00462963 0.00462963 0.0509259 0.00462963 0.00462963 0.00462963 0.00462963 0.0972222 
0.0339967 0.000829187 0.000829187 0.000829187 0.000829187 0.00912106 0.00912106 0.000829187 0.00912106 0.141791 0.000829187 0.000829187 0.788557 0.000829187 0.000829187 0.000829187 
0.000194704 0.000194704 0.000194704 0.0858645 0.000194704 0.000194704 0.000194704 0.000194704 0.599883 0.000194704 0.000194704 0.000194704 0.00798287 0.00603583 0.266939 0.0313474 
0.000441306 0.000441306 0.000441306 0.000441306 0.000441306 0.0269197 0.000441306 0.00926743 0.000441306 0.000441306 0.000441306 0.000441306 0.61827 0.000441306 0.335834 0.00485437 
0.00517875 0.000167056 0.000167056 0.011861 0.000167056 0.000167056 0.000167056 0.000167056 0.297528 0.0987304 0.0135316 0.000167056 0.163882 0.0369195 0.152188 0.219011 
0.00337838 0.00337838 0.00337838 0.00337838 0.00337838 0.00337838 0.00337838 0.00337838 0.206081 0.00337838 0.00337838 0.00337838 0.746622 0.00337838 0.00337838 0.00337838 
0.0037594 0.0789474 0.0037594 0.0037594 0.0037594 0.0413534 0.417293 0.0037594 0.0037594 0.0037594 0.0037594 0.0037594 0.417293 0.0037594 0.0037594 0.0037594 
0.650538 0.00537634 0.00537634 0.00537634 0.0591398 0.00537634 0.00537634 0.00537634 0.00537634 0.00537634 0.00537634 0.00537634 0.22043 0.00537634 0.00537634 0.00537634 
0.000137061 0.000137061 0.000137061 0.000137061 0.0193257 0.00150768 0.000137061 0.312637 0.00150768 0.102933 0.120751 0.000137061 0.277001 0.000137061 0.111157 0.0522204 
0.0384615 0.0384615 0.0734266 0.0384615 0.0034965 0.0034965 0.0034965 0.0034965 0.0034965 0.0034965 0.0034965 0.0034965 0.0734266 0.527972 0.0034965 0.178322 
0.0296367 0.000956023 0.000956023 0.000956023 0.000956023 0.000956023 0.0200765 0.000956023 0.0965583 0.106119 0.000956023 0.0487572 0.526769 0.0774379 0.000956023 0.0869981 
0.00224215 0.00224215 0.00224215 0.159193 0.0695067 0.00224215 0.00224215 0.00224215 0.56278 0.00224215 0.00224215 0.00224215 0.11435 0.00224215 0.0695067 0.00224215 
0.122024 0.0327381 0.00297619 0.00297619 0.00297619 0.00297619 0.00297619 0.0922619 0.508929 0.00297619 0.00297619 0.00297619 0.00297619 0.00297619 0.00297619 0.21131 
0.000503525 0.000503525 0.00553877 0.000503525 0.000503525 0.000503525 0.000503525 0.000503525 0.700403 0.0609265 0.000503525 0.00553877 0.000503525 0.000503525 0.222054 0.000503525 
0.00167785 0.00167785 0.00167785 0.253356 0.00167785 0.00167785 0.00167785 0.00167785 0.186242 0.00167785 0.00167785 0.00167785 0.521812 0.00167785 0.00167785 0.0184564 
0.00055991 0.0285554 0.00055991 0.146137 0.00055991 0.00055991 0.0845465 0.00055991 0.0117581 0.0733483 0.0117581 0.00055991 0.0677492 0.0733483 0.101344 0.398096 
0.00442478 0.00442478 0.00442478 0.137168 0.00442478 0.00442478 0.00442478 0.00442478 0.358407 0.00442478 0.00442478 0.0486726 0.181416 0.00442478 0.00442478 0.225664 
0.00306748 0.00306748 0.00306748 0.00306748 0.0337423 0.279141 0.340491 0.00306748 0.0337423 0.00306748 0.00306748 0.00306748 0.279141 0.00306748 0.00306748 0.00306748 
0.000144383 0.000144383 0.000144383 0.0174704 0.000144383 0.00303205 0.00158822 0.00591972 0.000144383 0.0246896 0.000144383 0.000144383 0.646982 0.000144383 0.299018 0.000144383 
0.00510204 0.0561224 0.00510204 0.00510204 0.00510204 0.00510204 0.00510204 0.00510204 0.00510204 0.107143 0.00510204 0.00510204 0.311224 0.464286 0.00510204 0.00510204 
0.112535 0.000175562 0.0317767 0.0107093 0.000175562 0.000175562 0.303897 0.000175562 0.000175562 0.000175562 0.000175562 0.000175562 0.112535 0.0159761 0.337254 0.0739115 
0.115173 0.000171644 0.00188809 0.154652 0.00360453 0.00188809 0.000171644 0.0139032 0.305699 0.036217 0.000171644 0.000171644 0.000171644 0.0156196 0.000171644 0.350326 
0.00406504 0.247967 0.00406504 0.00406504 0.573171 0.00406504 0.00406504 0.00406504 0.0447154 0.00406504 0.00406504 0.0447154 0.00406504 0.00406504 0.00406504 0.0447154 
0.497743 0.260722 0.0124153 0.00112867 0.0801354 0.0462754 0.00112867 0.00112867 0.00112867 0.00112867 0.0349887 0.00112867 0.00112867 0.0575621 0.00112867 0.00112867 
0.0492958 0.00234742 0.00234742 0.0258216 0.260563 0.00234742 0.119718 0.00234742 0.00234742 0.00234742 0.00234742 0.00234742 0.495305 0.00234742 0.00234742 0.0258216 
0.224684 0.224684 0.161392 0.00316456 0.00316456 0.0664557 0.0664557 0.00316456 0.00316456 0.00316456 0.00316456 0.00316456 0.00316456 0.00316456 0.224684 0.00316456 
0.00246305 0.00246305 0.00246305 0.0270936 0.199507 0.00246305 0.0763547 0.00246305 0.00246305 0.00246305 0.00246305 0.00246305 0.00246305 0.00246305 0.00246305 0.667488 
0.0521694 0.000516529 0.119318 0.289773 0.000516529 0.000516529 0.124483 0.000516529 0.0108471 0.0470041 0.124483 0.000516529 0.000516529 0.227789 0.000516529 0.000516529 
0.158163 0.0561224 0.107143 0.00510204 0.00510204 0.00510204 0.00510204 0.00510204 0.311224 0.00510204 0.00510204 0.00510204 0.00510204 0.00510204 0.00510204 0.311224 
0.00326797 0.00326797 0.0359477 0.00326797 0.00326797 0.00326797 0.00326797 0.00326797 0.00326797 0.00326797 0.00326797 0.00326797 0.820261 0.00326797 0.00326797 0.101307 
0.125616 0.0270936 0.0270936 0.00246305 0.00246305 0.00246305 0.00246305 0.0270936 0.174877 0.32266 0.00246305 0.150246 0.00246305 0.00246305 0.125616 0.00246305 
0.467166 0.000576037 0.000576037 0.0293779 0.000576037 0.000576037 0.000576037 0.000576037 0.36924 0.0524194 0.000576037 0.000576037 0.000576037 0.0754608 0.000576037 0.000576037 
0.00229358 0.00229358 0.598624 0.116972 0.0481651 0.00229358 0.0252294 0.00229358 0.00229358 0.00229358 0.00229358 0.00229358 0.18578 0.00229358 0.00229358 0.00229358 
0.00362319 0.0398551 0.00362319 0.00362319 0.0398551 0.00362319 0.00362319 0.00362319 0.00362319 0.00362319 0.00362319 0.00362319 0.184783 0.184783 0.00362319 0.51087 
0.000144383 0.000144383 0.000144383 0.000144383 0.00158822 0.0131389 0.000144383 0.000144383 0.000144383 0.00158822 0.584897 0.000144383 0.000144383 0.000144383 0.150303 0.24704 
0.000659631 0.000659631 0.000659631 0.000659631 0.000659631 0.000659631 0.000659631 0.000659631 0.990106 0.000659631 0.000659631 0.000659631 0.000659631 0.000659631 0.000659631 0.000659631 
0.00423729 0.00423729 0.00423729 0.00423729 0.0889831 0.00423729 0.00423729 0.00423729 0.173729 0.00423729 0.0466102 0.00423729 0.512712 0.0889831 0.00423729 0.0466102 
0.000857633 0.000857633 0.000857633 0.266724 0.0694683 0.000857633 0.172384 0.000857633 0.0265866 0.0866209 0.0866209 0.000857633 0.000857633 0.155232 0.000857633 0.129503 
0.00462963 0.00462963 0.00462963 0.282407 0.00462963 0.00462963 0.0509259 0.00462963 0.606481 0.00462963 0.00462963 0.00462963 0.00462963 0.00462963 0.00462963 0.00462963 
0.000174642 0.000174642 0.000174642 0.000174642 0.000174642 0.000174642 0.0717779 0.235941 0.000174642 0.000174642 0.000174642 0.000174642 0.312784 0.0647922 0.286587 0.0263709 
0.918301 0.00326797 0.00326797 0.00326797 0.00326797 0.00326797 0.00326797 0.00326797 0.00326797 0.00326797 0.00326797 0.00326797 0.0359477 0.00326797 0.00326797 0.00326797 
0.00234742 0.00234742 0.00234742 0.284038 0.00234742 0.0492958 0.00234742 0.00234742 0.00234742 0.00234742 0.00234742 0.00234742 0.35446 0.0492958 0.0962441 0.143192 
0.000686813 0.000686813 0.000686813 0.0487637 0.00755495 0.000686813 0.0350275 0.000686813 0.831731 0.000686813 0.000686813 0.000686813 0.00755495 0.0625 0.000686813 0.000686813 
0.00202001 9.61908e-05 9.61908e-05 0.065506 9.61908e-05 9.61908e-05 9.61908e-05 9.61908e-05 0.508946 0.20883 9.61908e-05 0.00202001 0.0972489 0.00971528 0.104944 9.61908e-05 
0.000178063 0.000178063 0.000178063 0.0553775 0.000178063 0.000178063 0.000178063 0.000178063 0.000178063 0.112358 0.521902 0.000178063 0.000178063 0.00373932 0.304665 0.000178063 
0.0153214 0.00784753 0.000373692 0.0452167 0.000373692 0.0153214 0.000373692 0.000373692 0.39275 0.0676383 0.0190583 0.000373692 0.000373692 0.411435 0.00411061 0.0190583 
0.00122549 0.00122549 0.00122549 0.172794 0.00122549 0.0379902 0.0257353 0.00122549 0.00122549 0.00122549 0.00122549 0.00122549 0.356618 0.356618 0.00122549 0.0379902 
0.0853659 0.00406504 0.00406504 0.00406504 0.00406504 0.00406504 0.126016 0.00406504 0.00406504 0.00406504 0.00406504 0.0447154 0.654472 0.0447154 0.00406504 0.00406504 
0.00316456 0.00316456 0.00316456 0.00316456 0.00316456 0.00316456 0.00316456 0.00316456 0.794304 0.00316456 0.00316456 0.00316456 0.00316456 0.161392 0.00316456 0.00316456 
0.015572 0.000154178 0.00632131 0.00632131 0.000154178 0.000154178 0.000154178 0.000154178 0.512026 0.0618255 0.0957447 0.000154178 0.00940487 0.0402405 0.0556583 0.195961 
0.00234742 0.00234742 0.00234742 0.00234742 0.00234742 0.00234742 0.00234742 0.213615 0.00234742 0.00234742 0.00234742 0.119718 0.237089 0.260563 0.00234742 0.143192 
0.000566251 0.0458664 0.000566251 0.147792 0.000566251 0.0118913 0.000566251 0.00622877 0.328992 0.164779 0.000566251 0.000566251 0.278029 0.000566251 0.0118913 0.000566251 
0.00652432 0.00059312 0.00059312 0.00059312 0.00059312 0.00059312 0.00059312 0.00059312 0.125148 0.0361803 0.00059312 0.0836299 0.113286 0.6293 0.00059312 0.00059312 
0.00297619 0.00297619 0.00297619 0.0327381 0.00297619 0.00297619 0.00297619 0.00297619 0.00297619 0.0327381 0.00297619 0.00297619 0.21131 0.00297619 0.00297619 0.6875 
0.000176491 0.00723615 0.000176491 0.000176491 0.000176491 0.0019414 0.000176491 0.496117 0.000176491 0.0248853 0.000176491 0.010766 0.0442993 0.0866573 0.070773 0.256089 
0.095092 0.0337423 0.095092 0.00306748 0.00306748 0.00306748 0.00306748 0.00306748 0.00306748 0.00306748 0.00306748 0.00306748 0.52454 0.00306748 0.00306748 0.217791 
0.00121065 0.00121065 0.00121065 0.00121065 0.00121065 0.00121065 0.00121065 0.00121065 0.485472 0.00121065 0.00121065 0.00121065 0.485472 0.0133172 0.00121065 0.00121065 
0.0124868 0.000175871 0.000175871 0.0335913 0.000175871 0.00721069 0.000175871 0.000175871 0.000175871 0.0265565 0.337847 0.000175871 0.0195216 0.188357 0.125044 0.248153 
0.00337838 0.10473 0.00337838 0.00337838 0.00337838 0.00337838 0.00337838 0.00337838 0.00337838 0.00337838 0.611486 0.00337838 0.00337838 0.0371622 0.172297 0.0371622 
0.000802568 0.000802568 0.0730337 0.000802568 0.000802568 0.000802568 0.0248796 0.000802568 0.000802568 0.153291 0.000802568 0.000802568 0.000802568 0.161316 0.0489567 0.530498 
0.000252143 0.000252143 0.000252143 0.360817 0.00277358 0.000252143 0.00277358 0.00529501 0.252395 0.000252143 0.000252143 0.0279879 0.000252143 0.022945 0.322995 0.000252143 
0.386682 0.00116822 0.00116822 0.00116822 0.00116822 0.00116822 0.00116822 0.00116822 0.00116822 0.0245327 0.00116822 0.0245327 0.503505 0.00116822 0.0478972 0.00116822 
0.00362319 0.00362319 0.00362319 0.00362319 0.076087 0.0398551 0.0398551 0.00362319 0.00362319 0.692029 0.00362319 0.00362319 0.076087 0.00362319 0.0398551 0.00362319 
0.000491159 0.000491159 0.000491159 0.000491159 0.000491159 0.000491159 0.000491159 0.000491159 0.0103143 0.00540275 0.000491159 0.70776 0.000491159 0.270629 0.000491159 0.000491159 
0.000622665 0.000622665 0.0442092 0.000622665 0.000622665 0.0628892 0.000622665 0.0255293 0.118929 0.156289 0.0442092 0.000622665 0.355542 0.000622665 0.0317559 0.156289 
0.00462963 0.00462963 0.00462963 0.375 0.0509259 0.0509259 0.00462963 0.00462963 0.328704 0.00462963 0.00462963 0.143519 0.00462963 0.00462963 0.00462963 0.00462963 
0.00083612 0.00083612 0.00083612 0.293478 0.00083612 0.00083612 0.00083612 0.00083612 0.00083612 0.00083612 0.00083612 0.00083612 0.435619 0.00083612 0.0175585 0.243311 
0.0015015 0.0015015 0.0465465 0.0315315 0.0015015 0.0015015 0.0015015 0.0015015 0.0015015 0.0015015 0.0015015 0.0015015 0.0015015 0.902402 0.0015015 0.0015015 
0.000215239 0.000215239 0.000215239 0.0949204 0.000215239 0.000215239 0.000215239 0.633018 0.000215239 0.00667241 0.000215239 0.000215239 0.000215239 0.00236763 0.144425 0.116444 
0.153992 0.0209125 0.039924 0.0209125 0.00190114 0.00190114 0.00190114 0.11597 0.230038 0.0779468 0.00190114 0.00190114 0.0209125 0.192015 0.00190114 0.11597 
0.0768854 0.0621939 0.000163239 0.000163239 0.000163239 0.0393405 0.0197519 0.000163239 0.0115899 0.117695 0.470291 0.000163239 0.0409729 0.0442377 0.0572968 0.0589292 
0.000257334 0.000257334 0.000257334 0.000257334 0.000257334 0.000257334 0.440299 0.000257334 0.000257334 0.000257334 0.000257334 0.000257334 0.0954709 0.0285641 0.432578 0.000257334 
0.000221435 0.000221435 0.000221435 0.0910097 0.000221435 0.000221435 0.000221435 0.00465013 0.130868 0.0755093 0.000221435 0.000221435 0.0378654 0.502879 0.0666519 0.0887954 
0.000119674 0.000119674 0.000119674 0.0587602 0.00131642 0.00251316 0.000119674 0.000119674 0.392652 0.326831 0.000119674 0.000119674 0.000119674 0.0204643 0.0814983 0.115007 
0.000109697 0.000109697 0.000109697 0.00120667 0.000109697 0.000109697 0.000109697 0.000109697 0.374177 0.0165643 0.000109697 0.000109697 0.000109697 0.13394 0.31165 0.161365 
0.000144592 0.0146038 0.000144592 0.000144592 0.000144592 0.000144592 0.000144592 0.0796703 0.380422 0.00303644 0.011712 0.000144592 0.000144592 0.0348467 0.202574 0.271978 
0.00121065 0.00121065 0.00121065 0.098063 0.00121065 0.00121065 0.00121065 0.328087 0.00121065 0.00121065 0.00121065 0.00121065 0.0254237 0.533898 0.00121065 0.00121065 
0.000165673 0.00347913 0.000165673 0.101226 0.000165673 0.000165673 0.000165673 0.000165673 0.639662 0.000165673 0.000165673 0.000165673 0.000165673 0.0979125 0.155898 0.000165673 
0.0190525 0.000171644 0.0396498 0.0276347 0.000171644 0.000171644 0.000171644 0.000171644 0.000171644 0.0104703 0.000171644 0.000171644 0.726227 0.11689 0.0585307 0.000171644 
0.70788 0.0013587 0.0013587 0.0013587 0.137228 0.0013587 0.0013587 0.0149457 0.0149457 0.0013587 0.0421196 0.0013587 0.0692935 0.0013587 0.0013587 0.0013587 
0.000912409 0.000912409 0.0191606 0.137774 0.0465328 0.0556569 0.000912409 0.0191606 0.57573 0.000912409 0.000912409 0.000912409 0.137774 0.000912409 0.000912409 0.000912409 
0.000138007 0.000138007 0.000138007 0.000138007 0.000138007 0.000138007 0.000138007 0.389318 0.000138007 0.160226 0.00151808 0.0111786 0.0498206 0.153326 0.197488 0.0360199 
0.000121418 0.0013356 0.000121418 0.147037 0.000121418 0.00862069 0.000121418 0.268456 0.000121418 0.0741865 0.000121418 0.000121418 0.000121418 0.310952 0.18832 0.000121418 
0.000191718 0.000191718 0.0155291 0.182324 0.000191718 0.000191718 0.000191718 0.000191718 0.356787 0.000191718 0.000191718 0.000191718 0.0749617 0.000191718 0.312692 0.0557899 
0.0572159 0.108337 0.000196618 0.0926072 0.000196618 0.00412898 0.000196618 0.000196618 0.293158 0.0611483 0.000196618 0.000196618 0.100472 0.0572159 0.224341 0.000196618 
0.00404157 0.000192456 0.000192456 0.00211701 0.000192456 0.00211701 0.000192456 0.298499 0.0637028 0.0790993 0.00981524 0.000192456 0.00211701 0.104119 0.202271 0.231139 
0.141469 0.00107991 0.00107991 0.206263 0.011879 0.00107991 0.011879 0.00107991 0.433045 0.184665 0.00107991 0.00107991 0.00107991 0.00107991 0.00107991 0.00107991 
0.000701262 0.000701262 0.000701262 0.112903 0.000701262 0.000701262 0.000701262 0.000701262 0.63885 0.000701262 0.000701262 0.0147265 0.000701262 0.000701262 0.225105 0.000701262 
0.798729 0.0148305 0.0430791 0.000706215 0.0360169 0.00776836 0.0218927 0.000706215 0.000706215 0.0218927 0.000706215 0.000706215 0.000706215 0.000706215 0.0501412 0.000706215 
0.0239431 0.000215703 0.0153149 0.000215703 0.0325712 0.0800259 0.000215703 0.0304142 0.00237274 0.235332 0.453192 0.0261001 0.00237274 0.000215703 0.0951251 0.00237274 
0.000137627 0.000137627 0.000137627 0.00289017 0.000137627 0.000137627 0.000137627 0.000137627 0.000137627 0.133636 0.0510597 0.000137627 0.000137627 0.000137627 0.619461 0.19144 
0.0808113 0.00354153 0.000321958 0.0389569 0.000321958 0.00354153 0.000321958 0.000321958 0.727946 0.0904701 0.000321958 0.000321958 0.000321958 0.0325177 0.000321958 0.0196394 
0.00280899 0.00280899 0.00280899 0.00280899 0.00280899 0.0308989 0.00280899 0.171348 0.00280899 0.00280899 0.0870787 0.0589888 0.620787 0.00280899 0.00280899 0.00280899 
0.0037594 0.0037594 0.0037594 0.0037594 0.0037594 0.0037594 0.0037594 0.0037594 0.530075 0.0037594 0.0037594 0.0037594 0.0037594 0.0037594 0.0037594 0.417293 
0.0450644 0.00214592 0.00214592 0.00214592 0.00214592 0.0236052 0.409871 0.00214592 0.0236052 0.216738 0.0450644 0.00214592 0.00214592 0.0450644 0.00214592 0.17382 
0.000165673 0.000165673 0.000165673 0.000165673 0.000165673 0.000165673 0.000165673 0.480616 0.000165673 0.0846587 0.000165673 0.000165673 0.000165673 0.139331 0.122763 0.170808 
0.000142328 0.00156561 0.000142328 0.000142328 0.000142328 0.000142328 0.000142328 0.000142328 0.000142328 0.000142328 0.000142328 0.000142328 0.000142328 0.000142328 0.996442 0.000142328 
0.0105524 0.000130276 0.000130276 0.0183689 0.000130276 0.000130276 0.00403856 0.000130276 0.000130276 0.130406 0.000130276 0.000130276 0.505602 0.078296 0.0717822 0.179911 
0.000160359 0.000160359 0.000160359 0.00176395 0.000160359 0.000160359 0.000160359 0.000160359 0.00176395 0.000160359 0.000160359 0.000160359 0.000160359 0.000160359 0.397851 0.596697 
0.00019857 0.00019857 0.00019857 0.00019857 0.609809 0.00019857 0.00019857 0.00218427 0.00019857 0.236497 0.0101271 0.00019857 0.00019857 0.00019857 0.0200556 0.119341 
0.000169319 0.0171013 0.000169319 0.000169319 0.000169319 0.000169319 0.000169319 0.0340332 0.452252 0.0560447 0.000169319 0.000169319 0.0916018 0.167795 0.0865222 0.093295 
0.255448 0.412833 0.00121065 0.0133172 0.00121065 0.110169 0.00121065 0.00121065 0.00121065 0.0738499 0.00121065 0.00121065 0.0617433 0.00121065 0.00121065 0.0617433 
0.00124069 0.00124069 0.0136476 0.274194 0.0136476 0.00124069 0.0756824 0.00124069 0.00124069 0.00124069 0.112903 0.00124069 0.472705 0.0136476 0.0136476 0.00124069 
0.000133583 0.000133583 0.00146941 0.000133583 0.372829 0.000133583 0.00280524 0.000133583 0.000133583 0.0415442 0.000133583 0.000133583 0.000133583 0.0348651 0.463666 0.081619 
0.0929204 0.00442478 0.00442478 0.00442478 0.0486726 0.00442478 0.00442478 0.00442478 0.00442478 0.0929204 0.00442478 0.00442478 0.00442478 0.181416 0.00442478 0.535398 
0.0108268 0.000984252 0.000984252 0.000984252 0.000984252 0.000984252 0.0108268 0.000984252 0.000984252 0.000984252 0.000984252 0.000984252 0.57185 0.000984252 0.394685 0.000984252 
0.00119617 0.00119617 0.00119617 0.336124 0.0370813 0.00119617 0.00119617 0.00119617 0.336124 0.00119617 0.00119617 0.00119617 0.16866 0.00119617 0.00119617 0.108852 
0.0389447 0.0138191 0.00125628 0.139447 0.0263819 0.00125628 0.00125628 0.00125628 0.415829 0.00125628 0.00125628 0.00125628 0.252513 0.00125628 0.101759 0.00125628 
0.00111607 0.00111607 0.0122768 0.280134 0.00111607 0.00111607 0.0234375 0.00111607 0.447545 0.135045 0.00111607 0.00111607 0.0904018 0.00111607 0.00111607 0.00111607 
0.0846995 0.00273224 0.0300546 0.139344 0.139344 0.00273224 0.00273224 0.00273224 0.248634 0.00273224 0.00273224 0.0300546 0.0846995 0.00273224 0.221311 0.00273224 
0.000626566 0.000626566 0.000626566 0.113409 0.151003 0.000626566 0.0758145 0.000626566 0.000626566 0.000626566 0.000626566 0.000626566 0.251253 0.389098 0.0131579 0.000626566 
0.00485437 0.000441306 0.000441306 0.000441306 0.000441306 0.00485437 0.0887026 0.0401589 0.0136805 0.0842895 0.000441306 0.0180936 0.419682 0.265225 0.00485437 0.0533981 
0.000145433 0.000145433 0.000145433 0.000145433 0.000145433 0.000145433 0.000145433 0.000145433 0.372455 0.0350494 0.000145433 0.000145433 0.14267 0.0946771 0.352094 0.00159977 
0.00888215 0.000216638 0.00238302 0.000216638 0.000216638 0.000216638 0.000216638 0.000216638 0.000216638 0.000216638 0.000216638 0.0175477 0.000216638 0.0522097 0.84727 0.0695407 
0.228019 0.0214513 0.000264831 0.000264831 0.000264831 0.000264831 0.000264831 0.000264831 0.590837 0.000264831 0.000264831 0.000264831 0.000264831 0.000264831 0.153867 0.00291314 
0.000295334 0.000295334 0.000295334 0.000295334 0.000295334 0.000295334 0.000295334 0.000295334 0.64117 0.000295334 0.000295334 0.000295334 0.215889 0.000295334 0.139102 0.000295334 
0.0752168 0.0201801 0.000166778 0.123582 0.000166778 0.000166778 0.00683789 0.000166778 0.47048 0.000166778 0.0802201 0.0468646 0.00183456 0.0718813 0.100233 0.00183456 
0.00186567 0.00186567 0.00186567 0.0391791 0.00186567 0.00186567 0.00186567 0.00186567 0.524254 0.0764925 0.0951493 0.00186567 0.00186567 0.00186567 0.20709 0.0391791 
0.000417362 0.000417362 0.00459098 0.0546745 0.000417362 0.00459098 0.000417362 0.146494 0.00459098 0.000417362 0.000417362 0.0129382 0.317613 0.292571 0.125626 0.0338063 
0.000651042 0.000651042 0.000651042 0.124349 0.000651042 0.000651042 0.000651042 0.000651042 0.690755 0.000651042 0.000651042 0.000651042 0.000651042 0.000651042 0.000651042 0.176432 
0.000391236 0.000391236 0.0043036 0.375978 0.375978 0.000391236 0.000391236 0.000391236 0.000391236 0.0669014 0.000391236 0.000391236 0.0121283 0.0043036 0.156886 0.000391236 
0.731031 0.000566251 0.000566251 0.000566251 0.000566251 0.000566251 0.000566251 0.00622877 0.000566251 0.255379 0.000566251 0.000566251 0.000566251 0.000566251 0.000566251 0.000566251 
0.123683 0.00018162 0.00744642 0.0728296 0.00018162 0.00018162 0.00018162 0.00018162 0.48874 0.0800944 0.012895 0.00018162 0.012895 0.0710134 0.00563022 0.123683 
0.317227 0.00210084 0.00210084 0.00210084 0.00210084 0.00210084 0.00210084 0.00210084 0.00210084 0.170168 0.00210084 0.00210084 0.485294 0.00210084 0.00210084 0.00210084 
0.00029274 0.00029274 0.377927 0.00029274 0.0442037 0.00029274 0.108607 0.00907494 0.00029274 0.00029274 0.00029274 0.00029274 0.137881 0.00029274 0.187646 0.132026 
0.0001343 0.00953532 0.0001343 0.0189363 0.0014773 0.0001343 0.0001343 0.0001343 0.00282031 0.151894 0.0243084 0.00550631 0.0001343 0.0605694 0.0001343 0.724013 
0.0073218 0.000665618 6.05107e-05 0.0375772 6.05107e-05 6.05107e-05 6.05107e-05 0.00127072 6.05107e-05 0.126528 0.474464 6.05107e-05 0.0351567 0.113821 0.202771 6.05107e-05 
0.00245207 0.00691039 0.417075 0.00245207 0.000222916 0.000222916 0.000222916 0.000222916 0.000222916 0.000222916 0.000222916 0.000222916 0.000222916 0.000222916 0.147347 0.421534 
0.000586166 0.000586166 0.000586166 0.000586166 0.000586166 0.000586166 0.0123095 0.0885111 0.252638 0.000586166 0.000586166 0.000586166 0.000586166 0.258499 0.129543 0.252638 
0.00326797 0.00326797 0.754902 0.00326797 0.00326797 0.00326797 0.00326797 0.00326797 0.00326797 0.00326797 0.00326797 0.00326797 0.00326797 0.199346 0.00326797 0.00326797 
0.123157 0.000307125 0.000307125 0.0985872 0.000307125 0.000307125 0.000307125 0.000307125 0.411855 0.000307125 0.000307125 0.000307125 0.000307125 0.163084 0.196867 0.00337838 
0.0142455 0.000175871 0.000175871 0.573514 0.000175871 0.000175871 0.000175871 0.000175871 0.0582132 0.000175871 0.00193458 0.0335913 0.000175871 0.121527 0.181323 0.0142455 
0.00137741 0.00137741 0.00137741 0.00137741 0.00137741 0.00137741 0.0426997 0.00137741 0.442149 0.00137741 0.00137741 0.00137741 0.152893 0.27686 0.00137741 0.0702479 
0.000201369 0.000201369 0.000201369 0.207612 0.000201369 0.0908176 0.000201369 0.000201369 0.000201369 0.163311 0.000201369 0.000201369 0.000201369 0.525775 0.0102698 0.000201369 
0.000556793 0.000556793 0.000556793 0.000556793 0.000556793 0.000556793 0.000556793 0.000556793 0.69098 0.00612472 0.000556793 0.000556793 0.00612472 0.000556793 0.290089 0.000556793 
0.0294824 0.000133404 0.0108058 0.109525 0.000133404 0.0121398 0.000133404 0.0574973 0.0241462 0.120197 0.302962 0.000133404 0.0815101 0.0921825 0.000133404 0.158885 
0.000170765 0.000170765 0.000170765 0.000170765 0.000170765 0.00187842 0.00358607 0.000170765 0.517589 0.0565232 0.000170765 0.000170765 0.136783 0.0889686 0.13849 0.0548156 
0.000108155 0.00227125 0.0130867 0.000108155 0.0055159 0.30186 0.0325546 0.007679 0.000108155 0.506273 0.000108155 0.000108155 0.000108155 0.019576 0.110426 0.000108155 
0.000144802 0.000144802 0.000144802 0.000144802 0.000144802 0.00593687 0.000144802 0.000144802 0.00159282 0.000144802 0.000144802 0.000144802 0.000144802 0.000144802 0.990588 0.000144802 
0.000711238 0.000711238 0.014936 0.000711238 0.000711238 0.142959 0.178521 0.0220484 0.000711238 0.114509 0.0504979 0.121622 0.0220484 0.000711238 0.121622 0.20697 
0.00510204 0.00510204 0.00510204 0.00510204 0.413265 0.413265 0.00510204 0.00510204 0.107143 0.00510204 0.00510204 0.00510204 0.00510204 0.00510204 0.00510204 0.00510204 
0.029052 0.000169895 0.000169895 0.059633 0.000169895 0.00186884 0.000169895 0.329766 0.136086 0.0205573 0.000169895 0.000169895 0.000169895 0.000169895 0.137785 0.283894 
0.000123671 0.000123671 0.000123671 0.20418 0.560351 0.0174375 0.0124907 0.000123671 0.000123671 0.0149641 0.000123671 0.00383379 0.000123671 0.032278 0.153475 0.000123671 
0.00943396 0.00943396 0.00943396 0.00943396 0.00943396 0.858491 0.00943396 0.00943396 0.00943396 0.00943396 0.00943396 0.00943396 0.00943396 0.00943396 0.00943396 0.00943396 
0.00462963 0.143519 0.00462963 0.00462963 0.00462963 0.467593 0.00462963 0.00462963 0.00462963 0.236111 0.00462963 0.00462963 0.00462963 0.00462963 0.0972222 0.00462963 
0.00326797 0.00326797 0.00326797 0.0686275 0.00326797 0.754902 0.00326797 0.00326797 0.0686275 0.0686275 0.00326797 0.00326797 0.00326797 0.00326797 0.00326797 0.00326797 
0.000400641 0.000400641 0.0284455 0.0604968 0.741587 0.000400641 0.000400641 0.000400641 0.000400641 0.0364583 0.00440705 0.000400641 0.0564904 0.0685096 0.000400641 0.000400641 
0.000165948 0.000165948 0.0881182 0.111351 0.000165948 0.602556 0.000165948 0.000165948 0.000165948 0.0831397 0.000165948 0.000165948 0.000165948 0.0399934 0.0151012 0.0582476 
0.00462963 0.00462963 0.00462963 0.00462963 0.00462963 0.00462963 0.00462963 0.00462963 0.00462963 0.00462963 0.0509259 0.00462963 0.00462963 0.00462963 0.00462963 0.884259 
0.0166989 0.00151808 0.000138007 0.0843224 0.000138007 0.000138007 0.00289815 0.00565829 0.378278 0.00151808 0.000138007 0.000138007 0.000138007 0.000138007 0.154706 0.353436 
0.00316456 0.00316456 0.0348101 0.0664557 0.00316456 0.699367 0.00316456 0.00316456 0.00316456 0.0348101 0.00316456 0.00316456 0.0664557 0.0664557 0.00316456 0.00316456 
0.00326797 0.00326797 0.133987 0.00326797 0.00326797 0.395425 0.00326797 0.00326797 0.00326797 0.00326797 0.0359477 0.0359477 0.101307 0.00326797 0.00326797 0.264706 
0.00537634 0.00537634 0.00537634 0.00537634 0.00537634 0.596774 0.00537634 0.00537634 0.00537634 0.00537634 0.0591398 0.00537634 0.00537634 0.00537634 0.00537634 0.274194 
0.00316456 0.00316456 0.00316456 0.00316456 0.00316456 0.446203 0.00316456 0.00316456 0.00316456 0.00316456 0.31962 0.00316456 0.00316456 0.00316456 0.193038 0.00316456 
0.219568 0.000327225 0.000327225 0.000327225 0.000327225 0.448626 0.0788613 0.000327225 0.000327225 0.0657723 0.000327225 0.000327225 0.000327225 0.000327225 0.180301 0.00359948 
0.0412004 0.0462869 0.000508647 0.14293 0.000508647 0.493896 0.000508647 0.0106816 0.000508647 0.148016 0.000508647 0.000508647 0.000508647 0.000508647 0.112411 0.000508647 
0.00289017 0.00289017 0.00289017 0.609827 0.00289017 0.320809 0.00289017 0.00289017 0.00289017 0.00289017 0.00289017 0.00289017 0.00289017 0.00289017 0.0317919 0.00289017 
6.04741e-05 0.716074 6.04741e-05 6.04741e-05 6.04741e-05 6.04741e-05 6.04741e-05 6.04741e-05 6.04741e-05 6.04741e-05 6.04741e-05 6.04741e-05 6.04741e-05 6.04741e-05 0.282475 0.000665215 
0.00214592 0.17382 0.00214592 0.45279 0.0236052 0.324034 0.00214592 0.00214592 0.00214592 0.00214592 0.00214592 0.00214592 0.00214592 0.00214592 0.00214592 0.00214592 
0.0992721 0.0365952 0.000202184 0.000202184 0.000202184 0.0932066 0.00626769 0.000202184 0.000202184 0.00222402 0.503639 0.000202184 0.000202184 0.000202184 0.254953 0.00222402 
0.172297 0.00337838 0.00337838 0.00337838 0.00337838 0.408784 0.00337838 0.00337838 0.00337838 0.00337838 0.375 0.00337838 0.00337838 0.00337838 0.00337838 0.00337838 
0.0408025 0.119702 0.000225428 0.000225428 0.000225428 0.814022 0.000225428 0.00473399 0.000225428 0.000225428 0.000225428 0.00473399 0.000225428 0.0137511 0.000225428 0.000225428 
0.00735294 0.00735294 0.00735294 0.00735294 0.00735294 0.669118 0.00735294 0.00735294 0.00735294 0.00735294 0.00735294 0.154412 0.00735294 0.00735294 0.0808824 0.00735294 
0.774918 0.000126807 0.000126807 0.000126807 0.00393102 0.0090033 0.000126807 0.000126807 0.000126807 0.209358 0.00139488 0.000126807 0.000126807 0.000126807 0.000126807 0.000126807 
0.0181518 0.00165017 0.00165017 0.183168 0.0676568 0.150165 0.00165017 0.00165017 0.265677 0.00165017 0.0346535 0.00165017 0.00165017 0.00165017 0.265677 0.00165017 
0.00485437 0.199029 0.0533981 0.0533981 0.00485437 0.00485437 0.00485437 0.00485437 0.00485437 0.00485437 0.34466 0.00485437 0.00485437 0.00485437 0.0533981 0.247573 
0.00297619 0.00297619 0.00297619 0.00297619 0.00297619 0.00297619 0.00297619 0.00297619 0.449405 0.00297619 0.330357 0.00297619 0.0922619 0.00297619 0.00297619 0.0922619 
0.847973 0.00337838 0.00337838 0.00337838 0.00337838 0.00337838 0.00337838 0.00337838 0.00337838 0.00337838 0.00337838 0.00337838 0.0709459 0.00337838 0.00337838 0.0371622 
0.327957 0.00537634 0.00537634 0.00537634 0.00537634 0.22043 0.00537634 0.0591398 0.00537634 0.00537634 0.00537634 0.00537634 0.00537634 0.00537634 0.327957 0.00537634 
0.324597 0.000183284 0.000183284 0.146811 0.0405059 0.408908 0.000183284 0.000183284 0.000183284 0.000183284 0.000183284 0.000183284 0.000183284 0.000183284 0.0515029 0.0258431 
0.780405 0.00337838 0.00337838 0.0709459 0.0709459 0.00337838 0.00337838 0.00337838 0.00337838 0.00337838 0.00337838 0.00337838 0.00337838 0.00337838 0.0371622 0.00337838 
0.00862069 0.00862069 0.00862069 0.00862069 0.00862069 0.784483 0.00862069 0.00862069 0.00862069 0.00862069 0.00862069 0.0948276 0.00862069 0.00862069 0.00862069 0.00862069 
0.0705128 0.198718 0.00641026 0.00641026 0.00641026 0.262821 0.00641026 0.00641026 0.00641026 0.00641026 0.00641026 0.00641026 0.262821 0.134615 0.00641026 0.00641026 
0.0034965 0.0034965 0.0034965 0.0034965 0.0034965 0.912587 0.0034965 0.0384615 0.0034965 0.0034965 0.0034965 0.0034965 0.0034965 0.0034965 0.0034965 0.0034965 
0.181416 0.225664 0.00442478 0.446903 0.0486726 0.00442478 0.00442478 0.00442478 0.00442478 0.00442478 0.00442478 0.00442478 0.0486726 0.00442478 0.00442478 0.00442478 
0.0734266 0.0034965 0.0034965 0.0034965 0.0384615 0.353147 0.0034965 0.0734266 0.0034965 0.353147 0.0034965 0.0034965 0.0034965 0.0384615 0.0384615 0.0034965 
0.000144802 0.000144802 0.000144802 0.000144802 0.000144802 0.0551694 0.447582 0.000144802 0.0855778 0.000144802 0.000144802 0.014625 0.000144802 0.0797857 0.13481 0.181147 
0.262653 0.0008726 0.0008726 0.0008726 0.323735 0.0445026 0.0095986 0.0008726 0.0183246 0.0270506 0.166667 0.0008726 0.0183246 0.0008726 0.0008726 0.123037 
