0.0023166 0.00540541 0.0517375 0.000772201 0.0131274 0.388417 0.359073 0.000772201 0.0100386 0.0100386 0.000772201 0.0888031 0.000772201 0.011583 0.0563707 
0.00775194 0.00775194 0.147287 0.100775 0.00775194 0.0542636 0.364341 0.131783 0.00775194 0.0387597 0.0387597 0.00775194 0.00775194 0.0697674 0.00775194 
0.242211 0.00703518 0.222111 0.242211 0.00904523 0.00100503 0.252261 0.00301508 0.00100503 0.00502513 0.00502513 0.00100503 0.00301508 0.00301508 0.00301508 
0.164835 0.010989 0.164835 0.0989011 0.010989 0.010989 0.010989 0.0549451 0.010989 0.0769231 0.010989 0.010989 0.032967 0.010989 0.318681 
0.0505051 0.010101 0.010101 0.0707071 0.010101 0.0707071 0.0909091 0.030303 0.010101 0.232323 0.0909091 0.010101 0.010101 0.0505051 0.252525 
0.0644678 0.00049975 0.00049975 0.00149925 0.00049975 0.434283 0.365317 0.0804598 0.00449775 0.00149925 0.00049975 0.00249875 0.00049975 0.0404798 0.00249875 
0.142386 0.00164926 0.0687191 0.0247389 0.000549753 0.277625 0.300715 0.0929082 0.000549753 0.00494777 0.00384827 0.000549753 0.000549753 0.0775151 0.00274876 
0.0904134 0.0177192 0.0477056 0.000454339 0.000454339 0.00136302 0.348478 0.00318037 0.00136302 0.000454339 0.000454339 0.00590641 0.00227169 0.479328 0.000454339 
0.0186335 0.0931677 0.0186335 0.00621118 0.118012 0.0807453 0.180124 0.00621118 0.00621118 0.068323 0.00621118 0.0186335 0.0434783 0.204969 0.130435 
0.0828025 0.0191083 0.515924 0.0828025 0.0191083 0.0191083 0.0318471 0.00636943 0.00636943 0.00636943 0.00636943 0.0191083 0.00636943 0.00636943 0.171975 
0.322615 0.0096463 0.172562 0.232583 0.0310825 0.00107181 0.18328 0.00321543 0.00107181 0.0117899 0.00107181 0.00321543 0.00321543 0.0160772 0.00750268 
0.00879765 0.026393 0.40176 0.0909091 0.00293255 0.0146628 0.395894 0.00293255 0.0146628 0.00293255 0.00293255 0.00293255 0.026393 0.00293255 0.00293255 
0.0545455 0.0181818 0.0181818 0.0181818 0.309091 0.0545455 0.0181818 0.0181818 0.0545455 0.0181818 0.0181818 0.0181818 0.0181818 0.0181818 0.345455 
0.175344 0.0412328 0.0803832 0.00708038 0.127863 0.210329 0.328613 0.000416493 0.00208247 0.000416493 0.000416493 0.00374844 0.00791337 0.00957934 0.00458142 
0.0538922 0.00598802 0.0299401 0.389222 0.0179641 0.00598802 0.0179641 0.00598802 0.0419162 0.00598802 0.00598802 0.0179641 0.00598802 0.137725 0.257485 
0.28152 0.00172712 0.115717 0.516408 0.00172712 0.00172712 0.00172712 0.0397237 0.00863558 0.00518135 0.00172712 0.00172712 0.00172712 0.00863558 0.0120898 
0.157685 0.0379242 0.201597 0.00998004 0.00199601 0.00199601 0.293413 0.0538922 0.00199601 0.0858283 0.00199601 0.0219561 0.00598802 0.0499002 0.0738523 
0.177982 0.00183486 0.372477 0.185321 0.012844 0.00183486 0.185321 0.00550459 0.00183486 0.00183486 0.00183486 0.0165138 0.00183486 0.0275229 0.00550459 
0.16763 0.456647 0.0289017 0.0520231 0.017341 0.0289017 0.00578035 0.00578035 0.017341 0.00578035 0.00578035 0.017341 0.00578035 0.00578035 0.179191 
0.032967 0.010989 0.186813 0.230769 0.010989 0.010989 0.010989 0.010989 0.010989 0.032967 0.010989 0.010989 0.010989 0.032967 0.384615 
0.00578035 0.00578035 0.109827 0.0289017 0.0404624 0.0982659 0.00578035 0.0289017 0.144509 0.271676 0.0751445 0.0635838 0.0404624 0.0404624 0.0404624 
0.00558659 0.0167598 0.0614525 0.00558659 0.0391061 0.117318 0.162011 0.0391061 0.0837989 0.273743 0.0391061 0.0167598 0.00558659 0.027933 0.106145 
0.123916 0.0045895 0.135135 0.00152983 0.0402856 0.0372259 0.253442 0.00560938 0.0045895 0.337073 0.0045895 0.0280469 0.0117287 0.0107088 0.00152983 
0.00492611 0.00492611 0.0147783 0.00492611 0.0147783 0.0344828 0.320197 0.00492611 0.00492611 0.00492611 0.00492611 0.00492611 0.00492611 0.55665 0.0147783 
0.588562 0.00397141 0.0548054 0.00238284 0.0103257 0.000794281 0.194599 0.00555997 0.0119142 0.0357427 0.000794281 0.000794281 0.000794281 0.0150913 0.0738681 
0.0209205 0.0460251 0.0125523 0.138075 0.0292887 0.0878661 0.146444 0.0041841 0.0125523 0.0209205 0.0125523 0.0041841 0.0711297 0.0041841 0.389121 
0.00127389 0.327389 0.00127389 0.00382166 0.00382166 0.00636943 0.467516 0.0318471 0.011465 0.0929936 0.00127389 0.00127389 0.0089172 0.0242038 0.0165605 
0.0352941 0.0588235 0.0117647 0.317647 0.0117647 0.0352941 0.0117647 0.0117647 0.0117647 0.0117647 0.0117647 0.0117647 0.0117647 0.0117647 0.435294 
0.242283 0.0140318 0.509822 0.00841908 0.000935454 0.000935454 0.176801 0.000935454 0.000935454 0.000935454 0.000935454 0.000935454 0.00467727 0.0327409 0.00467727 
0.021645 0.004329 0.012987 0.61039 0.012987 0.004329 0.004329 0.012987 0.004329 0.012987 0.004329 0.004329 0.004329 0.272727 0.012987 
0.267345 0.000925069 0.0101758 0.000925069 0.0564292 0.0194265 0.0508788 0.000925069 0.0175763 0.000925069 0.404255 0.00277521 0.000925069 0.161887 0.00462535 
0.0230303 0.00363636 0.556364 0.0157576 0.00121212 0.00363636 0.372121 0.00121212 0.00363636 0.00121212 0.00121212 0.00121212 0.00121212 0.00121212 0.0133333 
0.162304 0.026178 0.0052356 0.0052356 0.0575916 0.183246 0.0471204 0.026178 0.0052356 0.0157068 0.0052356 0.0157068 0.0157068 0.308901 0.120419 
0.0362694 0.00172712 0.00172712 0.447323 0.0120898 0.00172712 0.0949914 0.0500864 0.0120898 0.181347 0.00518135 0.00172712 0.00863558 0.115717 0.029361 
0.313869 0.00729927 0.00729927 0.0218978 0.0364964 0.255474 0.00729927 0.00729927 0.00729927 0.0510949 0.00729927 0.00729927 0.00729927 0.00729927 0.255474 
0.0257458 0.000408664 0.0993053 0.251328 0.0183899 0.00204332 0.498161 0.00367797 0.00776461 0.0649775 0.000408664 0.00367797 0.0200245 0.000408664 0.00367797 
0.297985 0.0180276 0.0392365 0.00106045 0.00106045 0.177094 0.268293 0.0116649 0.00106045 0.0201485 0.00106045 0.0201485 0.00106045 0.128314 0.0137858 
0.00319898 0.000213265 0.0091704 0.000639795 0.274472 0.00149286 0.596929 0.00106633 0.00874387 0.0049051 0.00191939 0.00319898 0.0258051 0.0671785 0.00106633 
0.0196078 0.0196078 0.45098 0.0980392 0.0196078 0.0196078 0.0196078 0.0196078 0.0196078 0.0196078 0.0196078 0.0196078 0.0196078 0.0196078 0.215686 
0.138756 0.00478469 0.110048 0.00478469 0.00478469 0.0430622 0.368421 0.062201 0.00478469 0.0334928 0.00478469 0.00478469 0.00478469 0.0143541 0.196172 
0.100671 0.0290828 0.422819 0.00223714 0.0201342 0.00223714 0.190157 0.00223714 0.0559284 0.082774 0.00223714 0.0380313 0.00671141 0.0425056 0.00223714 
0.0163934 0.0163934 0.180328 0.0163934 0.0491803 0.0163934 0.0163934 0.0491803 0.0163934 0.0163934 0.0163934 0.0163934 0.0491803 0.147541 0.377049 
0.0632911 0.0126582 0.0126582 0.265823 0.0126582 0.0126582 0.0126582 0.0632911 0.0126582 0.0379747 0.0126582 0.0126582 0.0379747 0.0126582 0.417722 
0.0277078 0.0478589 0.34005 0.00251889 0.00251889 0.0125945 0.350126 0.00251889 0.00251889 0.0780856 0.00251889 0.00251889 0.00251889 0.0176322 0.108312 
0.272727 0.00606061 0.0787879 0.357576 0.00606061 0.00606061 0.00606061 0.00606061 0.00606061 0.00606061 0.00606061 0.00606061 0.00606061 0.0545455 0.175758 
0.0398205 0.0633763 0.000560852 0.610768 0.00168256 0.00280426 0.240606 0.00729108 0.00729108 0.000560852 0.00168256 0.000560852 0.00168256 0.0207515 0.000560852 
0.258439 0.00719424 0.538462 0.00166021 0.0105147 0.000553403 0.094632 0.000553403 0.00940786 0.000553403 0.000553403 0.000553403 0.000553403 0.0758163 0.000553403 
0.0379747 0.0126582 0.468354 0.0126582 0.0126582 0.0886076 0.0126582 0.0379747 0.0126582 0.0126582 0.0126582 0.0126582 0.0126582 0.0379747 0.21519 
0.132662 0.000914913 0.394328 0.000914913 0.00274474 0.0192132 0.361391 0.00274474 0.00640439 0.0375114 0.000914913 0.0356816 0.000914913 0.000914913 0.00274474 
0.050717 0.0038475 0.00174886 0.473242 0.00244841 0.000349773 0.440364 0.000349773 0.000349773 0.00314795 0.00104932 0.00664568 0.000349773 0.00734523 0.00804477 
0.087039 0.00105374 0.000210748 0.0149631 0.0668072 0.00231823 0.447418 0.00273973 0.000632244 0.347524 0.00653319 0.00231823 0.000210748 0.0183351 0.00189673 
0.121922 0.141141 0.403003 0.000600601 0.003003 0.00540541 0.297297 0.003003 0.0018018 0.00780781 0.000600601 0.00660661 0.000600601 0.00540541 0.0018018 
0.0149254 0.104478 0.19403 0.134328 0.0149254 0.0149254 0.0149254 0.0149254 0.0447761 0.0447761 0.0746269 0.0149254 0.0149254 0.0149254 0.283582 
0.211155 0.0119522 0.0438247 0.00398406 0.00398406 0.0996016 0.155378 0.00398406 0.00398406 0.00398406 0.0199203 0.00398406 0.0119522 0.0199203 0.40239 
0.251799 0.00308325 0.00513875 0.00924974 0.00102775 0.510791 0.0647482 0.00513875 0.00102775 0.0256937 0.00308325 0.00308325 0.00102775 0.0811922 0.0339157 
0.331868 0.0021978 0.534066 0.00659341 0.00659341 0.0021978 0.0153846 0.010989 0.0153846 0.00659341 0.0021978 0.0021978 0.0373626 0.0021978 0.0241758 
0.000212721 0.00872155 0.0474367 0.000212721 0.415444 0.000638162 0.520953 0.0010636 0.000212721 0.000638162 0.000212721 0.0010636 0.00191449 0.000638162 0.000638162 
0.0126582 0.0126582 0.594937 0.164557 0.0126582 0.0126582 0.0126582 0.0126582 0.0126582 0.0126582 0.0126582 0.0126582 0.0126582 0.0126582 0.0886076 
0.0136986 0.0684932 0.0410959 0.0136986 0.0136986 0.178082 0.0958904 0.0136986 0.0136986 0.0684932 0.0136986 0.0410959 0.0136986 0.0684932 0.342466 
0.0169492 0.0169492 0.0169492 0.423729 0.0169492 0.0508475 0.0508475 0.0508475 0.0169492 0.0169492 0.0169492 0.0169492 0.0169492 0.118644 0.152542 
0.251613 0.00129032 0.00129032 0.504516 0.0451613 0.00129032 0.0709677 0.0219355 0.00129032 0.00387097 0.0141935 0.00129032 0.00129032 0.0322581 0.0477419 
0.000152555 0.00289855 0.0770404 0.00228833 0.0114416 0.21312 0.653699 0.000152555 0.000152555 0.00472921 0.00350877 0.00533944 0.0132723 0.00808543 0.00411899 
0.0117647 0.0117647 0.0588235 0.0117647 0.0588235 0.105882 0.0588235 0.0117647 0.0117647 0.0117647 0.0117647 0.0117647 0.0117647 0.364706 0.247059 
0.0496241 0.0315789 0.121805 0.172932 0.0165414 0.0105263 0.455639 0.00451128 0.00451128 0.0165414 0.00150376 0.0556391 0.00150376 0.0105263 0.0466165 
0.252525 0.010101 0.010101 0.212121 0.010101 0.010101 0.030303 0.010101 0.010101 0.030303 0.010101 0.010101 0.010101 0.030303 0.353535 
0.114625 0.00395257 0.00395257 0.604743 0.0197628 0.00395257 0.00395257 0.0197628 0.0118577 0.00395257 0.00395257 0.00395257 0.00395257 0.146245 0.0513834 
0.0114943 0.0574713 0.0114943 0.517241 0.0114943 0.0114943 0.0804598 0.0114943 0.0114943 0.0114943 0.0114943 0.0114943 0.0114943 0.0114943 0.218391 
0.00161031 0.00483092 0.00805153 0.516908 0.00161031 0.00483092 0.426731 0.00161031 0.00161031 0.020934 0.00161031 0.00161031 0.00161031 0.00161031 0.00483092 
0.122302 0.00719424 0.352518 0.0647482 0.00719424 0.00719424 0.00719424 0.0215827 0.00719424 0.00719424 0.00719424 0.00719424 0.0359712 0.0215827 0.323741 
0.104294 0.0102249 0.0511247 0.0102249 0.0756646 0.0102249 0.325153 0.00204499 0.0102249 0.0511247 0.00204499 0.00204499 0.00204499 0.145194 0.198364 
0.015873 0.047619 0.0793651 0.015873 0.0793651 0.015873 0.047619 0.238095 0.015873 0.015873 0.015873 0.015873 0.015873 0.047619 0.333333 
0.0967742 0.0537634 0.225806 0.0752688 0.0107527 0.0537634 0.0107527 0.0107527 0.0322581 0.0322581 0.0107527 0.0322581 0.0107527 0.0107527 0.333333 
0.259813 0.00186916 0.454206 0.00186916 0.000623053 0.0180685 0.236137 0.000623053 0.000623053 0.0130841 0.000623053 0.000623053 0.0105919 0.000623053 0.000623053 
0.0175439 0.0175439 0.0877193 0.0526316 0.0175439 0.0175439 0.0175439 0.0526316 0.0175439 0.0877193 0.0175439 0.0526316 0.0175439 0.0877193 0.438596 
0.183902 0.00356597 0.411105 0.00764137 0.0596026 0.0229241 0.294957 0.000509424 0.00254712 0.00764137 0.000509424 0.000509424 0.000509424 0.000509424 0.00356597 
0.00263389 0.0032192 0.000292654 0.0201932 0.0354112 0.000877963 0.59204 0.00556043 0.00673105 0.00204858 0.000292654 0.300556 0.000292654 0.0207785 0.00907229 
0.0153846 0.0461538 0.0153846 0.0769231 0.0153846 0.0769231 0.0461538 0.0153846 0.138462 0.0461538 0.0461538 0.0153846 0.0153846 0.107692 0.323077 
0.00483092 0.0144928 0.0338164 0.0531401 0.0531401 0.101449 0.178744 0.0531401 0.0821256 0.00483092 0.381643 0.00483092 0.00483092 0.00483092 0.0241546 
0.00578035 0.017341 0.456647 0.00578035 0.00578035 0.00578035 0.317919 0.0520231 0.0404624 0.017341 0.00578035 0.00578035 0.017341 0.0289017 0.017341 
0.132743 0.132743 0.132743 0.00884956 0.00884956 0.00884956 0.00884956 0.00884956 0.00884956 0.115044 0.00884956 0.0265487 0.00884956 0.00884956 0.380531 
0.0526316 0.0526316 0.0105263 0.0315789 0.0736842 0.0736842 0.0105263 0.0105263 0.136842 0.0105263 0.0526316 0.0315789 0.0105263 0.0315789 0.410526 
0.108571 0.222857 0.0628571 0.0171429 0.0514286 0.00571429 0.142857 0.00571429 0.0285714 0.0857143 0.0171429 0.0171429 0.0171429 0.165714 0.0514286 
0.0843806 0.00897666 0.24237 0.0125673 0.00897666 0.00179533 0.292639 0.00179533 0.0233393 0.00179533 0.00179533 0.00179533 0.005386 0.292639 0.0197487 
0.00571429 0.00571429 0.0171429 0.165714 0.142857 0.00571429 0.142857 0.0171429 0.0285714 0.337143 0.00571429 0.00571429 0.00571429 0.0171429 0.0971429 
0.331695 0.0958231 0.307125 0.002457 0.002457 0.027027 0.012285 0.002457 0.017199 0.002457 0.012285 0.100737 0.00737101 0.002457 0.0761671 
0.170909 0.00363636 0.570909 0.0181818 0.00363636 0.00363636 0.12 0.0109091 0.00363636 0.0327273 0.0109091 0.0254545 0.0109091 0.0109091 0.00363636 
0.010101 0.010101 0.030303 0.010101 0.030303 0.030303 0.030303 0.010101 0.0505051 0.292929 0.010101 0.010101 0.0909091 0.191919 0.191919 
0.135135 0.00900901 0.00900901 0.417417 0.003003 0.003003 0.159159 0.015015 0.015015 0.021021 0.039039 0.003003 0.00900901 0.039039 0.123123 
0.0133333 0.0133333 0.28 0.0133333 0.0666667 0.0666667 0.0133333 0.0666667 0.0133333 0.0133333 0.04 0.04 0.0666667 0.146667 0.146667 
0.0873549 0.000610874 0.0348198 0.331704 0.00305437 0.00183262 0.226634 0.103238 0.000610874 0.0201588 0.000610874 0.00183262 0.000610874 0.186316 0.000610874 
0.0217286 0.613713 0.00434573 0.000482859 0.00241429 0.000482859 0.336552 0.00627716 0.00820859 0.00241429 0.000482859 0.000482859 0.000482859 0.00144858 0.000482859 
0.012987 0.012987 0.012987 0.558442 0.012987 0.038961 0.012987 0.012987 0.012987 0.012987 0.012987 0.012987 0.012987 0.012987 0.246753 
0.0123457 0.0123457 0.135802 0.283951 0.0123457 0.0864198 0.0123457 0.0123457 0.0123457 0.0123457 0.111111 0.0123457 0.0123457 0.135802 0.135802 
0.00389105 0.00389105 0.22179 0.00389105 0.0505837 0.0661479 0.105058 0.0194553 0.00389105 0.0116732 0.00389105 0.0894942 0.0194553 0.175097 0.22179 
0.0169492 0.0169492 0.0508475 0.186441 0.0847458 0.0169492 0.0508475 0.0169492 0.0508475 0.0508475 0.0169492 0.0169492 0.0169492 0.0169492 0.389831 
0.170049 0.00909727 0.547936 0.00069979 0.00349895 0.00209937 0.247026 0.0104969 0.00069979 0.00069979 0.00069979 0.00209937 0.00209937 0.00209937 0.00069979 
0.164557 0.0379747 0.0126582 0.341772 0.0126582 0.0126582 0.0126582 0.0379747 0.0126582 0.0126582 0.0379747 0.0126582 0.0126582 0.0126582 0.265823 
0.300971 0.00970874 0.223301 0.00970874 0.00970874 0.0679612 0.00970874 0.0291262 0.00970874 0.0485437 0.00970874 0.00970874 0.00970874 0.00970874 0.242718 
0.00338983 0.00338983 0.0169492 0.511864 0.0169492 0.00338983 0.111864 0.0779661 0.0372881 0.138983 0.0101695 0.00338983 0.00338983 0.0101695 0.0508475 
0.000532765 0.000532765 0.0825786 0.484283 0.0015983 0.00266383 0.420352 0.00266383 0.000532765 0.000532765 0.0015983 0.000532765 0.000532765 0.000532765 0.000532765 
0.00140647 0.00703235 0.00984529 0.293952 0.00140647 0.00140647 0.445851 0.00421941 0.00421941 0.00140647 0.00421941 0.00421941 0.00140647 0.175809 0.0436006 
0.592727 0.00121212 0.0375758 0.049697 0.00848485 0.00121212 0.151515 0.00363636 0.00848485 0.00121212 0.00363636 0.00121212 0.00121212 0.13697 0.00121212 
0.2147 0.00580271 0.0599613 0.566731 0.00193424 0.00580271 0.0599613 0.0174081 0.0174081 0.00967118 0.00967118 0.00580271 0.0212766 0.00193424 0.00193424 
0.015873 0.015873 0.365079 0.015873 0.047619 0.015873 0.047619 0.015873 0.047619 0.015873 0.0793651 0.015873 0.015873 0.015873 0.269841 
0.0471464 0.0173697 0.0124069 0.498759 0.00248139 0.0272953 0.275434 0.0173697 0.00248139 0.00248139 0.0124069 0.00744417 0.00248139 0.0124069 0.0620347 
0.00181269 0.00060423 0.00181269 0.00374622 0.295952 0.000362538 0.617885 0.000120846 0.00060423 0.00302115 0.0136556 0.00712991 0.0250151 0.0276737 0.00060423 
0.12381 0.00952381 0.142857 0.0666667 0.00952381 0.00952381 0.00952381 0.00952381 0.00952381 0.00952381 0.0285714 0.0285714 0.00952381 0.161905 0.371429 
0.0197802 0.032967 0.169231 0.217582 0.0153846 0.00659341 0.221978 0.0373626 0.010989 0.0021978 0.00659341 0.208791 0.010989 0.0021978 0.0373626 
0.024077 0.00481541 0.0979133 0.00160514 0.00160514 0.0304976 0.499197 0.00160514 0.00160514 0.0529695 0.00160514 0.0208668 0.011236 0.239165 0.011236 
0.0526316 0.115789 0.0105263 0.0105263 0.263158 0.0105263 0.0526316 0.0105263 0.0105263 0.0105263 0.0105263 0.0315789 0.0105263 0.0947368 0.305263 
0.00120048 0.00760304 0.314126 0.00280112 0.0836335 0.00040016 0.519808 0.00360144 0.0020008 0.00520208 0.00040016 0.0020008 0.0188075 0.0340136 0.00440176 
0.152542 0.0847458 0.0169492 0.0508475 0.0169492 0.0169492 0.0169492 0.0169492 0.0508475 0.0169492 0.0169492 0.0169492 0.0169492 0.118644 0.389831 
0.0214592 0.43225 0.0165543 0.0226855 0.00797057 0.00674433 0.0472103 0.297364 0.0141018 0.000613121 0.000613121 0.00919681 0.000613121 0.110975 0.0116493 
0.0958904 0.0684932 0.0136986 0.232877 0.0136986 0.0136986 0.0136986 0.0684932 0.0958904 0.0136986 0.0410959 0.0136986 0.0410959 0.0136986 0.260274 
0.014433 0.014433 0.0680412 0.00206186 0.101031 0.0927835 0.447423 0.00206186 0.014433 0.00206186 0.00206186 0.00618557 0.00206186 0.195876 0.0350515 
0.27249 0.00130378 0.0430248 0.0456323 0.0273794 0.0273794 0.246415 0.00912647 0.00130378 0.00130378 0.0065189 0.207301 0.0143416 0.0065189 0.0899609 
0.224044 0.0273224 0.224044 0.289617 0.00546448 0.00546448 0.00546448 0.0491803 0.00546448 0.0491803 0.0710383 0.0163934 0.0163934 0.00546448 0.00546448 
0.020979 0.034965 0.020979 0.00699301 0.0769231 0.0629371 0.496503 0.00699301 0.034965 0.00699301 0.00699301 0.00699301 0.00699301 0.00699301 0.202797 
0.00431655 0.00143885 0.56259 0.00143885 0.00143885 0.00143885 0.366906 0.0158273 0.00143885 0.00143885 0.00143885 0.00431655 0.00431655 0.0273381 0.00431655 
0.00303951 0.00303951 0.43465 0.0759878 0.00303951 0.0455927 0.325228 0.0273556 0.00303951 0.00303951 0.00303951 0.0151976 0.00911854 0.00303951 0.0455927 
0.0447761 0.0149254 0.0746269 0.104478 0.0447761 0.0149254 0.0447761 0.223881 0.0149254 0.0447761 0.0149254 0.0149254 0.0149254 0.0447761 0.283582 
0.253456 0.0138249 0.428571 0.00460829 0.16129 0.00460829 0.00460829 0.00460829 0.00460829 0.00460829 0.00460829 0.00460829 0.00460829 0.00460829 0.0967742 
0.124183 0.00653595 0.00653595 0.00653595 0.00653595 0.0326797 0.0196078 0.00653595 0.00653595 0.00653595 0.00653595 0.0196078 0.00653595 0.437908 0.30719 
0.178602 0.000862813 0.421915 0.000862813 0.0836928 0.000862813 0.29767 0.000862813 0.00258844 0.00258844 0.000862813 0.000862813 0.000862813 0.00603969 0.000862813 
0.0243902 0.00813008 0.0894309 0.0731707 0.300813 0.00813008 0.00813008 0.00813008 0.00813008 0.00813008 0.00813008 0.0243902 0.0243902 0.203252 0.203252 
0.0077352 0.0361576 0.0170894 0.0163699 0.0264436 0.00485699 0.592373 0.00233855 0.000539665 0.000179888 0.00377766 0.00413743 0.280446 0.00737543 0.000179888 
0.0819497 0.000535619 0.0133905 0.0123192 0.00589181 0.481521 0.365828 0.00267809 0.00160686 0.00267809 0.00482057 0.00267809 0.00160686 0.0208891 0.00160686 
0.406721 0.0104287 0.469293 0.00347625 0.00811124 0.00115875 0.0498262 0.00579374 0.00579374 0.00347625 0.0150637 0.00115875 0.00115875 0.0127462 0.00579374 
0.00809969 0.00311526 0.000623053 0.000623053 0.0392523 0.315888 0.425545 0.00436137 0.000623053 0.0654206 0.000623053 0.000623053 0.0267913 0.0666667 0.0417445 
0.2654 0.000575705 0.340242 0.0362694 0.0143926 0.035118 0.100748 0.000575705 0.00633276 0.00172712 0.0109384 0.00287853 0.00287853 0.177893 0.00402994 
0.0631907 0.00765089 0.0133182 0.0444885 0.060357 0.299518 0.475772 0.000283366 0.00311703 0.000850099 0.0025503 0.0025503 0.0025503 0.0235194 0.000283366 
0.0285714 0.0285714 0.0171429 0.0285714 0.00571429 0.0285714 0.0285714 0.00571429 0.0171429 0.00571429 0.00571429 0.00571429 0.00571429 0.382857 0.405714 
0.248973 0.000821693 0.0156122 0.413311 0.0123254 0.000821693 0.142153 0.00410846 0.00739523 0.00575185 0.00246508 0.000821693 0.0123254 0.125719 0.00739523 
0.000481 0.000481 0.021645 0.448773 0.000481 0.000481 0.468013 0.004329 0.000481 0.004329 0.000481 0.003367 0.00625301 0.039923 0.000481 
0.00578035 0.375723 0.0635838 0.32948 0.00578035 0.00578035 0.00578035 0.00578035 0.0404624 0.00578035 0.017341 0.0520231 0.00578035 0.00578035 0.0751445 
0.0171149 0.00244499 0.0268949 0.173594 0.0366748 0.0317848 0.491443 0.0171149 0.0122249 0.163814 0.00244499 0.00244499 0.00244499 0.00733496 0.0122249 
0.000187301 0.0196666 0.256415 0.0118 0.000187301 0.0110508 0.634763 0.0170444 0.000936505 0.0166698 0.00131111 0.000187301 0.00131111 0.0279078 0.000561903 
0.328094 0.000654879 0.000654879 0.000654879 0.000654879 0.000654879 0.0333988 0.0124427 0.000654879 0.00720367 0.00327439 0.000654879 0.00196464 0.601834 0.00720367 
0.284065 0.0192456 0.000769823 0.0192456 0.0177059 0.00538876 0.310239 0.00230947 0.00692841 0.000769823 0.034642 0.000769823 0.0115473 0.000769823 0.285604 
0.117088 0.000271665 0.00298832 0.182831 0.0263515 0.000271665 0.503396 0.0192882 0.00733496 0.0426515 0.0062483 0.063298 0.0105949 0.0133116 0.00407498 
0.172615 0.002185 0.00655499 0.0225783 0.433358 0.000728332 0.229425 0.0138383 0.000728332 0.000728332 0.000728332 0.000728332 0.00364166 0.107065 0.00509832 
0.047619 0.00529101 0.037037 0.460317 0.015873 0.015873 0.206349 0.00529101 0.00529101 0.00529101 0.00529101 0.00529101 0.00529101 0.015873 0.164021 
0.16318 0.0041841 0.146444 0.0209205 0.0041841 0.0041841 0.238494 0.0460251 0.0041841 0.0041841 0.0041841 0.0376569 0.0041841 0.154812 0.16318 
0.0769231 0.003663 0.003663 0.699634 0.010989 0.003663 0.018315 0.018315 0.003663 0.003663 0.003663 0.003663 0.003663 0.010989 0.135531 
0.137466 0.00269542 0.0512129 0.396226 0.00269542 0.0296496 0.0997305 0.0188679 0.0566038 0.0350404 0.0242588 0.00808625 0.0296496 0.00269542 0.105121 
0.172787 0.000602047 0.0391331 0.406382 0.0487658 0.00662252 0.25587 0.00541842 0.000602047 0.00301023 0.000602047 0.000602047 0.0138471 0.0198675 0.025888 
0.00116469 0.0216632 0.00256231 0.0379688 0.279292 0.00442581 0.58444 0.00582343 0.000232937 0.0128116 0.00955043 0.00116469 0.0379688 0.000232937 0.000698812 
0.000116509 0.000116509 0.000116509 0.000116509 0.000116509 0.000582547 0.497845 0.000116509 0.000349528 0.000116509 0.000116509 0.49901 0.000116509 0.00104858 0.000116509 
0.00196464 0.00196464 0.0255403 0.555992 0.00196464 0.00196464 0.143418 0.151277 0.00196464 0.0137525 0.00589391 0.00196464 0.0530452 0.0137525 0.0255403 
0.0989011 0.010989 0.274725 0.010989 0.0549451 0.0769231 0.032967 0.010989 0.010989 0.0769231 0.010989 0.032967 0.010989 0.010989 0.274725 
0.0909091 0.0649351 0.012987 0.220779 0.012987 0.038961 0.038961 0.012987 0.012987 0.012987 0.038961 0.0649351 0.012987 0.0649351 0.298701 
0.0285714 0.047619 0.238095 0.0666667 0.00952381 0.00952381 0.00952381 0.00952381 0.0285714 0.00952381 0.047619 0.0857143 0.0666667 0.161905 0.180952 
0.0321581 0.000387447 0.0368074 0.00348702 0.069353 0.000387447 0.52499 0.00116234 0.00116234 0.0058117 0.00116234 0.00193723 0.00116234 0.134444 0.185587 
0.0154435 0.00165922 0.0335673 0.0113593 0.0884493 0.00650925 0.549713 0.00319081 0.000893427 0.248756 0.000127632 0.0159541 0.00319081 0.0200383 0.00114869 
0.456567 0.00625434 0.00208478 0.000694927 0.421821 0.00208478 0.0826963 0.000694927 0.000694927 0.000694927 0.000694927 0.000694927 0.000694927 0.0229326 0.000694927 
0.0158395 0.590285 0.0031679 0.0031679 0.00105597 0.0031679 0.357973 0.0095037 0.00105597 0.00105597 0.00105597 0.00527983 0.0031679 0.00105597 0.0031679 
0.00611685 0.0048513 0.0158194 0.229277 0.0651761 0.000210926 0.60135 0.00105463 0.00147648 0.00105463 0.00189833 0.0111791 0.00400759 0.0537861 0.00274204 
0.398844 0.00578035 0.179191 0.0289017 0.00578035 0.00578035 0.0404624 0.0982659 0.00578035 0.0289017 0.00578035 0.16763 0.00578035 0.017341 0.00578035 
0.23647 0.339834 0.00536324 0.00243784 0.0160897 0.000487567 0.330083 0.01804 0.000487567 0.00341297 0.00341297 0.00341297 0.000487567 0.0394929 0.000487567 
0.0153846 0.0153846 0.261538 0.0153846 0.107692 0.0153846 0.0153846 0.0153846 0.0153846 0.0461538 0.0153846 0.0153846 0.0153846 0.2 0.230769 
0.364103 0.00512821 0.394872 0.00512821 0.00512821 0.00512821 0.0153846 0.00512821 0.0153846 0.025641 0.0358974 0.0153846 0.0153846 0.0769231 0.0153846 
0.102703 0.027027 0.145946 0.286486 0.00540541 0.0162162 0.0594595 0.00540541 0.00540541 0.0594595 0.00540541 0.0486486 0.0162162 0.027027 0.189189 
0.0526316 0.00584795 0.204678 0.380117 0.00584795 0.0292398 0.00584795 0.0175439 0.00584795 0.0175439 0.00584795 0.00584795 0.0175439 0.0526316 0.192982 
0.00606061 0.030303 0.0545455 0.321212 0.00606061 0.00606061 0.10303 0.0666667 0.0545455 0.0787879 0.00606061 0.00606061 0.00606061 0.00606061 0.248485 
0.0909091 0.0707071 0.252525 0.0909091 0.0505051 0.010101 0.010101 0.030303 0.0707071 0.010101 0.010101 0.010101 0.010101 0.010101 0.272727 
0.00645161 0.00645161 0.475269 0.0451613 0.00645161 0.0451613 0.169892 0.00215054 0.0150538 0.0150538 0.00215054 0.00215054 0.00645161 0.178495 0.0236559 
0.00599908 0.000461467 0.0263036 0.0263036 0.0272266 0.17305 0.573604 0.0604522 0.00784495 0.0161514 0.00230734 0.00507614 0.000461467 0.0733733 0.0013844 
0.0706889 0.000450248 0.357947 0.0184602 0.00495272 0.00225124 0.449797 0.000450248 0.00135074 0.00315173 0.000450248 0.00135074 0.00405223 0.0832958 0.00135074 
0.303704 0.000823045 0.0156379 0.000823045 0.000823045 0.392593 0.246091 0.000823045 0.000823045 0.000823045 0.00411523 0.000823045 0.000823045 0.0288066 0.00246914 
0.210174 0.00401606 0.0147256 0.651941 0.00133869 0.00133869 0.0548862 0.00133869 0.00669344 0.0120482 0.00401606 0.00133869 0.0200803 0.00669344 0.00937082 
0.012087 0.00241741 0.0491539 0.350524 0.000805802 0.000805802 0.56809 0.000805802 0.00402901 0.00241741 0.000805802 0.000805802 0.000805802 0.000805802 0.00564061 
0.116765 0.000454339 0.0149932 0.0386188 0.000454339 0.00318037 0.104952 0.549296 0.00772376 0.00227169 0.0386188 0.0186279 0.00590641 0.0949568 0.00318037 
0.0898551 0.350725 0.0492754 0.182609 0.00289855 0.00869565 0.101449 0.00289855 0.026087 0.0956522 0.00289855 0.00289855 0.00289855 0.00869565 0.0724638 
0.181619 0.00218818 0.448578 0.00218818 0.00218818 0.00656455 0.0459519 0.0196937 0.00218818 0.00218818 0.0109409 0.0109409 0.00218818 0.247265 0.0153173 
0.152882 0.0125313 0.0626566 0.338346 0.0426065 0.00250627 0.263158 0.00250627 0.00250627 0.0225564 0.0175439 0.00250627 0.00250627 0.0426065 0.0325815 
0.199245 0.01983 0.00849858 0.00283286 0.000944287 0.176582 0.497639 0.000944287 0.0179415 0.00283286 0.00849858 0.000944287 0.00283286 0.0462701 0.0141643 
0.00169779 0.0152801 0.00509338 0.00169779 0.00169779 0.00169779 0.409168 0.0118846 0.415959 0.00169779 0.00169779 0.00169779 0.00509338 0.0220713 0.103565 
0.0247427 0.00153273 0.00197066 0.0326254 0.389972 0.000218962 0.520035 0.00416028 0.00503613 0.00153273 0.0045982 0.00328443 0.000656886 0.000218962 0.00941537 
0.0852713 0.131783 0.131783 0.0852713 0.00775194 0.0232558 0.00775194 0.0697674 0.00775194 0.0387597 0.00775194 0.00775194 0.00775194 0.0387597 0.348837 
0.255549 0.00570704 0.0412175 0.0082435 0.000634115 0.00190235 0.0462904 0.000634115 0.0120482 0.00570704 0.000634115 0.000634115 0.0082435 0.611921 0.000634115 
0.013948 0.0113052 0.000146821 0.00425782 0.302892 0.0101307 0.62678 0.00660696 0.000440464 0.000146821 0.000146821 0.00719424 0.000146821 0.0110116 0.0048451 
0.183156 0.441287 0.0290996 0.021568 0.000342349 0.00171174 0.11948 0.135228 0.00102705 0.000342349 0.000342349 0.00102705 0.0167751 0.0475864 0.00102705 
0.0921554 0.00837776 0.291698 0.000761615 0.0510282 0.136329 0.399848 0.000761615 0.00228484 0.000761615 0.000761615 0.000761615 0.000761615 0.0129474 0.000761615 
0.0130246 0.00144718 0.00434153 0.232996 0.0448625 0.0188133 0.568741 0.00144718 0.00144718 0.00144718 0.00144718 0.00723589 0.00144718 0.0969609 0.00434153 
0.232598 0.0186757 0.0118846 0.449915 0.00169779 0.00509338 0.171477 0.00509338 0.00848896 0.00509338 0.00169779 0.00848896 0.00169779 0.0696095 0.00848896 
0.13126 0.000527148 0.000527148 0.265156 0.00158144 0.000527148 0.389562 0.00369004 0.000527148 0.0469162 0.000527148 0.0268846 0.000527148 0.0901423 0.0416447 
0.137725 0.00598802 0.377246 0.0658683 0.0419162 0.00598802 0.0179641 0.00598802 0.0299401 0.00598802 0.0179641 0.00598802 0.00598802 0.185629 0.0898204 
0.033557 0.00671141 0.342282 0.302013 0.00671141 0.0201342 0.0201342 0.033557 0.00671141 0.0738255 0.00671141 0.00671141 0.00671141 0.0201342 0.114094 
0.0267156 0.000523834 0.000523834 0.000523834 0.000523834 0.0015715 0.473023 0.079099 0.126244 0.0015715 0.00366684 0.000523834 0.0015715 0.270822 0.0130959 
0.122388 0.000995025 0.00298507 0.000995025 0.00298507 0.0189055 0.168159 0.000995025 0.0129353 0.078607 0.000995025 0.0149254 0.00895522 0.562189 0.00298507 
0.049236 0.00169779 0.00509338 0.582343 0.00169779 0.00169779 0.300509 0.00848896 0.00169779 0.00509338 0.00169779 0.00169779 0.00848896 0.00509338 0.0254669 
0.000189934 0.00132953 0.000189934 0.00626781 0.505793 0.00132953 0.467426 0.000569801 0.000189934 0.000569801 0.000189934 0.00550807 0.000189934 0.00816714 0.00208927 
0.0632447 0.00458295 0.459212 0.0705775 0.0192484 0.00091659 0.226398 0.00274977 0.00458295 0.0174152 0.00458295 0.00091659 0.035747 0.0870761 0.00274977 
0.0732833 0.000577034 0.00288517 0.0109636 0.0190421 0.000577034 0.0559723 0.698788 0.0271206 0.0017311 0.00403924 0.000577034 0.0802077 0.0178881 0.00634737 
0.782096 0.00902151 0.0340042 0.000693963 0.000693963 0.000693963 0.108952 0.000693963 0.000693963 0.00208189 0.056211 0.000693963 0.00208189 0.000693963 0.000693963 
0.0649895 0.106918 0.0943396 0.00209644 0.0356394 0.00209644 0.408805 0.00628931 0.0230608 0.0314465 0.00209644 0.00209644 0.111111 0.00209644 0.106918 
0.0491803 0.0163934 0.0491803 0.0163934 0.0163934 0.0163934 0.0163934 0.0491803 0.0163934 0.0491803 0.213115 0.0163934 0.213115 0.0163934 0.245902 
0.083567 0.000560852 0.00729108 0.0140213 0.41447 0.0117779 0.30903 0.064498 0.00280426 0.0207515 0.00616938 0.00392597 0.00392597 0.0330903 0.0241167 
0.177354 0.408434 0.0132871 0.000577701 0.000577701 0.000577701 0.270942 0.0121317 0.0155979 0.0017331 0.000577701 0.0259965 0.0571924 0.0144425 0.000577701 
0.0232558 0.0697674 0.0232558 0.0232558 0.0232558 0.116279 0.0232558 0.0232558 0.0232558 0.0232558 0.162791 0.0232558 0.0232558 0.0232558 0.395349 
0.0153846 0.0461538 0.0153846 0.0153846 0.0461538 0.0153846 0.0153846 0.0461538 0.353846 0.0461538 0.0153846 0.0769231 0.0153846 0.0153846 0.261538 
0.037037 0.0123457 0.0123457 0.037037 0.0123457 0.0123457 0.037037 0.037037 0.037037 0.0123457 0.111111 0.0123457 0.037037 0.037037 0.555556 
0.0168856 0.748593 0.00187617 0.00187617 0.00187617 0.0131332 0.185741 0.00187617 0.00562852 0.00187617 0.00187617 0.00187617 0.00562852 0.00938086 0.00187617 
0.0907067 0.000556483 0.000556483 0.000556483 0.000556483 0.00389538 0.456873 0.000556483 0.000556483 0.000556483 0.000556483 0.00723428 0.431274 0.000556483 0.00500835 
0.0153846 0.0153846 0.0461538 0.0153846 0.538462 0.0153846 0.0153846 0.0153846 0.0153846 0.0153846 0.0153846 0.0461538 0.0153846 0.0153846 0.2 
0.0012815 0.000427168 0.00213584 0.0149509 0.0807347 0.000427168 0.272106 0.237078 0.00213584 0.000427168 0.310551 0.00299018 0.04827 0.0234942 0.00299018 
0.191011 0.011236 0.0337079 0.0337079 0.011236 0.101124 0.0561798 0.011236 0.011236 0.0337079 0.0337079 0.011236 0.0561798 0.011236 0.393258 
0.00451671 0.000903342 0.0063234 0.00813008 0.140018 0.445348 0.322493 0.00993677 0.00271003 0.000903342 0.0352304 0.000903342 0.00271003 0.00271003 0.0171635 
0.0545455 0.0909091 0.0181818 0.0181818 0.0545455 0.0181818 0.0181818 0.0545455 0.0909091 0.0181818 0.0181818 0.0181818 0.127273 0.0181818 0.381818 
0.0114943 0.0574713 0.0114943 0.0114943 0.0344828 0.0574713 0.0114943 0.0114943 0.149425 0.0344828 0.0114943 0.0114943 0.0114943 0.0114943 0.563218 
0.245409 0.00500835 0.00166945 0.00166945 0.00166945 0.00166945 0.0751252 0.00166945 0.616027 0.0116861 0.00500835 0.00166945 0.0116861 0.00834725 0.0116861 
0.164557 0.00759494 0.0177215 0.00759494 0.00253165 0.00253165 0.139241 0.0177215 0.518987 0.00253165 0.0227848 0.0126582 0.0329114 0.00253165 0.0481013 
0.191011 0.011236 0.0337079 0.011236 0.011236 0.0337079 0.011236 0.011236 0.168539 0.0337079 0.0337079 0.0561798 0.0786517 0.011236 0.303371 
0.388027 0.000316756 0.000316756 0.000316756 0.00158378 0.000316756 0.000316756 0.000316756 0.604054 0.000316756 0.000950269 0.000950269 0.000316756 0.000316756 0.00158378 
0.00854701 0.00854701 0.00854701 0.00854701 0.00854701 0.00854701 0.042735 0.025641 0.504274 0.00854701 0.00854701 0.00854701 0.00854701 0.025641 0.316239 
0.343465 0.00506586 0.00101317 0.029382 0.00101317 0.00101317 0.0111449 0.00101317 0.0820669 0.00101317 0.47923 0.00101317 0.00101317 0.00303951 0.0395137 
0.0114943 0.0344828 0.0114943 0.0114943 0.0114943 0.0344828 0.0114943 0.0114943 0.103448 0.0344828 0.287356 0.0114943 0.0114943 0.0114943 0.402299 
0.18091 0.0144284 0.00110988 0.0122087 0.0099889 0.0144284 0.0854606 0.00110988 0.642619 0.00776915 0.00332963 0.00110988 0.00332963 0.0210877 0.00110988 
0.207962 0.000686342 0.000686342 0.000686342 0.000686342 0.000686342 0.000686342 0.28895 0.000686342 0.000686342 0.489362 0.000686342 0.00617708 0.000686342 0.000686342 
0.173554 0.0578512 0.00826446 0.00826446 0.00826446 0.00826446 0.0247934 0.00826446 0.0578512 0.0247934 0.0247934 0.00826446 0.0247934 0.0578512 0.504132 
0.0163934 0.213115 0.0491803 0.0163934 0.0491803 0.0163934 0.0163934 0.0491803 0.0163934 0.0163934 0.0163934 0.0163934 0.0163934 0.0819672 0.409836 
0.0126582 0.0632911 0.0126582 0.113924 0.0126582 0.0886076 0.0632911 0.0126582 0.113924 0.0126582 0.0126582 0.0126582 0.0379747 0.0126582 0.417722 
0.011236 0.0337079 0.101124 0.235955 0.011236 0.011236 0.011236 0.0337079 0.0786517 0.011236 0.0561798 0.011236 0.011236 0.011236 0.370787 
0.0526316 0.0175439 0.0175439 0.0526316 0.0526316 0.0526316 0.0175439 0.0175439 0.0526316 0.0877193 0.0526316 0.0175439 0.0175439 0.0175439 0.473684 
0.0138597 0.00881982 0.00125997 0.000419992 0.000419992 0.00125997 0.421252 0.000419992 0.000419992 0.00545989 0.543889 0.00125997 0.000419992 0.000419992 0.000419992 
0.0232558 0.0232558 0.0232558 0.0232558 0.0232558 0.0697674 0.0697674 0.0232558 0.0232558 0.0232558 0.255814 0.0232558 0.0232558 0.0232558 0.348837 
0.0140845 0.0422535 0.0985915 0.0140845 0.0704225 0.183099 0.0422535 0.0140845 0.183099 0.0140845 0.0704225 0.0140845 0.0704225 0.0140845 0.15493 
0.00598802 0.0658683 0.00598802 0.0299401 0.00598802 0.0419162 0.209581 0.00598802 0.00598802 0.00598802 0.0179641 0.00598802 0.0538922 0.00598802 0.532934 
0.0149254 0.0149254 0.0149254 0.0447761 0.0447761 0.0746269 0.0149254 0.164179 0.0746269 0.0149254 0.0149254 0.0149254 0.0447761 0.0149254 0.432836 
0.139241 0.0886076 0.0126582 0.0126582 0.0126582 0.0126582 0.139241 0.0126582 0.0632911 0.0126582 0.0886076 0.0126582 0.0126582 0.0126582 0.367089 
0.00151469 0.00151469 0.000302939 0.00878522 0.000302939 0.000302939 0.455317 0.000302939 0.000302939 0.000302939 0.000302939 0.000302939 0.528628 0.00151469 0.000302939 
0.00250878 0.0145509 0.00551932 0.0627195 0.022579 0.00652283 0.366784 0.0446563 0.00150527 0.00551932 0.00551932 0.000501756 0.408931 0.0486703 0.00351229 
0.0379747 0.0126582 0.0126582 0.316456 0.0126582 0.0126582 0.0126582 0.0632911 0.0379747 0.0126582 0.0126582 0.0126582 0.0126582 0.0126582 0.417722 
0.0123457 0.0617284 0.0123457 0.0123457 0.0123457 0.0123457 0.0617284 0.037037 0.0123457 0.0123457 0.0123457 0.0617284 0.0123457 0.0123457 0.654321 
0.389356 0.0140056 0.000933707 0.00466853 0.000933707 0.00653595 0.187675 0.0438842 0.309057 0.000933707 0.00653595 0.00280112 0.000933707 0.0140056 0.0177404 
0.121614 0.000531067 0.0504514 0.015401 0.0642592 0.000531067 0.464684 0.000531067 0.000531067 0.00584174 0.219331 0.0207116 0.0323951 0.000531067 0.00265534 
0.202952 0.00369004 0.00369004 0.00369004 0.00369004 0.00369004 0.0332103 0.00369004 0.0553506 0.00369004 0.0110701 0.00369004 0.0258303 0.0184502 0.623616 
0.165315 0.00062383 0.00561447 0.0118528 0.00187149 0.00187149 0.416095 0.0155958 0.115409 0.00187149 0.00810979 0.00187149 0.252651 0.00062383 0.00062383 
0.0649351 0.012987 0.012987 0.012987 0.012987 0.038961 0.0649351 0.012987 0.038961 0.012987 0.116883 0.012987 0.0649351 0.0649351 0.454545 
0.0163934 0.0163934 0.0163934 0.0163934 0.0819672 0.0163934 0.0163934 0.0491803 0.0163934 0.0163934 0.278689 0.0163934 0.0491803 0.0163934 0.377049 
0.0666667 0.0222222 0.0222222 0.0222222 0.0222222 0.0222222 0.0666667 0.0222222 0.0222222 0.0222222 0.0222222 0.0222222 0.0222222 0.0222222 0.6 
0.0133333 0.0666667 0.0133333 0.0133333 0.0133333 0.0133333 0.04 0.04 0.0133333 0.0666667 0.0133333 0.0133333 0.0133333 0.0133333 0.653333 
0.199467 0.00133274 0.000444247 0.00133274 0.384274 0.000444247 0.399378 0.000444247 0.00399822 0.000444247 0.000444247 0.000444247 0.00666371 0.000444247 0.000444247 
0.000120265 0.000360794 0.000841852 0.000360794 0.000120265 0.000120265 0.549248 0.00132291 0.00156344 0.000120265 0.437883 0.000601323 0.000601323 0.000601323 0.00613349 
0.0408922 0.063197 0.0185874 0.00371747 0.0557621 0.0855019 0.063197 0.0855019 0.063197 0.0334572 0.330855 0.0557621 0.00371747 0.0780669 0.0185874 
0.207632 0.158249 0.0976431 0.0123457 0.00112233 0.00112233 0.0347924 0.265993 0.037037 0.00785634 0.0123457 0.003367 0.0864198 0.0505051 0.023569 
0.127647 0.00057241 0.00286205 0.00057241 0.0131654 0.0234688 0.412707 0.00286205 0.00057241 0.00286205 0.00858615 0.00171723 0.401259 0.00057241 0.00057241 
0.0518519 0.00740741 0.125926 0.037037 0.00740741 0.0518519 0.0222222 0.00740741 0.00740741 0.00740741 0.00740741 0.00740741 0.037037 0.0222222 0.6 
0.006886 0.00382555 0.0359602 0.0405509 0.120122 0.0405509 0.184392 0.00994644 0.000765111 0.000765111 0.000765111 0.000765111 0.371079 0.162969 0.020658 
0.020451 0.000524384 0.000524384 0.00576822 0.00367069 0.00157315 0.417934 0.00471945 0.00157315 0.000524384 0.024646 0.487153 0.0298899 0.000524384 0.000524384 
0.0897638 0.0519685 0.00787402 0.237795 0.00472441 0.00787402 0.275591 0.00472441 0.080315 0.0141732 0.0362205 0.0866142 0.080315 0.00472441 0.0173228 
0.105882 0.223529 0.0117647 0.0352941 0.0117647 0.0117647 0.105882 0.0117647 0.0117647 0.0588235 0.0117647 0.0352941 0.0117647 0.0117647 0.341176 
0.00137931 0.00137931 0.0289655 0.00137931 0.00689655 0.00137931 0.252414 0.00137931 0.663448 0.00137931 0.00413793 0.00137931 0.00137931 0.00137931 0.0317241 
0.0240911 0.00043802 0.00043802 0.00043802 0.00306614 0.00043802 0.272887 0.00043802 0.682873 0.00043802 0.00131406 0.0021901 0.00481822 0.0021901 0.00394218 
0.00900901 0.00900901 0.00900901 0.00900901 0.045045 0.0810811 0.027027 0.0810811 0.567568 0.027027 0.00900901 0.00900901 0.00900901 0.00900901 0.0990991 
0.126761 0.0422535 0.0140845 0.0422535 0.0140845 0.0140845 0.0140845 0.0140845 0.0140845 0.0140845 0.0140845 0.0422535 0.15493 0.0704225 0.408451 
0.000482393 0.000482393 0.000482393 0.000482393 0.000482393 0.642065 0.349735 0.000482393 0.000482393 0.000482393 0.00144718 0.000482393 0.000482393 0.000482393 0.00144718 
0.268659 0.071397 0.00014721 0.598999 0.00014721 0.00014721 0.0490211 0.00603562 0.0042691 0.00014721 0.00014721 0.00014721 0.000441631 0.00014721 0.00014721 
0.0163934 0.0163934 0.0163934 0.0163934 0.0163934 0.0819672 0.0819672 0.0163934 0.0163934 0.0491803 0.0491803 0.0163934 0.278689 0.0163934 0.311475 
