0.00759745 0.00081304 0.272189 0.197561 0.165335 0.146678 0.00420524 0.00081304 0.00081304 0.00250914 0.00250914 0.0262546 0.0177741 0.00250914 0.0228624 0.00759745 0.00081304 0.016078 0.00420524 0.100883 
0.00669614 0.146386 0.00669614 0.0206651 0.0206651 0.118448 0.00669614 0.118448 0.00669614 0.0346341 0.0346341 0.00669614 0.00669614 0.0206651 0.0206651 0.104479 0.00669614 0.00669614 0.244169 0.0625721 
0.00449733 0.00449733 0.0232613 0.00449733 0.0138793 0.229665 0.0232613 0.0232613 0.00449733 0.00449733 0.0138793 0.00449733 0.0795533 0.0138793 0.0138793 0.00449733 0.0326433 0.192137 0.304721 0.00449733 
0.0121089 0.0878911 0.0121089 0.0626304 0.0121089 0.39102 0.0121089 0.0121089 0.0121089 0.0373696 0.0121089 0.0121089 0.0121089 0.0373696 0.0878911 0.0626304 0.0121089 0.0121089 0.0121089 0.0878911 
0.00453993 0.184486 0.061365 0.0234816 0.0140108 0.354961 0.0140108 0.00453993 0.146603 0.0329525 0.0140108 0.0518942 0.0424233 0.00453993 0.00453993 0.00453993 0.00453993 0.00453993 0.0234816 0.00453993 
0.0102895 0.0102895 0.439592 0.0102895 0.0317546 0.0746849 0.0102895 0.0102895 0.0102895 0.0102895 0.0532198 0.0532198 0.0102895 0.0102895 0.0317546 0.0317546 0.0317546 0.0317546 0.117615 0.0102895 
0.00740895 0.085148 0.014025 0.199275 0.00575493 0.00575493 0.358061 0.0239492 0.0173331 0.12319 0.000792868 0.00740895 0.0173331 0.000792868 0.0206411 0.000792868 0.088456 0.00244689 0.00410091 0.0173331 
0.00291449 0.0935393 0.000944386 0.327982 0.00291449 0.0364063 0.235387 0.000944386 0.0068547 0.0442867 0.000944386 0.00882481 0.00291449 0.012765 0.00882481 0.000944386 0.11324 0.0107949 0.0048846 0.0836888 
0.00615646 0.584781 0.00340764 0.158715 0.00203324 0.099616 0.000658832 0.0308958 0.00890527 0.00340764 0.00478205 0.0102797 0.00203324 0.00340764 0.0473886 0.00203324 0.00615646 0.00340764 0.000658832 0.0212749 
0.00594832 0.154855 0.00594832 0.0431751 0.00594832 0.00594832 0.0183572 0.179673 0.00594832 0.00594832 0.00594832 0.0431751 0.00594832 0.10522 0.154855 0.00594832 0.0183572 0.00594832 0.2169 0.00594832 
0.019067 0.019067 0.0319558 0.00617832 0.0319558 0.431506 0.019067 0.0448445 0.019067 0.00617832 0.00617832 0.00617832 0.0319558 0.0577332 0.019067 0.0577332 0.00617832 0.173732 0.00617832 0.00617832 
0.0151888 0.0573842 0.0011237 0.378538 0.0105005 0.383226 0.0011237 0.0011237 0.0269098 0.0011237 0.0011237 0.0011237 0.0105005 0.0011237 0.0315981 0.0011237 0.0105005 0.0480074 0.00581208 0.0128446 
0.0412513 0.0044145 0.0044145 0.0504605 0.0044145 0.593803 0.0044145 0.0412513 0.0320421 0.0044145 0.0136237 0.0228329 0.0044145 0.0044145 0.0136237 0.0504605 0.0136237 0.0320421 0.0596697 0.0044145 
0.0194963 0.0194963 0.0194963 0.0194963 0.0194963 0.0601679 0.0194963 0.0194963 0.0194963 0.0601679 0.0194963 0.0194963 0.0601679 0.0601679 0.0194963 0.10084 0.304198 0.0194963 0.0194963 0.10084 
0.00337517 0.00201386 0.0482984 0.625493 0.00473648 0.0237948 0.00337517 0.00473648 0.0129043 0.000652554 0.00473648 0.0142656 0.000652554 0.00201386 0.158564 0.0605501 0.00473648 0.0210722 0.00337517 0.000652554 
0.0050679 0.174224 0.0262124 0.131935 0.0050679 0.0050679 0.0262124 0.0050679 0.0050679 0.216513 0.0050679 0.0156402 0.0050679 0.0473569 0.0050679 0.0367847 0.0050679 0.258802 0.0156402 0.0050679 
0.00148598 0.00148598 0.0107858 0.233981 0.0107858 0.0820844 0.0696846 0.00148598 0.00148598 0.0386852 0.00148598 0.00148598 0.00148598 0.00148598 0.00148598 0.00768585 0.00148598 0.525375 0.00458592 0.00148598 
0.00282662 0.05 0.144347 0.2269 0.00282662 0.215107 0.00872329 0.00282662 0.00282662 0.126657 0.01462 0.00282662 0.00282662 0.00282662 0.03231 0.03231 0.00872329 0.0264133 0.0912767 0.00282662 
0.00176502 0.0128112 0.00176502 0.185868 0.0128112 0.509889 0.00544708 0.00176502 0.00912914 0.00176502 0.00176502 0.00544708 0.00912914 0.0201753 0.00912914 0.0275394 0.00176502 0.17114 0.00912914 0.00176502 
0.0273699 0.00529168 0.00529168 0.314386 0.00529168 0.038409 0.00529168 0.00529168 0.00529168 0.00529168 0.00529168 0.00529168 0.00529168 0.00529168 0.0163308 0.402699 0.0715262 0.00529168 0.0273699 0.038409 
0.0105152 0.0105152 0.0543872 0.0324512 0.0105152 0.0763232 0.0105152 0.0105152 0.0324512 0.0105152 0.0105152 0.0105152 0.0105152 0.0324512 0.0105152 0.0105152 0.0324512 0.536979 0.0105152 0.0763232 
0.00553613 0.0170852 0.00553613 0.121027 0.00553613 0.00553613 0.178772 0.00553613 0.00553613 0.00553613 0.00553613 0.0170852 0.00553613 0.0170852 0.00553613 0.0401833 0.0170852 0.479047 0.0517324 0.00553613 
0.00587541 0.00587541 0.00587541 0.00587541 0.00587541 0.177471 0.0794164 0.0181322 0.00587541 0.0181322 0.116187 0.10393 0.0426459 0.10393 0.0426459 0.0671596 0.0303891 0.00587541 0.140701 0.0181322 
0.100244 0.0884219 0.0411334 0.0174892 0.0174892 0.13571 0.00566703 0.00566703 0.0884219 0.0411334 0.112066 0.0529555 0.0411334 0.0765998 0.00566703 0.00566703 0.0765998 0.0174892 0.0411334 0.0293113 
0.00263424 0.00441491 0.0293443 0.260831 0.00619558 0.495879 0.00975691 0.000853577 0.0257829 0.00975691 0.0293443 0.00441491 0.0293443 0.00797625 0.00619558 0.00441491 0.00441491 0.0240023 0.0382476 0.00619558 
0.0248268 0.427598 0.00804465 0.0583911 0.00804465 0.00804465 0.108737 0.00804465 0.00804465 0.00804465 0.00804465 0.00804465 0.00804465 0.0248268 0.0416089 0.108737 0.0751732 0.0248268 0.00804465 0.0248268 
0.00667976 0.000714833 0.0916799 0.392908 0.000714833 0.000714833 0.0111534 0.00817099 0.000714833 0.00220606 0.00667976 0.000714833 0.00518852 0.000714833 0.0245745 0.000714833 0.00220606 0.00667976 0.117031 0.319838 
0.0365402 0.00391034 0.1018 0.00391034 0.00391034 0.0120678 0.199689 0.00391034 0.0446977 0.0936424 0.00391034 0.0365402 0.00391034 0.00391034 0.00391034 0.0120678 0.0610126 0.06917 0.256792 0.0446977 
0.00348403 0.177919 0.0907015 0.0252884 0.00348403 0.0252884 0.00348403 0.00348403 0.112506 0.00348403 0.0180203 0.0761652 0.127042 0.00348403 0.00348403 0.308745 0.00348403 0.00348403 0.00348403 0.00348403 
0.0393581 0.0127532 0.0925677 0.0127532 0.0127532 0.0127532 0.0659629 0.0127532 0.0127532 0.0127532 0.0127532 0.0127532 0.0127532 0.0127532 0.0659629 0.0127532 0.0127532 0.358616 0.0659629 0.145777 
0.00625899 0.215171 0.00625899 0.032373 0.019316 0.149886 0.00625899 0.019316 0.032373 0.00625899 0.0584871 0.019316 0.032373 0.00625899 0.04543 0.019316 0.00625899 0.254342 0.0584871 0.00625899 
0.00105449 0.00545409 0.00325429 0.322225 0.00105449 0.00325429 0.601599 0.00325429 0.00325429 0.0208527 0.00985368 0.00105449 0.00105449 0.00325429 0.00325429 0.00545409 0.00105449 0.00545409 0.00325429 0.00105449 
0.0203916 0.193107 0.0286162 0.0450653 0.00394251 0.168434 0.0286162 0.0121671 0.00394251 0.00394251 0.0121671 0.00394251 0.00394251 0.00394251 0.0368407 0.00394251 0.00394251 0.382272 0.0368407 0.00394251 
0.0240451 0.0186935 0.00799048 0.181023 0.00263894 0.00263894 0.00442279 0.0900473 0.0008551 0.0008551 0.00442279 0.0222612 0.0008551 0.00263894 0.505683 0.0151259 0.0240451 0.0829119 0.00442279 0.00442279 
0.00604839 0.0142254 0.0224025 0.0469336 0.00195987 0.627504 0.00604839 0.018314 0.00195987 0.00195987 0.00604839 0.00195987 0.00195987 0.00195987 0.00195987 0.00195987 0.026491 0.173678 0.026491 0.0101369 
0.032373 0.202114 0.00625899 0.00625899 0.00625899 0.00625899 0.032373 0.00625899 0.00625899 0.032373 0.04543 0.110715 0.00625899 0.0976581 0.019316 0.00625899 0.332684 0.032373 0.00625899 0.00625899 
0.0212591 0.0356295 0.05 0.337409 0.0068886 0.107482 0.0068886 0.0068886 0.0068886 0.0212591 0.0212591 0.0068886 0.0068886 0.0212591 0.0068886 0.0356295 0.05 0.0787409 0.0068886 0.164964 
0.00120871 0.0163378 0.0592035 0.046596 0.0188593 0.102069 0.318919 0.00120871 0.00120871 0.00120871 0.00120871 0.0314669 0.00120871 0.056682 0.0541605 0.00877325 0.00625174 0.218059 0.0541605 0.00120871 
0.000771184 0.18739 0.0329469 0.0184678 0.024903 0.00720632 0.00559754 0.00237997 0.000771184 0.00398875 0.0329469 0.0136415 0.116604 0.00559754 0.263003 0.0731665 0.000771184 0.0136415 0.193825 0.00237997 
0.0755269 0.0244731 0.0244731 0.0244731 0.0244731 0.432904 0.0244731 0.0755269 0.0244731 0.0244731 0.0244731 0.0244731 0.0244731 0.0244731 0.0244731 0.0244731 0.0244731 0.0244731 0.0244731 0.0244731 
0.00517737 0.015978 0.156386 0.177988 0.00517737 0.296794 0.00517737 0.00517737 0.00517737 0.0375793 0.0483799 0.015978 0.0591805 0.00517737 0.00517737 0.0591805 0.00517737 0.0267786 0.00517737 0.0591805 
0.0169139 0.0305576 0.0373795 0.119242 0.00327012 0.33072 0.282967 0.0169139 0.00327012 0.010092 0.00327012 0.00327012 0.0851327 0.010092 0.0169139 0.00327012 0.0169139 0.00327012 0.00327012 0.00327012 
0.121711 0.0167683 0.0167683 0.0867298 0.0167683 0.191672 0.051749 0.0167683 0.051749 0.0167683 0.0167683 0.0167683 0.0167683 0.0167683 0.0867298 0.0167683 0.0167683 0.0867298 0.051749 0.0867298 
0.0950978 0.0131018 0.0404338 0.0131018 0.0131018 0.0404338 0.0131018 0.0131018 0.0404338 0.0950978 0.0131018 0.0131018 0.0404338 0.0404338 0.0131018 0.0131018 0.0131018 0.368418 0.0677658 0.0404338 
0.00234305 0.0805493 0.00234305 0.00234305 0.00234305 0.33472 0.0267825 0.00234305 0.0170067 0.00234305 0.00234305 0.0756614 0.00234305 0.00234305 0.0267825 0.0170067 0.0316704 0.0218946 0.344496 0.00234305 
0.00791187 0.00791187 0.123448 0.0739325 0.024417 0.024417 0.00791187 0.00791187 0.00791187 0.205974 0.00791187 0.00791187 0.00791187 0.024417 0.0409222 0.024417 0.024417 0.338015 0.024417 0.00791187 
0.00425044 0.0494503 0.000585592 0.0262395 0.00180721 0.000585592 0.00547206 0.0201315 0.00302883 0.0384557 0.00791529 0.00180721 0.000585592 0.00302883 0.00425044 0.202152 0.000585592 0.579632 0.040899 0.00913691 
0.000498507 0.0795345 0.0181776 0.348881 0.00361835 0.445596 0.0316969 0.0025784 0.0202575 0.00881809 0.0244173 0.000498507 0.00153845 0.00153845 0.0046583 0.000498507 0.000498507 0.000498507 0.000498507 0.00569824 
0.0109977 0.0109977 0.0109977 0.0109977 0.0109977 0.0109977 0.607504 0.0109977 0.0109977 0.0339402 0.0109977 0.0339402 0.0109977 0.0109977 0.0339402 0.0109977 0.0339402 0.0339402 0.0339402 0.0568828 
0.00135188 0.0464748 0.00135188 0.224146 0.00135188 0.59077 0.0154528 0.0126326 0.00135188 0.0239133 0.00135188 0.00135188 0.018273 0.0126326 0.00135188 0.00135188 0.00135188 0.00699224 0.00417206 0.0323739 
0.00913855 0.0224811 0.0108064 0.12255 0.00079948 0.00079948 0.014142 0.00079948 0.00413511 0.00246729 0.00580292 0.00079948 0.00079948 0.00079948 0.00079948 0.69461 0.0174776 0.0875258 0.00246729 0.00079948 
0.00195789 0.000634418 0.0681316 0.0840133 0.00195789 0.105189 0.000634418 0.000634418 0.000634418 0.000634418 0.00195789 0.458556 0.000634418 0.00460484 0.185921 0.00195789 0.000634418 0.00328137 0.0773959 0.000634418 
0.000757774 0.00233858 0.000757774 0.301112 0.000757774 0.580915 0.00233858 0.000757774 0.000757774 0.000757774 0.000757774 0.000757774 0.00391939 0.00233858 0.000757774 0.0877023 0.00233858 0.00866182 0.000757774 0.000757774 
0.051749 0.0167683 0.0167683 0.0167683 0.121711 0.121711 0.051749 0.0167683 0.0167683 0.051749 0.0167683 0.051749 0.0167683 0.0167683 0.051749 0.0167683 0.0867298 0.0867298 0.051749 0.121711 
0.0162016 0.0162016 0.0162016 0.117597 0.0162016 0.0837984 0.0162016 0.0162016 0.0162016 0.117597 0.0162016 0.0162016 0.05 0.0837984 0.0162016 0.117597 0.185194 0.05 0.0162016 0.0162016 
0.0115047 0.00372788 0.0814961 0.29147 0.00372788 0.128157 0.0115047 0.0192815 0.0115047 0.0115047 0.00372788 0.00372788 0.0115047 0.0581657 0.0115047 0.0192815 0.283694 0.00372788 0.0192815 0.0115047 
0.000919037 0.0565186 0.0239257 0.370943 0.000919037 0.0526841 0.0354291 0.000919037 0.0105052 0.000919037 0.000919037 0.000919037 0.000919037 0.000919037 0.0335119 0.00475349 0.000919037 0.00475349 0.000919037 0.397785 
0.00204341 0.00204341 0.0148318 0.415536 0.00204341 0.0233575 0.424061 0.0148318 0.0276203 0.00204341 0.010569 0.00204341 0.00204341 0.00204341 0.00204341 0.00204341 0.0276203 0.00630622 0.010569 0.00630622 
0.000790254 0.0271673 0.0123302 0.203564 0.000790254 0.391501 0.00243882 0.032113 0.0172759 0.00573596 0.0255188 0.0172759 0.000790254 0.000790254 0.177187 0.0354102 0.00573596 0.000790254 0.0354102 0.00738452 
0.0127532 0.0127532 0.0127532 0.0659629 0.0127532 0.438431 0.225592 0.0127532 0.0127532 0.0127532 0.0127532 0.0127532 0.0127532 0.0127532 0.0127532 0.0127532 0.0659629 0.0127532 0.0127532 0.0127532 
0.100597 0.0138594 0.0138594 0.0138594 0.0138594 0.245159 0.0716843 0.0138594 0.0427719 0.129509 0.0138594 0.0716843 0.0138594 0.0716843 0.0138594 0.0716843 0.0138594 0.0427719 0.0138594 0.0138594 
0.0180297 0.093254 0.0180297 0.0556418 0.130866 0.0180297 0.0180297 0.0180297 0.0180297 0.0180297 0.0180297 0.0556418 0.0180297 0.0180297 0.0180297 0.0180297 0.0556418 0.356539 0.0180297 0.0180297 
0.00471722 0.0331884 0.0223423 0.137583 0.0006499 0.593122 0.00336144 0.00336144 0.0223423 0.0006499 0.0006499 0.0006499 0.0006499 0.0006499 0.00336144 0.0006499 0.0142076 0.0589481 0.0481019 0.0508135 
0.0131018 0.39575 0.0131018 0.0404338 0.0677658 0.0131018 0.0131018 0.0131018 0.0404338 0.0131018 0.0131018 0.0131018 0.0677658 0.0131018 0.0677658 0.0131018 0.0950978 0.0131018 0.0677658 0.0131018 
0.00425766 0.0841957 0.00425766 0.0486677 0.0131397 0.519414 0.0131397 0.00425766 0.00425766 0.00425766 0.0131397 0.0664317 0.00425766 0.0131397 0.0309037 0.0486677 0.00425766 0.00425766 0.110842 0.00425766 
0.0471476 0.0661636 0.104196 0.104196 0.0091155 0.0091155 0.0091155 0.0091155 0.0091155 0.142228 0.0471476 0.0281315 0.0661636 0.0281315 0.0471476 0.0091155 0.0091155 0.237308 0.0091155 0.0091155 
0.0836642 0.0115266 0.0115266 0.0596184 0.0115266 0.0115266 0.0355725 0.0355725 0.0115266 0.0115266 0.0355725 0.0115266 0.0115266 0.0355725 0.22794 0.0115266 0.0355725 0.324123 0.0115266 0.0115266 
0.00232037 0.0313638 0.00716094 0.205624 0.00716094 0.0700884 0.00716094 0.00232037 0.00232037 0.00716094 0.00716094 0.00232037 0.00232037 0.00232037 0.0120015 0.0313638 0.00232037 0.481537 0.0991318 0.0168421 
0.081071 0.081071 0.0218882 0.140254 0.00709244 0.199437 0.317802 0.0218882 0.00709244 0.0218882 0.00709244 0.00709244 0.00709244 0.00709244 0.00709244 0.00709244 0.00709244 0.0366839 0.00709244 0.00709244 
0.00792851 0.0883199 0.0400851 0.157992 0.00256908 0.0347256 0.0454445 0.0615228 0.0132879 0.0132879 0.00256908 0.0347256 0.0186474 0.0347256 0.0400851 0.00256908 0.0132879 0.00792851 0.0883199 0.291978 
0.0156719 0.0483653 0.0483653 0.113752 0.0156719 0.146446 0.0156719 0.0483653 0.0156719 0.0483653 0.179139 0.0156719 0.0483653 0.0483653 0.0810588 0.0156719 0.0156719 0.0483653 0.0156719 0.0156719 
0.0118106 0.0118106 0.0364489 0.0118106 0.0364489 0.0610873 0.233556 0.0118106 0.0364489 0.0118106 0.0364489 0.0857256 0.0118106 0.208917 0.0118106 0.0610873 0.0118106 0.0118106 0.0857256 0.0118106 
0.000684223 0.0106758 0.014958 0.351818 0.000684223 0.534522 0.0420781 0.00353897 0.000684223 0.00496635 0.000684223 0.00496635 0.0021116 0.0163853 0.00496635 0.000684223 0.000684223 0.00353897 0.000684223 0.000684223 
0.0173761 0.126122 0.19862 0.0173761 0.0536249 0.0898736 0.126122 0.0173761 0.0536249 0.0173761 0.0173761 0.0536249 0.0173761 0.0536249 0.0173761 0.0536249 0.0173761 0.0173761 0.0173761 0.0173761 
0.0250687 0.0268 0.000829932 0.36268 0.00602395 0.0302627 0.139337 0.0146807 0.000829932 0.000829932 0.00429261 0.00775529 0.0631582 0.000829932 0.011218 0.000829932 0.277844 0.0181433 0.000829932 0.00775529 
0.00250489 0.0516086 0.0803935 0.151509 0.0194372 0.000811663 0.000811663 0.0228237 0.0262101 0.000811663 0.00419812 0.00758458 0.00250489 0.000811663 0.554498 0.000811663 0.039756 0.0143575 0.0143575 0.00419812 
0.01471 0.106771 0.045397 0.01471 0.01471 0.045397 0.045397 0.352266 0.01471 0.01471 0.01471 0.01471 0.01471 0.0760839 0.01471 0.0760839 0.01471 0.01471 0.01471 0.0760839 
0.00496296 0.00496296 0.0153163 0.0153163 0.00496296 0.00496296 0.00496296 0.00496296 0.00496296 0.0256696 0.00496296 0.0153163 0.0153163 0.46051 0.0153163 0.346623 0.00496296 0.0153163 0.0153163 0.0153163 
0.00947588 0.00947588 0.00947588 0.0885473 0.00947588 0.207155 0.365297 0.00947588 0.00947588 0.00947588 0.00947588 0.0292437 0.0490116 0.00947588 0.00947588 0.00947588 0.00947588 0.0885473 0.0292437 0.0292437 
0.0121089 0.0121089 0.0121089 0.0121089 0.0121089 0.0121089 0.0373696 0.0121089 0.0373696 0.0121089 0.0121089 0.0121089 0.0626304 0.340498 0.0121089 0.0121089 0.138413 0.163673 0.0121089 0.0626304 
0.00986594 0.00986594 0.00986594 0.174518 0.00986594 0.00986594 0.0716106 0.00986594 0.00986594 0.0921922 0.0304475 0.00986594 0.0304475 0.0304475 0.380334 0.00986594 0.0716106 0.00986594 0.00986594 0.00986594 
0.00237792 0.146236 0.280173 0.00733855 0.00237792 0.0569449 0.121433 0.0321417 0.042063 0.126394 0.00237792 0.00237792 0.00237792 0.0619055 0.00237792 0.0470236 0.00733855 0.0371024 0.0172598 0.00237792 
0.126122 0.0173761 0.0173761 0.0173761 0.0173761 0.0898736 0.0173761 0.0173761 0.126122 0.0536249 0.0536249 0.0536249 0.0173761 0.0173761 0.0898736 0.0536249 0.0898736 0.0173761 0.0898736 0.0173761 
0.0124227 0.0124227 0.0124227 0.0124227 0.0383381 0.556645 0.0124227 0.0124227 0.0124227 0.0124227 0.0124227 0.0383381 0.0901688 0.0124227 0.0124227 0.0124227 0.0124227 0.0124227 0.0124227 0.0901688 
0.0304475 0.153937 0.00986594 0.00986594 0.00986594 0.112774 0.00986594 0.00986594 0.00986594 0.0510291 0.00986594 0.0921922 0.00986594 0.133355 0.00986594 0.0304475 0.00986594 0.00986594 0.174518 0.112774 
0.00263982 0.0411888 0.00263982 0.0577098 0.0191608 0.00263982 0.00263982 0.0136538 0.0356818 0.00263982 0.00263982 0.00263982 0.0136538 0.00263982 0.00263982 0.22292 0.145822 0.371609 0.0522028 0.00263982 
0.0092922 0.0092922 0.0868309 0.203139 0.0092922 0.0868309 0.0092922 0.0480615 0.0092922 0.0674462 0.0286769 0.0092922 0.0092922 0.0286769 0.0092922 0.0480615 0.183754 0.0286769 0.106216 0.0092922 
0.01347 0.09777 0.01347 0.06967 0.01347 0.18207 0.06967 0.04157 0.01347 0.04157 0.09777 0.04157 0.04157 0.04157 0.09777 0.01347 0.01347 0.01347 0.04157 0.04157 
0.0021116 0.0106758 0.0021116 0.19338 0.00782109 0.000684223 0.0021116 0.0106758 0.000684223 0.0021116 0.000684223 0.00496635 0.00353897 0.000684223 0.184815 0.565924 0.000684223 0.0021116 0.000684223 0.00353897 
0.00300374 0.00300374 0.00300374 0.0531331 0.0155361 0.00926991 0.00300374 0.00926991 0.00926991 0.00300374 0.00300374 0.00300374 0.00926991 0.00300374 0.00300374 0.0155361 0.00300374 0.84267 0.00300374 0.00300374 
0.205126 0.0151757 0.0151757 0.0151757 0.0151757 0.110151 0.0151757 0.0151757 0.0468342 0.0151757 0.110151 0.0151757 0.0151757 0.0151757 0.0151757 0.0151757 0.0151757 0.268443 0.0468342 0.0151757 
0.0118741 0.0841127 0.0359536 0.0199006 0.0118741 0.172404 0.148325 0.0118741 0.00384757 0.00384757 0.00384757 0.00384757 0.0118741 0.00384757 0.196484 0.140298 0.00384757 0.00384757 0.116219 0.0118741 
0.0162016 0.05 0.0162016 0.0837984 0.0162016 0.0162016 0.0837984 0.05 0.0162016 0.05 0.0162016 0.0162016 0.0162016 0.0837984 0.0162016 0.0837984 0.0162016 0.286589 0.05 0.0162016 
0.00254804 0.0352735 0.000825643 0.272964 0.000825643 0.527878 0.067999 0.000825643 0.000825643 0.0128824 0.01116 0.0232168 0.0180496 0.00771522 0.00599283 0.00254804 0.000825643 0.000825643 0.00254804 0.00427043 
0.0124227 0.0383381 0.0124227 0.0642534 0.0383381 0.0124227 0.0124227 0.0901688 0.0124227 0.0124227 0.0124227 0.0124227 0.0124227 0.142 0.0124227 0.0642534 0.323407 0.0901688 0.0124227 0.0124227 
0.00947588 0.0292437 0.0292437 0.325762 0.00947588 0.108315 0.00947588 0.226922 0.0292437 0.00947588 0.00947588 0.0292437 0.00947588 0.0490116 0.00947588 0.00947588 0.00947588 0.0687795 0.00947588 0.00947588 
0.00312108 0.126829 0.00312108 0.00312108 0.00963204 0.016143 0.00963204 0.00963204 0.00312108 0.107296 0.00312108 0.00312108 0.022654 0.016143 0.00963204 0.00963204 0.00312108 0.602129 0.0356759 0.00312108 
0.000457583 0.0644141 0.0185945 0.157008 0.0109579 0.0491409 0.122643 0.000457583 0.0644141 0.00236673 0.00523046 0.000457583 0.000457583 0.00332131 0.000457583 0.0100033 0.000457583 0.350786 0.137916 0.000457583 
0.000841588 0.00786422 0.00610856 0.209765 0.000841588 0.000841588 0.00610856 0.000841588 0.0622896 0.0148868 0.000841588 0.0816018 0.000841588 0.0043529 0.000841588 0.567919 0.00259725 0.00259725 0.0271765 0.000841588 
0.00173941 0.342829 0.0198825 0.0743117 0.00536802 0.0126253 0.0743117 0.00173941 0.0271397 0.0634259 0.00173941 0.00173941 0.00173941 0.00173941 0.0162539 0.00173941 0.00173941 0.266628 0.081569 0.00173941 
0.00535074 0.317896 0.00535074 0.00535074 0.0946493 0.19511 0.0388377 0.0723246 0.00535074 0.139299 0.00535074 0.00535074 0.0276754 0.0165131 0.00535074 0.00535074 0.0276754 0.0165131 0.00535074 0.00535074 
0.045397 0.01471 0.045397 0.01471 0.01471 0.41364 0.106771 0.01471 0.01471 0.01471 0.01471 0.01471 0.106771 0.0760839 0.01471 0.01471 0.01471 0.01471 0.01471 0.01471 
0.0121089 0.0121089 0.0121089 0.0373696 0.0878911 0.0121089 0.0121089 0.0626304 0.0121089 0.0121089 0.0121089 0.0121089 0.0121089 0.0878911 0.0626304 0.0121089 0.0121089 0.466802 0.0373696 0.0121089 
0.306859 0.0479439 0.00377613 0.0418518 0.0022531 0.0601281 0.0220525 0.0022531 0.00529916 0.000730075 0.0464209 0.0144373 0.00529916 0.0022531 0.23223 0.0190064 0.0327136 0.0022531 0.0875426 0.0646972 
0.0490116 0.00947588 0.00947588 0.0292437 0.0292437 0.385065 0.00947588 0.0885473 0.0292437 0.00947588 0.00947588 0.0885473 0.0292437 0.00947588 0.0687795 0.00947588 0.0490116 0.00947588 0.00947588 0.0687795 
0.0242669 0.00259692 0.0730244 0.00259692 0.00801441 0.360152 0.0134319 0.0134319 0.148869 0.0946943 0.0134319 0.00259692 0.0134319 0.00801441 0.00259692 0.00259692 0.00801441 0.138034 0.0513544 0.0188494 
0.0140404 0.353816 0.00271457 0.00271457 0.00837749 0.24622 0.048018 0.00271457 0.00271457 0.0253663 0.0310292 0.00271457 0.048018 0.00271457 0.00837749 0.00271457 0.00271457 0.00271457 0.155614 0.0366921 
0.0355725 0.0115266 0.0355725 0.0836642 0.0115266 0.0596184 0.0115266 0.0596184 0.0115266 0.0115266 0.0355725 0.0115266 0.0596184 0.0355725 0.468398 0.0115266 0.0115266 0.0115266 0.0115266 0.0115266 
0.000834265 0.0878533 0.000834265 0.0321611 0.000834265 0.618669 0.0130169 0.00257465 0.0356419 0.0182381 0.000834265 0.000834265 0.000834265 0.0199784 0.138324 0.00605541 0.000834265 0.000834265 0.0199784 0.000834265 
0.0364489 0.0118106 0.0118106 0.0857256 0.0118106 0.332109 0.0118106 0.0118106 0.0118106 0.0610873 0.0118106 0.0610873 0.0118106 0.0364489 0.0118106 0.0857256 0.135002 0.0118106 0.0118106 0.0364489 
0.00529168 0.0163308 0.0163308 0.00529168 0.00529168 0.557246 0.0163308 0.00529168 0.00529168 0.00529168 0.0273699 0.00529168 0.00529168 0.00529168 0.0273699 0.0163308 0.00529168 0.259191 0.00529168 0.00529168 
0.00776874 0.170797 0.0199091 0.0892829 0.0147061 0.0181748 0.0164405 0.0060344 0.000831371 0.0181748 0.0285809 0.0181748 0.00256571 0.000831371 0.110095 0.470838 0.00430006 0.000831371 0.000831371 0.000831371 
0.252197 0.0127532 0.0127532 0.145777 0.0127532 0.0127532 0.0127532 0.0393581 0.0127532 0.0127532 0.0127532 0.0127532 0.0127532 0.0925677 0.119173 0.0925677 0.0659629 0.0127532 0.0393581 0.0127532 
0.0111576 0.297762 0.0111576 0.026242 0.0111576 0.0111576 0.0186998 0.00361542 0.0186998 0.00361542 0.00361542 0.00361542 0.0111576 0.00361542 0.425979 0.0186998 0.0488687 0.00361542 0.0639531 0.00361542 
0.0160147 0.00118481 0.315085 0.238464 0.00118481 0.0802778 0.00365646 0.00118481 0.00365646 0.0209581 0.00859977 0.028373 0.00118481 0.00118481 0.00118481 0.00118481 0.00118481 0.228577 0.0160147 0.0308447 
0.00512205 0.0371777 0.0158073 0.250882 0.00512205 0.0371777 0.0158073 0.00512205 0.00512205 0.0371777 0.00512205 0.047863 0.0158073 0.00512205 0.0158073 0.00512205 0.111974 0.36842 0.00512205 0.00512205 
0.01347 0.01347 0.01347 0.01347 0.01347 0.04157 0.06967 0.01347 0.12587 0.04157 0.01347 0.01347 0.01347 0.09777 0.04157 0.15397 0.01347 0.01347 0.06967 0.21017 
0.290563 0.323646 0.0164441 0.00226553 0.00226553 0.110968 0.00226553 0.00699172 0.0117179 0.00226553 0.00226553 0.0731583 0.00699172 0.00226553 0.00699172 0.00226553 0.00699172 0.00226553 0.115694 0.0117179 
0.00877503 0.0206383 0.0147067 0.0502966 0.0206383 0.512965 0.0740232 0.00284338 0.0147067 0.0384333 0.00284338 0.00284338 0.0147067 0.02657 0.0147067 0.0443649 0.00284338 0.0325016 0.0977498 0.00284338 
0.0162016 0.05 0.0162016 0.117597 0.0837984 0.286589 0.0162016 0.05 0.0162016 0.0162016 0.0162016 0.0162016 0.05 0.0162016 0.0162016 0.0162016 0.05 0.05 0.0837984 0.0162016 
0.0037571 0.0194327 0.0194327 0.246728 0.0115949 0.348619 0.0037571 0.0037571 0.0037571 0.0272704 0.0037571 0.0115949 0.0115949 0.0507838 0.160513 0.0037571 0.0272704 0.0272704 0.0115949 0.0037571 
0.00642682 0.676783 0.00642682 0.00642682 0.0198339 0.0332411 0.00642682 0.0198339 0.00642682 0.00642682 0.0332411 0.00642682 0.0198339 0.0198339 0.0734625 0.00642682 0.00642682 0.00642682 0.0332411 0.00642682 
0.00101433 0.0158264 0.0391025 0.142787 0.00101433 0.191455 0.00736236 0.00524635 0.00101433 0.00947837 0.00101433 0.0285225 0.350156 0.00101433 0.144903 0.00313034 0.00101433 0.00101433 0.00101433 0.0539146 
0.024417 0.0904376 0.0904376 0.024417 0.00791187 0.106943 0.205974 0.00791187 0.024417 0.00791187 0.189468 0.024417 0.00791187 0.024417 0.106943 0.00791187 0.024417 0.00791187 0.00791187 0.00791187 
0.000772427 0.00882931 0.0023838 0.0974551 0.045891 0.00721794 0.0104407 0.000772427 0.0136634 0.000772427 0.00399518 0.000772427 0.0249431 0.00721794 0.00721794 0.501911 0.0410569 0.150631 0.0732844 0.000772427 
0.00120871 0.0667681 0.0213808 0.767749 0.0112948 0.0163378 0.0239023 0.00373022 0.00120871 0.0592035 0.00373022 0.00373022 0.00373022 0.00373022 0.00373022 0.00373022 0.00120871 0.00120871 0.00120871 0.00120871 
0.0140982 0.488437 0.0967811 0.122892 0.00104302 0.00539475 0.135947 0.00321888 0.0119223 0.00757062 0.00321888 0.00974648 0.00104302 0.00104302 0.0924294 0.00104302 0.00104302 0.00104302 0.00104302 0.00104302 
0.0325744 0.00886614 0.00175365 0.0989576 0.0100515 0.0242765 0.000568238 0.0136078 0.0693222 0.000568238 0.0645806 0.00649531 0.000568238 0.00175365 0.0385015 0.0266473 0.000568238 0.0527265 0.249505 0.298107 
0.000521275 0.167988 0.00160872 0.376777 0.0179204 0.000521275 0.00269616 0.000521275 0.00160872 0.00269616 0.00269616 0.00160872 0.000521275 0.00704594 0.370252 0.00378361 0.000521275 0.0374944 0.00269616 0.000521275 
0.00211462 0.0478559 0.00497344 0.20938 0.0192676 0.000685201 0.000685201 0.00211462 0.00354403 0.00211462 0.000685201 0.000685201 0.000685201 0.215097 0.409498 0.00926169 0.0607206 0.00783227 0.00211462 0.000685201 
0.0273699 0.358543 0.0163308 0.00529168 0.00529168 0.248152 0.0273699 0.00529168 0.00529168 0.00529168 0.00529168 0.00529168 0.0825653 0.00529168 0.038409 0.0163308 0.0273699 0.00529168 0.0936044 0.0163308 
0.00241888 0.0563769 0.000783793 0.219886 0.000783793 0.0122294 0.00405397 0.000783793 0.00241888 0.0792681 0.0138645 0.000783793 0.00241888 0.00241888 0.0105943 0.000783793 0.00405397 0.57143 0.000783793 0.0138645 
0.00758458 0.054995 0.00250489 0.139657 0.00250489 0.159975 0.502008 0.00419812 0.010971 0.0533018 0.00927781 0.0143575 0.010971 0.000811663 0.00250489 0.00419812 0.00250489 0.0126643 0.00250489 0.00250489 
0.00587541 0.00587541 0.00587541 0.0426459 0.0181322 0.0426459 0.00587541 0.0181322 0.00587541 0.00587541 0.0549027 0.00587541 0.00587541 0.00587541 0.00587541 0.434864 0.300039 0.0181322 0.00587541 0.00587541 
0.0295896 0.00407662 0.0210853 0.0125809 0.00407662 0.335745 0.0125809 0.0721113 0.0380939 0.0976242 0.0210853 0.0295896 0.0295896 0.0380939 0.00407662 0.0295896 0.123137 0.0636069 0.0125809 0.0210853 
0.00474941 0.089381 0.000654336 0.154902 0.00474941 0.161727 0.283215 0.00201936 0.0743657 0.0170346 0.000654336 0.00474941 0.00338439 0.00474941 0.119412 0.000654336 0.00747946 0.000654336 0.0607154 0.00474941 
0.00177896 0.488799 0.00298148 0.307219 0.0101966 0.00779156 0.00177896 0.00177896 0.0330445 0.0727276 0.0101966 0.00298148 0.000576437 0.000576437 0.000576437 0.00298148 0.000576437 0.000576437 0.0198168 0.0330445 
0.000905154 0.0122347 0.000905154 0.269039 0.000905154 0.182178 0.0160113 0.000905154 0.0235643 0.00279342 0.000905154 0.00279342 0.0934301 0.352122 0.0122347 0.00279342 0.00279342 0.014123 0.00468168 0.00468168 
0.00673528 0.0957812 0.000927932 0.242901 0.000927932 0.0706161 0.000927932 0.000927932 0.00286371 0.0241573 0.0648087 0.0551298 0.000927932 0.341626 0.000927932 0.0280289 0.0047995 0.0435151 0.00286371 0.0106068 
0.000908585 0.0918888 0.000908585 0.273849 0.00280401 0.0255491 0.00469943 0.00469943 0.0122811 0.0122811 0.340189 0.000908585 0.000908585 0.0198628 0.199928 0.000908585 0.000908585 0.00280401 0.000908585 0.00280401 
0.0147072 0.0147072 0.0544737 0.143948 0.0047656 0.0047656 0.0544737 0.0147072 0.0147072 0.0147072 0.0047656 0.0147072 0.0246489 0.0345905 0.0644154 0.0147072 0.0047656 0.46208 0.0345905 0.0047656 
0.0231053 0.00318326 0.00318326 0.26881 0.00318326 0.00982393 0.0231053 0.00318326 0.00318326 0.049668 0.00982393 0.00318326 0.00318326 0.00318326 0.0231053 0.00318326 0.049668 0.507874 0.00318326 0.00318326 
0.00320454 0.0366299 0.0566851 0.0165747 0.00320454 0.00320454 0.0433149 0.0232597 0.00320454 0.05 0.00320454 0.0232597 0.0299448 0.00320454 0.00988961 0.237182 0.410994 0.0232597 0.0165747 0.00320454 
0.278802 0.0307035 0.0179805 0.0625109 0.00525748 0.0222215 0.011619 0.011619 0.00101648 0.00101648 0.00101648 0.0582699 0.049788 0.032824 0.00525748 0.285163 0.00525748 0.00101648 0.117644 0.00101648 
0.000652554 0.000652554 0.105473 0.304224 0.000652554 0.00473648 0.000652554 0.317838 0.0169883 0.0074591 0.00882041 0.00201386 0.00201386 0.000652554 0.153119 0.000652554 0.0074591 0.000652554 0.0591888 0.00609779 
0.0140601 0.0266155 0.00150464 0.0109212 0.0171989 0.0297544 0.00150464 0.0391709 0.0485875 0.0580041 0.00778235 0.0046435 0.00778235 0.00150464 0.00150464 0.00150464 0.0109212 0.644971 0.0580041 0.0140601 
0.0109977 0.194538 0.0109977 0.0568828 0.0339402 0.423963 0.0109977 0.0109977 0.0109977 0.0568828 0.0109977 0.0109977 0.0109977 0.0109977 0.0109977 0.0109977 0.0109977 0.0109977 0.0109977 0.0798253 
0.0138594 0.0427719 0.0138594 0.0138594 0.0427719 0.100597 0.0138594 0.0716843 0.0138594 0.0138594 0.0138594 0.0138594 0.0138594 0.0427719 0.0138594 0.0716843 0.158422 0.245159 0.0716843 0.0138594 
0.0454202 0.0271008 0.00878152 0.00878152 0.00878152 0.210294 0.265252 0.00878152 0.0820588 0.00878152 0.0271008 0.0271008 0.0637395 0.00878152 0.00878152 0.0271008 0.00878152 0.0271008 0.00878152 0.118697 
0.000783793 0.170833 0.00732415 0.102159 0.00568906 0.362139 0.000783793 0.00405397 0.0204049 0.00895924 0.000783793 0.10543 0.00568906 0.000783793 0.113605 0.000783793 0.00732415 0.000783793 0.0154996 0.0661874 
0.00489645 0.000674594 0.00208188 0.646619 0.000674594 0.000674594 0.000674594 0.000674594 0.00208188 0.000674594 0.000674594 0.000674594 0.00208188 0.000674594 0.000674594 0.00208188 0.297612 0.00489645 0.000674594 0.0302276 
0.0238263 0.0418771 0.00835413 0.0689534 0.0315624 0.487991 0.0186689 0.000618058 0.0315624 0.000618058 0.000618058 0.00577544 0.0225369 0.00706479 0.129553 0.0109328 0.0135115 0.026405 0.0689534 0.000618058 
0.000758974 0.00550891 0.00867554 0.494753 0.000758974 0.00709222 0.000758974 0.0118422 0.000758974 0.000758974 0.000758974 0.00234229 0.00234229 0.000758974 0.456753 0.000758974 0.000758974 0.00234229 0.000758974 0.000758974 
0.000937002 0.0028917 0.0146199 0.127993 0.0341669 0.000937002 0.00875581 0.000937002 0.0224387 0.000937002 0.0048464 0.000937002 0.000937002 0.000937002 0.0634874 0.516978 0.00875581 0.000937002 0.186634 0.000937002 
0.000800816 0.197932 0.000800816 0.149484 0.0225186 0.418451 0.087672 0.00581262 0.000800816 0.00247142 0.000800816 0.00247142 0.00247142 0.0141656 0.0325422 0.00581262 0.00915382 0.0258598 0.00581262 0.0141656 
0.00529168 0.00529168 0.00529168 0.00529168 0.00529168 0.00529168 0.0825653 0.00529168 0.00529168 0.049448 0.00529168 0.0715262 0.00529168 0.424777 0.038409 0.115683 0.049448 0.0604871 0.049448 0.00529168 
0.00541115 0.0166995 0.00541115 0.253754 0.00541115 0.152159 0.107006 0.0279878 0.0505644 0.152159 0.00541115 0.00541115 0.00541115 0.0279878 0.00541115 0.0505644 0.0166995 0.0166995 0.00541115 0.0844294 
0.0072422 0.032355 0.0019553 0.701148 0.0019553 0.0019553 0.0019553 0.0072422 0.000633579 0.000633579 0.0072422 0.0521808 0.0151726 0.000633579 0.0680415 0.0905109 0.000633579 0.0072422 0.000633579 0.000633579 
0.0156719 0.0156719 0.0156719 0.0156719 0.0156719 0.146446 0.0156719 0.0156719 0.0156719 0.0483653 0.0483653 0.0156719 0.0156719 0.0483653 0.309913 0.0810588 0.0483653 0.0156719 0.0810588 0.0156719 
0.00437422 0.0134994 0.0226245 0.36938 0.00437422 0.36938 0.00437422 0.00437422 0.00437422 0.0956258 0.00437422 0.0134994 0.00437422 0.0134994 0.0134994 0.00437422 0.00437422 0.0317497 0.00437422 0.0134994 
0.0052339 0.0379896 0.158094 0.0161525 0.0052339 0.11442 0.0052339 0.0052339 0.0598267 0.0489081 0.0489081 0.0161525 0.0052339 0.0161525 0.11442 0.0379896 0.0052339 0.267279 0.0052339 0.027071 
0.00547293 0.0168901 0.0968105 0.00547293 0.00547293 0.553498 0.0168901 0.00547293 0.0168901 0.0511417 0.00547293 0.00547293 0.00547293 0.00547293 0.00547293 0.00547293 0.0283073 0.142479 0.0168901 0.00547293 
0.0049121 0.0049121 0.0151594 0.0356539 0.0254066 0.138126 0.0049121 0.0151594 0.0151594 0.138126 0.0151594 0.0151594 0.0049121 0.148374 0.0151594 0.0049121 0.0049121 0.281588 0.107385 0.0049121 
0.033179 0.010751 0.010751 0.010751 0.010751 0.078035 0.212603 0.010751 0.010751 0.055607 0.010751 0.010751 0.010751 0.010751 0.010751 0.010751 0.145319 0.324743 0.010751 0.010751 
0.00286035 0.253476 0.0804319 0.00882739 0.00286035 0.20574 0.116234 0.0505967 0.00286035 0.0326956 0.00286035 0.0267285 0.0744649 0.00286035 0.0744649 0.00882739 0.0267285 0.00882739 0.00882739 0.00882739 
0.0148318 0.227972 0.0659855 0.010569 0.00204341 0.372908 0.0276203 0.00204341 0.0659855 0.00204341 0.00630622 0.00630622 0.0361459 0.0233575 0.0276203 0.00204341 0.0233575 0.0148318 0.0659855 0.00204341 
0.00787731 0.0653827 0.00643968 0.321282 0.00212678 0.499548 0.000689142 0.000689142 0.000689142 0.00212678 0.00212678 0.00643968 0.000689142 0.000689142 0.00356441 0.000689142 0.000689142 0.0337547 0.0308795 0.0136279 
0.0116685 0.05 0.00953893 0.77404 0.018057 0.00315034 0.00527987 0.00102081 0.0244456 0.00102081 0.00953893 0.00102081 0.00102081 0.0223161 0.00527987 0.00102081 0.05 0.00315034 0.0074094 0.00102081 
0.0634859 0.0142104 0.00383664 0.0920138 0.00124319 0.0142104 0.00643008 0.011617 0.00124319 0.00124319 0.00124319 0.0660794 0.00124319 0.00124319 0.011617 0.60811 0.00902353 0.0894204 0.00124319 0.00124319 
0.00715363 0.00138308 0.0273506 0.0937119 0.0129242 0.702505 0.00426836 0.00426836 0.0158095 0.00426836 0.0186947 0.0129242 0.00426836 0.00715363 0.00138308 0.00715363 0.00138308 0.0619739 0.0100389 0.00138308 
0.00243481 0.0518104 0.0188934 0.0764983 0.000788953 0.0616856 0.00408066 0.033706 0.00572652 0.132457 0.00408066 0.000788953 0.00243481 0.00572652 0.000788953 0.565317 0.00737237 0.0238309 0.000788953 0.000788953 
0.0402577 0.00778341 0.00778341 0.0889692 0.0402577 0.121443 0.0564949 0.202629 0.0240206 0.121443 0.00778341 0.00778341 0.00778341 0.0240206 0.00778341 0.137681 0.0564949 0.00778341 0.0240206 0.00778341 
0.0059751 0.329094 0.102911 0.147339 0.0059751 0.308899 0.0100141 0.00193612 0.022131 0.022131 0.00193612 0.00193612 0.00193612 0.00193612 0.00193612 0.0100141 0.0140531 0.00193612 0.0059751 0.00193612 
0.027721 0.00296656 0.00915517 0.157682 0.027721 0.485678 0.00296656 0.00296656 0.00915517 0.00915517 0.00296656 0.0339096 0.00296656 0.00296656 0.0586641 0.0339096 0.00296656 0.12055 0.00296656 0.00296656 
0.00181859 0.00181859 0.153571 0.240829 0.0207877 0.00940622 0.00561241 0.0587258 0.00181859 0.195303 0.0169938 0.00940622 0.00181859 0.0397567 0.00561241 0.00561241 0.0397567 0.111839 0.00561241 0.073901 
0.00259692 0.00259692 0.00801441 0.00259692 0.00801441 0.0188494 0.0188494 0.00259692 0.0838593 0.0567719 0.00801441 0.0730244 0.00801441 0.641861 0.0296844 0.00259692 0.00259692 0.00259692 0.00259692 0.0242669 
0.410821 0.000858162 0.0348725 0.142286 0.00622885 0.0241312 0.0115995 0.0330823 0.00443862 0.0312921 0.01518 0.00622885 0.0169702 0.000858162 0.115433 0.0545651 0.0259214 0.0599358 0.00443862 0.000858162 
0.0805826 0.00862354 0.0985724 0.00862354 0.0266133 0.188521 0.0625928 0.00862354 0.00862354 0.0266133 0.0985724 0.00862354 0.00862354 0.00862354 0.00862354 0.152542 0.0446031 0.00862354 0.0805826 0.0625928 
0.00709225 0.00423173 0.0128133 0.235934 0.00137121 0.0414184 0.567754 0.00137121 0.00709225 0.00137121 0.00423173 0.00137121 0.00995276 0.00137121 0.0614421 0.00137121 0.00423173 0.00137121 0.00137121 0.0328369 
0.0099382 0.0630882 0.0498007 0.0258832 0.0431569 0.000636947 0.0112669 0.0112669 0.00595195 0.000636947 0.00595195 0.000636947 0.0072807 0.000636947 0.637108 0.00329445 0.000636947 0.0245544 0.0976357 0.000636947 
0.000288668 0.0556908 0.00871942 0.126148 0.00269745 0.00871942 0.114706 0.00510624 0.000890864 0.0231721 0.0310007 0.227317 0.000288668 0.000288668 0.00811722 0.382081 0.000288668 0.000288668 0.000890864 0.00329965 
0.00104987 0.0251417 0.00324003 0.198164 0.00104987 0.0360925 0.00104987 0.00104987 0.00981052 0.00104987 0.00104987 0.0120007 0.00104987 0.00104987 0.53764 0.00104987 0.165312 0.00104987 0.00104987 0.00104987 
0.00268417 0.0754778 0.00828368 0.0138832 0.0138832 0.198667 0.00268417 0.00268417 0.00268417 0.0138832 0.00268417 0.0474802 0.00268417 0.00268417 0.27146 0.00268417 0.00828368 0.321856 0.00268417 0.00268417 
0.0124227 0.0124227 0.0383381 0.0124227 0.0124227 0.0124227 0.0124227 0.167915 0.0124227 0.0124227 0.0642534 0.0124227 0.0124227 0.0124227 0.0124227 0.0383381 0.478899 0.0383381 0.0124227 0.0124227 
0.00143698 0.121346 0.00143698 0.103359 0.0314142 0.0104301 0.0254187 0.0044347 0.00143698 0.00143698 0.00143698 0.0044347 0.00743241 0.0284164 0.0044347 0.463085 0.00743241 0.175305 0.00143698 0.0044347 
0.0285809 0.0858142 0.418808 0.179469 0.0233778 0.000831371 0.00430006 0.000831371 0.00950309 0.0181748 0.00776874 0.00256571 0.000831371 0.00256571 0.0060344 0.000831371 0.0181748 0.134376 0.00256571 0.054596 
0.0183572 0.0307662 0.00594832 0.0679929 0.00594832 0.340989 0.0307662 0.0183572 0.0928108 0.00594832 0.0928108 0.00594832 0.0307662 0.00594832 0.00594832 0.0183572 0.00594832 0.192082 0.0183572 0.00594832 
0.00095 0.407223 0.00689545 0.137695 0.0108591 0.00095 0.00689545 0.00095 0.0465318 0.135714 0.00293182 0.00293182 0.0465318 0.0683318 0.00095 0.00095 0.00491364 0.0504955 0.06635 0.00095 
0.00255539 0.00255539 0.00255539 0.162481 0.00255539 0.00788624 0.00255539 0.00255539 0.0132171 0.0238788 0.00255539 0.0238788 0.00788624 0.00255539 0.00788624 0.15715 0.0345405 0.535641 0.00255539 0.00255539 
0.269909 0.0837915 0.111511 0.0257124 0.0375922 0.0362722 0.000632743 0.000632743 0.000632743 0.0349522 0.00591266 0.0164725 0.000632743 0.00195272 0.20127 0.0732317 0.0177925 0.0309923 0.0455121 0.00459268 
0.0210236 0.145689 0.00754625 0.154113 0.000807561 0.428714 0.000807561 0.000807561 0.00754625 0.000807561 0.00249223 0.00586158 0.00417691 0.000807561 0.0361857 0.0328163 0.00249223 0.029447 0.0985186 0.019339 
0.00265858 0.0187429 0.00587544 0.0358994 0.000514009 0.0101646 0.00158629 0.0133814 0.0208874 0.030538 0.00373087 0.603139 0.0734294 0.131333 0.00158629 0.00694772 0.000514009 0.00265858 0.0294657 0.00694772 
0.00211764 0.00498056 0.0035491 0.906801 0.0035491 0.0121379 0.000686182 0.000686182 0.0035491 0.000686182 0.000686182 0.0035491 0.000686182 0.0479244 0.000686182 0.00211764 0.00211764 0.000686182 0.000686182 0.00211764 
0.00322611 0.00322611 0.00322611 0.110907 0.0570666 0.00995616 0.258968 0.00322611 0.0503365 0.0570666 0.00322611 0.0436064 0.00322611 0.0166862 0.00995616 0.225318 0.00322611 0.00322611 0.131097 0.00322611 
