0.000707 0.000707 0.495406 0.000707 0.003534 0.002120 0.000707 0.000707 0.003534 0.486926 0.000707 0.000707 0.002120 0.000707 0.000707 
0.004168 0.000379 0.480106 0.005684 0.001137 0.000379 0.001137 0.000379 0.001895 0.501326 0.000379 0.001137 0.000379 0.000379 0.001137 
0.000211 0.000211 0.432905 0.079840 0.003160 0.000211 0.000632 0.000211 0.001053 0.413946 0.000211 0.000632 0.000211 0.066358 0.000211 
0.001340 0.002829 0.368468 0.132649 0.000744 0.000149 0.001638 0.000149 0.052255 0.284204 0.000149 0.000149 0.000149 0.154682 0.000447 
0.000110 0.000330 0.277551 0.159749 0.002092 0.000110 0.054277 0.000330 0.113949 0.224705 0.000550 0.000330 0.000330 0.164373 0.001211 
0.001959 0.001278 0.219184 0.134168 0.061249 0.000596 0.091064 0.040293 0.132976 0.169776 0.000426 0.000256 0.000085 0.146605 0.000085 
0.000072 0.000072 0.182272 0.125498 0.082917 0.015425 0.097835 0.096676 0.114346 0.144036 0.000072 0.000217 0.000072 0.134622 0.005866 
0.012212 0.019605 0.154136 0.115585 0.085616 0.040333 0.096178 0.090369 0.094990 0.122978 0.002046 0.000066 0.001650 0.119150 0.045085 
0.041403 0.031957 0.134270 0.108508 0.075140 0.061522 0.084708 0.089615 0.083236 0.110470 0.000675 0.000061 0.010121 0.108753 0.059560 
0.065076 0.044070 0.100438 0.088088 0.067293 0.045654 0.074893 0.063915 0.072782 0.096955 0.036259 0.070882 0.040481 0.078904 0.054309 
0.064102 0.044017 0.094979 0.087484 0.063502 0.047215 0.069798 0.072096 0.068099 0.091082 0.049113 0.071097 0.046515 0.072596 0.058306 
0.060005 0.048414 0.091581 0.089483 0.061604 0.050212 0.072995 0.068499 0.056308 0.089583 0.053410 0.082288 0.046815 0.071596 0.057207 
0.057307 0.050012 0.089483 0.084686 0.066700 0.039121 0.075294 0.066100 0.066100 0.089583 0.053010 0.075793 0.043917 0.082988 0.059905 
0.063103 0.049013 0.097677 0.081289 0.059106 0.045716 0.066500 0.064502 0.065101 0.083387 0.049713 0.079590 0.052910 0.083288 0.059106 
0.059505 0.053310 0.087185 0.077692 0.063303 0.048514 0.073295 0.061104 0.069398 0.085386 0.053910 0.070197 0.057907 0.082988 0.056308 
0.066700 0.052910 0.097577 0.084387 0.062003 0.043717 0.070497 0.061004 0.068599 0.093680 0.051411 0.075793 0.052411 0.069598 0.049713 
0.064502 0.049113 0.094279 0.082288 0.065601 0.050312 0.067799 0.066000 0.059106 0.089783 0.045216 0.076493 0.053910 0.078491 0.057107 
0.068099 0.043917 0.102173 0.085586 0.063702 0.040719 0.063602 0.060505 0.062003 0.086985 0.053310 0.081189 0.051811 0.080590 0.055808 
0.062603 0.049913 0.098376 0.088983 0.066000 0.047015 0.067300 0.064202 0.062103 0.089783 0.048114 0.076692 0.044816 0.071896 0.062203 
0.058206 0.051411 0.099775 0.085786 0.057007 0.045716 0.074894 0.063402 0.062703 0.084187 0.051811 0.075294 0.049713 0.080989 0.059106 
0.063902 0.048414 0.091381 0.091781 0.060505 0.054909 0.060105 0.065201 0.059505 0.087884 0.057707 0.077392 0.049813 0.074394 0.057107 
0.070797 0.048713 0.089983 0.081989 0.060505 0.049513 0.069498 0.065101 0.065201 0.085286 0.050212 0.078691 0.049613 0.076193 0.058706 
0.063402 0.053710 0.099076 0.089883 0.061104 0.047414 0.068299 0.059805 0.057907 0.091981 0.053310 0.073995 0.057707 0.068599 0.053810 
0.063902 0.048114 0.095678 0.094579 0.064402 0.051312 0.065501 0.072496 0.055908 0.084487 0.046615 0.073495 0.050212 0.078491 0.054809 
0.061104 0.052311 0.093780 0.088883 0.063203 0.052611 0.070597 0.069498 0.060405 0.087684 0.050212 0.071796 0.052411 0.069498 0.056008 
0.059605 0.046815 0.101474 0.083787 0.064002 0.050512 0.067699 0.061004 0.062403 0.087484 0.052111 0.072096 0.053010 0.078991 0.059006 
0.060804 0.049413 0.095678 0.087384 0.058006 0.038821 0.072795 0.060704 0.064402 0.092680 0.045616 0.081189 0.055109 0.078391 0.059006 
0.061704 0.054409 0.099076 0.082288 0.060405 0.049613 0.068599 0.059405 0.067200 0.088484 0.050712 0.076992 0.044417 0.077992 0.058706 
0.059206 0.051212 0.092381 0.080390 0.061104 0.041419 0.072596 0.064402 0.066000 0.090682 0.052111 0.078191 0.050912 0.074494 0.064901 
0.059505 0.050312 0.095079 0.089583 0.060005 0.050612 0.066400 0.057907 0.069298 0.094479 0.048314 0.079990 0.044916 0.077292 0.056308 
0.058306 0.056308 0.100175 0.087185 0.060704 0.045116 0.061804 0.062203 0.062303 0.083288 0.048813 0.082588 0.047414 0.080989 0.062803 
0.055209 0.050312 0.100974 0.078391 0.060005 0.047714 0.073795 0.059505 0.063602 0.087384 0.056008 0.077092 0.042818 0.083387 0.063802 
0.067100 0.051411 0.097677 0.087984 0.064502 0.046915 0.066400 0.062903 0.059605 0.081789 0.044816 0.078791 0.052011 0.074194 0.063902 
0.057307 0.049213 0.090682 0.088384 0.060704 0.046615 0.060804 0.065201 0.071596 0.090582 0.051212 0.082288 0.050312 0.078891 0.056208 
0.054909 0.052710 0.098576 0.080889 0.063303 0.052311 0.071896 0.065301 0.061204 0.094479 0.046515 0.072895 0.048014 0.083088 0.053910 
0.066100 0.045716 0.090682 0.088184 0.064502 0.045316 0.066600 0.067399 0.067699 0.089983 0.053810 0.076393 0.048614 0.074294 0.054709 
0.059605 0.039221 0.092680 0.084786 0.061104 0.048913 0.066600 0.065201 0.058706 0.091381 0.063203 0.068299 0.055109 0.078791 0.066400 
0.065201 0.050012 0.090082 0.089083 0.064801 0.051811 0.066500 0.067300 0.057007 0.087884 0.049813 0.069398 0.057907 0.075094 0.058106 
0.061104 0.052611 0.086885 0.088484 0.067899 0.044517 0.066000 0.061404 0.063602 0.094479 0.051411 0.082088 0.048414 0.075593 0.055508 
0.059106 0.050712 0.092381 0.090482 0.055908 0.052111 0.065201 0.066300 0.061704 0.083687 0.045016 0.078391 0.055708 0.082788 0.060505 
0.062203 0.049913 0.101674 0.082488 0.063402 0.056508 0.067399 0.062103 0.063402 0.083088 0.049713 0.070397 0.051611 0.081389 0.054709 
0.061904 0.047414 0.091282 0.075393 0.065501 0.047614 0.068898 0.066100 0.067699 0.086385 0.050812 0.082088 0.050812 0.076692 0.061404 
0.066000 0.045316 0.090982 0.085886 0.065401 0.048014 0.071996 0.062603 0.063103 0.087784 0.050212 0.075493 0.050012 0.077592 0.059605 
0.070397 0.044417 0.090982 0.080590 0.061204 0.050512 0.068998 0.062103 0.063802 0.091681 0.044217 0.075094 0.045316 0.083288 0.067399 
0.064002 0.055508 0.088783 0.082588 0.057207 0.044617 0.074694 0.063602 0.057107 0.095878 0.056208 0.072296 0.054109 0.077792 0.055608 
0.063203 0.048514 0.089483 0.084686 0.059605 0.048813 0.071496 0.062703 0.065701 0.088683 0.044716 0.069798 0.053410 0.084886 0.064302 
0.071896 0.048614 0.087584 0.086485 0.056008 0.049213 0.067000 0.067799 0.067399 0.083887 0.052511 0.071896 0.053810 0.078891 0.057007 
0.054609 0.054309 0.090082 0.087884 0.063802 0.049113 0.066000 0.068599 0.062303 0.089483 0.051811 0.076892 0.055109 0.072795 0.057207 
0.066300 0.048713 0.095578 0.087085 0.052710 0.046115 0.053010 0.063203 0.068399 0.087484 0.055708 0.071896 0.058706 0.084087 0.061004 
0.056308 0.041619 0.094579 0.089183 0.061604 0.045816 0.065701 0.067200 0.066100 0.085286 0.056608 0.076792 0.054009 0.081189 0.058006 
0.070297 0.047614 0.094279 0.084986 0.067200 0.050612 0.068499 0.062903 0.060205 0.086185 0.043717 0.075393 0.047614 0.082988 0.057507 
0.058506 0.043917 0.101774 0.085886 0.063702 0.053010 0.063802 0.072496 0.060005 0.087285 0.049713 0.082788 0.053510 0.074994 0.048614 
0.063502 0.047914 0.092780 0.082188 0.057607 0.051411 0.058706 0.068299 0.065701 0.087584 0.049913 0.080390 0.052710 0.077292 0.064002 
0.059905 0.050612 0.101474 0.076593 0.064901 0.041819 0.069898 0.068798 0.072596 0.081489 0.047215 0.073995 0.052311 0.082288 0.056108 
0.064402 0.048014 0.092481 0.081489 0.065701 0.047215 0.073495 0.068399 0.058706 0.084587 0.052710 0.078491 0.051911 0.076393 0.056008 
0.060205 0.056907 0.091182 0.079490 0.062403 0.038721 0.068399 0.067100 0.073095 0.092481 0.044217 0.074594 0.057507 0.072296 0.061404 
0.065001 0.050312 0.095678 0.086385 0.059405 0.048114 0.067300 0.068499 0.056208 0.091481 0.046615 0.075893 0.047315 0.083787 0.058006 
0.064102 0.048114 0.096578 0.090782 0.063502 0.046915 0.063802 0.072296 0.059306 0.088384 0.049013 0.075094 0.045316 0.076593 0.060205 
0.056608 0.049913 0.105671 0.087484 0.057507 0.046915 0.071097 0.067399 0.059805 0.083887 0.046115 0.084886 0.051511 0.076093 0.055109 
0.063303 0.054809 0.089683 0.077892 0.059705 0.054809 0.064202 0.060605 0.064801 0.091381 0.051811 0.077492 0.055109 0.075094 0.059306 
0.060305 0.050612 0.090782 0.074594 0.066500 0.044916 0.073795 0.068599 0.058406 0.082888 0.049813 0.078591 0.052910 0.081489 0.065801 
0.070097 0.041419 0.092581 0.086685 0.065001 0.042118 0.067000 0.068499 0.065001 0.092481 0.051711 0.081089 0.040120 0.075693 0.060505 
0.061704 0.051112 0.098976 0.081389 0.060005 0.048614 0.071197 0.063303 0.059006 0.088683 0.047315 0.081889 0.049313 0.081289 0.056208 
0.061904 0.046715 0.104971 0.079390 0.060804 0.052011 0.065601 0.066000 0.062103 0.088184 0.045016 0.075393 0.054009 0.076792 0.061104 
0.058906 0.056807 0.098076 0.078991 0.062703 0.048913 0.068499 0.070697 0.070097 0.088584 0.052311 0.075393 0.044816 0.076393 0.048813 
0.061204 0.048414 0.099875 0.089583 0.062003 0.045616 0.073195 0.066400 0.061204 0.084087 0.049913 0.078891 0.047914 0.071396 0.060305 
0.062803 0.047714 0.087684 0.089283 0.058706 0.055109 0.065901 0.072196 0.062203 0.089183 0.044417 0.082988 0.044916 0.079191 0.057707 
0.060804 0.048014 0.097077 0.090982 0.060405 0.045916 0.068499 0.070297 0.061904 0.084287 0.044816 0.074394 0.041919 0.086985 0.063702 
0.064602 0.045416 0.095279 0.084487 0.057107 0.050512 0.072496 0.066100 0.059106 0.093480 0.055708 0.075294 0.050512 0.073295 0.056608 
0.070997 0.049113 0.090182 0.086285 0.065901 0.050812 0.060205 0.061304 0.063303 0.089683 0.052211 0.073695 0.052710 0.077892 0.055708 
0.063303 0.054709 0.091981 0.080789 0.062003 0.046315 0.066000 0.071696 0.064701 0.082688 0.042818 0.080590 0.051012 0.075094 0.066300 
0.063402 0.054209 0.092481 0.087684 0.051611 0.055309 0.057307 0.066100 0.065301 0.088883 0.046715 0.077192 0.048314 0.082988 0.062503 
0.061504 0.057707 0.096677 0.083587 0.061204 0.048114 0.067999 0.064701 0.059206 0.081189 0.050112 0.080889 0.053610 0.079390 0.054109 
0.062703 0.041619 0.096278 0.075993 0.057807 0.049113 0.068998 0.067499 0.058006 0.081789 0.051012 0.085386 0.050412 0.080290 0.073095 
0.065401 0.046515 0.090982 0.079091 0.060405 0.046215 0.061904 0.065801 0.067799 0.086885 0.051212 0.083987 0.050212 0.086685 0.056907 
0.062803 0.049013 0.098576 0.090082 0.061804 0.046915 0.072196 0.065201 0.067000 0.081589 0.049413 0.076593 0.043218 0.070297 0.065301 
0.062103 0.047914 0.088883 0.092181 0.064901 0.046415 0.065701 0.065701 0.060505 0.086985 0.054109 0.073895 0.059006 0.074294 0.057407 
0.067200 0.048214 0.095878 0.091881 0.062603 0.047015 0.065101 0.066700 0.059206 0.083487 0.054609 0.072895 0.048913 0.078391 0.057907 
0.062403 0.047215 0.092381 0.090282 0.066000 0.047115 0.065501 0.066900 0.057707 0.088384 0.046615 0.074294 0.055508 0.074894 0.064801 
0.059306 0.048014 0.089583 0.078391 0.060105 0.051811 0.077092 0.069598 0.062603 0.088084 0.045016 0.076992 0.052311 0.084187 0.056907 
0.061204 0.055009 0.097377 0.080889 0.057107 0.048913 0.067399 0.069198 0.062303 0.086085 0.045816 0.081089 0.051112 0.077392 0.059106 
0.066400 0.047514 0.092980 0.080090 0.061404 0.049313 0.065001 0.062803 0.060005 0.095179 0.055808 0.074694 0.052611 0.081189 0.055009 
0.062103 0.051112 0.098876 0.085086 0.059206 0.049913 0.066700 0.066800 0.064202 0.081289 0.043417 0.072795 0.055009 0.080989 0.062503 
0.065501 0.046615 0.095878 0.078591 0.058706 0.046815 0.069398 0.062803 0.060305 0.087884 0.056807 0.075893 0.049713 0.084387 0.060704 
0.063702 0.051611 0.092281 0.076293 0.067699 0.054309 0.073595 0.063003 0.062703 0.084786 0.048913 0.075693 0.051911 0.069798 0.063702 
0.059106 0.051811 0.096078 0.084487 0.064602 0.038121 0.078191 0.067599 0.065301 0.080689 0.056208 0.078391 0.049513 0.074694 0.055209 
0.066200 0.048514 0.096478 0.087884 0.073995 0.043617 0.069998 0.063103 0.062703 0.088384 0.052511 0.071197 0.047614 0.075993 0.051811 
0.060605 0.043617 0.094779 0.086885 0.059805 0.056408 0.068599 0.068698 0.063303 0.085586 0.048614 0.074194 0.058006 0.075693 0.055209 
0.058806 0.051012 0.099276 0.088983 0.060704 0.045116 0.068499 0.065101 0.062903 0.090382 0.047315 0.075793 0.049613 0.076093 0.060405 
0.062703 0.047315 0.095878 0.089483 0.059705 0.048614 0.066800 0.072895 0.060605 0.088584 0.048314 0.074594 0.055708 0.073495 0.055309 
0.062303 0.054509 0.087384 0.090882 0.067799 0.044017 0.063802 0.064502 0.060105 0.085086 0.052111 0.077792 0.050512 0.079590 0.059605 
0.063802 0.050912 0.093380 0.077992 0.064302 0.047315 0.066200 0.062803 0.062003 0.091881 0.046715 0.081489 0.045516 0.078791 0.066900 
0.054509 0.040919 0.100575 0.093380 0.059206 0.053210 0.065501 0.066000 0.054909 0.087484 0.048414 0.080390 0.054309 0.084087 0.057107 
0.061404 0.046615 0.092281 0.081289 0.058706 0.050512 0.067100 0.065401 0.068599 0.084786 0.056608 0.077392 0.049813 0.080090 0.059405 
0.073495 0.038721 0.102173 0.087984 0.067799 0.048813 0.066000 0.064302 0.062803 0.088783 0.043817 0.072695 0.053810 0.077092 0.051711 
0.067300 0.052011 0.094479 0.083987 0.053810 0.051811 0.076293 0.067300 0.061004 0.083288 0.045416 0.079890 0.050712 0.076892 0.055808 
0.069798 0.047514 0.091981 0.084587 0.065201 0.046115 0.064701 0.060605 0.068798 0.082788 0.050012 0.084087 0.049113 0.083587 0.051112 
0.064402 0.057607 0.096278 0.077192 0.059905 0.049713 0.073195 0.065501 0.061704 0.086285 0.049913 0.079390 0.052411 0.073395 0.053110 
0.063003 0.055109 0.096478 0.076593 0.064202 0.046115 0.065501 0.071696 0.070497 0.083088 0.051012 0.070297 0.047514 0.078991 0.059905 
0.069898 0.048214 0.096078 0.085886 0.057907 0.051811 0.071197 0.069098 0.062803 0.091381 0.049713 0.074994 0.040719 0.075593 0.054709 
0.057707 0.056508 0.096478 0.086285 0.063303 0.049613 0.070797 0.064801 0.065101 0.083288 0.050712 0.083987 0.046815 0.069198 0.055408 
0.069298 0.052611 0.091182 0.084487 0.062703 0.042818 0.074394 0.057107 0.060605 0.081589 0.047115 0.078191 0.060704 0.076892 0.060305 
0.065901 0.046015 0.099775 0.082488 0.061104 0.043118 0.070197 0.065901 0.061304 0.087684 0.053810 0.076593 0.051312 0.082788 0.052011 
0.067699 0.043617 0.090082 0.085686 0.057007 0.051112 0.070997 0.068399 0.061104 0.089983 0.050112 0.074794 0.057607 0.075094 0.056707 
0.070797 0.048214 0.102173 0.078791 0.059106 0.049013 0.072496 0.063802 0.059605 0.089483 0.057707 0.078291 0.047115 0.070697 0.052710 
0.065501 0.044916 0.094879 0.082388 0.066400 0.042618 0.071996 0.064701 0.060205 0.086885 0.055808 0.081789 0.049113 0.076093 0.056707 
0.059805 0.053910 0.096677 0.088484 0.061804 0.048813 0.060305 0.067599 0.060105 0.085186 0.050312 0.079890 0.049213 0.081289 0.056608 
0.062903 0.044417 0.100375 0.087884 0.059405 0.039221 0.075893 0.070997 0.051212 0.091581 0.052311 0.081889 0.051112 0.072596 0.058206 
0.062703 0.054109 0.094679 0.078091 0.062003 0.046515 0.067300 0.064102 0.065701 0.092980 0.057207 0.072596 0.048114 0.070597 0.063303 
0.066500 0.052511 0.096777 0.083387 0.064901 0.051911 0.065601 0.062703 0.063902 0.091681 0.047614 0.075194 0.045516 0.076692 0.055109 
0.067999 0.053610 0.095378 0.075693 0.063402 0.042418 0.066700 0.063502 0.060704 0.088983 0.054209 0.079490 0.051611 0.079191 0.057107 
0.070397 0.047814 0.096178 0.079390 0.065201 0.051112 0.072196 0.064002 0.062903 0.083887 0.045716 0.076393 0.049213 0.071896 0.063702 
0.060405 0.047814 0.096677 0.084187 0.056208 0.046715 0.065801 0.073195 0.064701 0.089583 0.050112 0.069398 0.055408 0.080989 0.058806 
0.063203 0.052311 0.096677 0.083687 0.059605 0.049213 0.064901 0.065901 0.066300 0.084986 0.048713 0.077292 0.048314 0.075793 0.063103 
0.057707 0.054009 0.091082 0.088084 0.065101 0.052011 0.064302 0.072496 0.062003 0.082488 0.052810 0.080190 0.046115 0.079690 0.051911 
0.054409 0.047315 0.092880 0.083288 0.061904 0.045616 0.069898 0.066500 0.063103 0.083887 0.054109 0.080490 0.051312 0.086085 0.059206 
0.064402 0.046715 0.094779 0.087684 0.065801 0.045416 0.066700 0.065301 0.070297 0.084986 0.052111 0.071297 0.048214 0.086785 0.049513 
0.064901 0.046915 0.095079 0.083987 0.060005 0.047814 0.067599 0.072296 0.059505 0.090982 0.054209 0.069498 0.050112 0.079191 0.057907 
0.066700 0.047015 0.091881 0.081689 0.065001 0.051411 0.071796 0.070397 0.062703 0.084986 0.048114 0.080689 0.043717 0.077392 0.056508 
0.066000 0.058106 0.094479 0.074294 0.062703 0.053310 0.068199 0.065101 0.059106 0.085286 0.049413 0.075294 0.052311 0.080590 0.055808 
0.071396 0.051511 0.093680 0.089083 0.061604 0.043517 0.066300 0.067999 0.057207 0.088384 0.040320 0.075094 0.052411 0.078991 0.062503 
0.064302 0.044816 0.093880 0.087085 0.059405 0.043118 0.073495 0.065601 0.060305 0.092181 0.052611 0.074794 0.047814 0.080290 0.060305 
0.059505 0.047714 0.107469 0.085586 0.061604 0.048414 0.067000 0.068998 0.067799 0.080290 0.048214 0.075493 0.051312 0.071996 0.058606 
0.066800 0.048414 0.097077 0.085086 0.059705 0.050312 0.070797 0.070697 0.060105 0.081189 0.045116 0.078091 0.048614 0.078591 0.059405 
0.068499 0.053210 0.084087 0.094879 0.064701 0.049713 0.069898 0.061004 0.060405 0.082288 0.048114 0.073595 0.053310 0.079990 0.056308 
0.065501 0.048813 0.097877 0.089483 0.065901 0.045216 0.067599 0.058206 0.067999 0.084786 0.050712 0.076293 0.052611 0.074394 0.054609 
0.063303 0.049913 0.094779 0.083188 0.061104 0.050812 0.071197 0.064102 0.063602 0.082988 0.045016 0.077892 0.051312 0.081389 0.059405 
0.066700 0.048114 0.091481 0.084187 0.059405 0.043118 0.066800 0.062003 0.060405 0.093680 0.046915 0.080889 0.055908 0.075094 0.065301 
0.059106 0.049113 0.098576 0.081589 0.066500 0.053210 0.073195 0.068099 0.061504 0.085686 0.046215 0.075094 0.048614 0.074494 0.059006 
0.070397 0.049513 0.092581 0.088783 0.062903 0.045416 0.070597 0.060704 0.068299 0.089483 0.042818 0.074294 0.055508 0.073395 0.055309 
0.066300 0.053310 0.091082 0.085886 0.060205 0.045416 0.069298 0.062803 0.062803 0.083587 0.052111 0.078491 0.048014 0.076393 0.064302 
0.061204 0.048114 0.092481 0.088184 0.066000 0.050412 0.070497 0.072296 0.063802 0.080090 0.048214 0.080789 0.044217 0.078291 0.055408 
0.065401 0.047115 0.096078 0.079990 0.059605 0.048214 0.063103 0.068499 0.054009 0.093380 0.047914 0.080989 0.054909 0.081389 0.059405 
0.060105 0.053710 0.088683 0.092980 0.061004 0.050312 0.061604 0.066300 0.062903 0.087085 0.049913 0.078591 0.050612 0.078691 0.057507 
0.062303 0.052910 0.096977 0.092880 0.060904 0.047315 0.062903 0.063702 0.064602 0.081889 0.048614 0.076992 0.057107 0.074194 0.056707 
0.059605 0.050912 0.097777 0.091282 0.060005 0.054809 0.073695 0.065601 0.061804 0.084886 0.049213 0.078391 0.042518 0.075793 0.053710 
0.062203 0.037922 0.092281 0.080190 0.066200 0.047315 0.072695 0.063203 0.065201 0.086085 0.054809 0.085986 0.051511 0.076393 0.058006 
0.067599 0.040719 0.098076 0.078891 0.066700 0.044716 0.069698 0.064002 0.062003 0.088284 0.050912 0.071496 0.052111 0.083088 0.061704 
0.064102 0.046915 0.091481 0.083288 0.061704 0.047215 0.065001 0.062403 0.069498 0.088484 0.045016 0.075094 0.055009 0.080689 0.064102 
0.060704 0.052511 0.091481 0.081289 0.062803 0.049113 0.069998 0.066000 0.062403 0.092381 0.052411 0.073495 0.055309 0.073895 0.056208 
0.061104 0.048014 0.097777 0.089283 0.066500 0.045016 0.062303 0.068898 0.059206 0.088883 0.052011 0.077492 0.051611 0.076692 0.055209 
0.056608 0.046915 0.088983 0.086785 0.068798 0.047514 0.069598 0.062503 0.070597 0.090382 0.049413 0.079091 0.043318 0.079191 0.060305 
0.066700 0.047015 0.091981 0.081189 0.061904 0.044117 0.071297 0.067300 0.065601 0.085686 0.048713 0.073995 0.054209 0.077792 0.062503 
0.065501 0.049913 0.093680 0.079490 0.066500 0.042418 0.068199 0.062903 0.071396 0.083887 0.052810 0.078591 0.049213 0.077592 0.057907 
0.056707 0.046315 0.094179 0.094379 0.071696 0.047315 0.060305 0.067399 0.061404 0.088484 0.055508 0.078691 0.048913 0.074994 0.053710 
0.070897 0.048014 0.099575 0.081589 0.066900 0.044517 0.067599 0.066100 0.065001 0.084387 0.049313 0.075793 0.053110 0.076193 0.051012 
0.062603 0.044716 0.097077 0.092581 0.055908 0.050212 0.066600 0.065501 0.060704 0.085286 0.048214 0.077892 0.049413 0.073695 0.069598 
0.069698 0.047015 0.092780 0.080090 0.057907 0.047614 0.070697 0.060804 0.062503 0.094279 0.046415 0.075993 0.052511 0.083887 0.057807 
0.064402 0.041219 0.095478 0.082188 0.063502 0.050612 0.075194 0.064602 0.057707 0.088883 0.053810 0.075094 0.056907 0.074294 0.056108 
0.059505 0.051411 0.089083 0.087884 0.069698 0.049413 0.064102 0.062703 0.064602 0.088484 0.048214 0.076393 0.051411 0.080490 0.056608 
0.063402 0.054209 0.091781 0.076892 0.066900 0.045716 0.068099 0.062803 0.064801 0.095279 0.053410 0.073695 0.050812 0.078391 0.053810 
0.059805 0.048913 0.099176 0.085986 0.067399 0.045916 0.073495 0.061504 0.065501 0.088883 0.048913 0.076593 0.048014 0.070397 0.059505 
0.065701 0.049613 0.086985 0.088284 0.070197 0.041519 0.067000 0.060605 0.062903 0.085686 0.049313 0.079590 0.052011 0.078691 0.061904 
0.060105 0.051411 0.100275 0.084786 0.058006 0.045016 0.071596 0.062003 0.065301 0.092381 0.053410 0.078491 0.047714 0.075793 0.053710 
0.062603 0.048414 0.102673 0.085486 0.065401 0.046715 0.073095 0.067300 0.063402 0.083188 0.048913 0.071996 0.048713 0.076992 0.055109 
0.057507 0.042518 0.099675 0.088484 0.060205 0.050012 0.067499 0.066700 0.056907 0.088883 0.051611 0.079291 0.054309 0.081189 0.055209 
0.067100 0.051811 0.094179 0.078791 0.061904 0.048114 0.067799 0.073195 0.055109 0.084587 0.050112 0.077392 0.055508 0.074994 0.059405 
0.065901 0.053510 0.092281 0.087484 0.062803 0.049213 0.067300 0.062303 0.063402 0.083687 0.044816 0.081389 0.049213 0.077792 0.058906 
0.064302 0.050112 0.094879 0.084387 0.056608 0.043218 0.064801 0.064302 0.065201 0.094079 0.050712 0.080390 0.053510 0.080789 0.052710 
0.063303 0.048813 0.093180 0.082288 0.059605 0.042018 0.070397 0.065101 0.061704 0.094679 0.046015 0.079291 0.051312 0.081789 0.060505 
0.058506 0.049013 0.096078 0.082988 0.067999 0.042718 0.069398 0.066500 0.058006 0.082488 0.048713 0.084187 0.053910 0.075393 0.064102 
0.067000 0.049613 0.096777 0.085586 0.064302 0.050812 0.058706 0.065001 0.065401 0.090682 0.048713 0.080490 0.047514 0.073195 0.056208 
0.068599 0.044617 0.089183 0.086985 0.063303 0.053510 0.067000 0.062103 0.062203 0.088484 0.049713 0.076593 0.057507 0.073295 0.056907 
0.064302 0.049613 0.090182 0.087884 0.067100 0.052810 0.063802 0.063802 0.061104 0.084287 0.048214 0.074594 0.049213 0.084387 0.058706 
0.066200 0.041819 0.092381 0.082888 0.068898 0.045316 0.070997 0.067100 0.057507 0.086685 0.052311 0.078691 0.052411 0.081189 0.055608 
0.059805 0.048514 0.096278 0.087285 0.060904 0.042618 0.071696 0.064402 0.063003 0.086185 0.045316 0.080190 0.055808 0.080689 0.057307 
0.075893 0.051611 0.088284 0.092381 0.065801 0.043118 0.064002 0.055908 0.062003 0.083987 0.052111 0.068499 0.050012 0.077292 0.069098 
0.062803 0.050712 0.098176 0.079690 0.062303 0.050112 0.071796 0.062103 0.061604 0.080789 0.051811 0.073395 0.054409 0.085186 0.055109 
0.060704 0.050212 0.093580 0.078691 0.062403 0.053310 0.069798 0.065401 0.059805 0.081589 0.055508 0.079191 0.049113 0.081189 0.059505 
0.069398 0.044017 0.090082 0.090482 0.058406 0.049813 0.067000 0.067799 0.056807 0.093180 0.049913 0.078991 0.054709 0.073195 0.056208 
0.057907 0.046415 0.099875 0.082988 0.066900 0.055508 0.069398 0.069998 0.063602 0.088384 0.045516 0.074094 0.055408 0.069698 0.054309 
0.060205 0.059206 0.096977 0.082188 0.063203 0.051711 0.066800 0.067000 0.059206 0.086985 0.045916 0.078291 0.046515 0.080989 0.054809 
0.065701 0.042818 0.096378 0.079590 0.063402 0.046715 0.065301 0.069998 0.064701 0.086285 0.053210 0.080889 0.048414 0.074994 0.061604 
0.060205 0.047814 0.095578 0.085486 0.063303 0.052411 0.072596 0.071097 0.059805 0.080290 0.051212 0.072596 0.053110 0.075194 0.059306 
0.059705 0.057507 0.095179 0.080490 0.065301 0.051611 0.067499 0.066500 0.060305 0.086285 0.053410 0.077792 0.051911 0.075094 0.051411 
0.063003 0.050812 0.086685 0.085086 0.064402 0.047015 0.072596 0.065501 0.063602 0.082888 0.060904 0.072296 0.053510 0.070397 0.061304 
0.059605 0.044716 0.097777 0.085286 0.056208 0.052810 0.067999 0.074494 0.057207 0.085686 0.052611 0.079390 0.045116 0.082288 0.058806 
0.063402 0.052810 0.108569 0.084087 0.061504 0.047714 0.065601 0.064202 0.060804 0.085686 0.050912 0.075393 0.049813 0.079990 0.049513 
0.061304 0.049513 0.093980 0.079990 0.060605 0.049413 0.065401 0.069498 0.064302 0.087285 0.049013 0.083587 0.049213 0.079490 0.057407 
0.064701 0.049413 0.095678 0.088783 0.063802 0.051012 0.072296 0.065801 0.065101 0.085786 0.052511 0.068499 0.045216 0.082888 0.048514 
0.071396 0.051411 0.096977 0.078991 0.058506 0.041519 0.072396 0.064502 0.069898 0.084487 0.051511 0.071097 0.053110 0.074794 0.059405 
0.056508 0.048614 0.097677 0.087884 0.062703 0.046515 0.067399 0.062403 0.070597 0.078791 0.051012 0.081189 0.049313 0.081089 0.058306 
0.054309 0.050512 0.097077 0.082388 0.064801 0.049013 0.068099 0.065801 0.064502 0.088584 0.052810 0.081089 0.051012 0.072496 0.057507 
0.064701 0.051611 0.088883 0.086085 0.063602 0.045916 0.071396 0.070297 0.047414 0.088783 0.053210 0.078191 0.051012 0.082888 0.056008 
0.064102 0.049813 0.087085 0.086085 0.060405 0.047814 0.072795 0.061604 0.060305 0.091481 0.051212 0.074694 0.051212 0.081089 0.060305 
0.060205 0.043617 0.098076 0.083787 0.056807 0.047614 0.065401 0.070397 0.059405 0.090082 0.050112 0.080590 0.058406 0.073295 0.062203 
0.060605 0.051611 0.097777 0.084287 0.052710 0.046915 0.074294 0.067699 0.060405 0.090382 0.051511 0.079690 0.051112 0.080090 0.050912 
0.062203 0.047115 0.097377 0.078591 0.067799 0.053710 0.069498 0.060205 0.064102 0.085286 0.049213 0.075393 0.052011 0.080190 0.057307 
0.067799 0.047814 0.095179 0.078891 0.061504 0.047115 0.068399 0.064102 0.059905 0.087984 0.045316 0.077892 0.049313 0.084587 0.064202 
0.062103 0.042718 0.097077 0.080590 0.065901 0.048414 0.069498 0.061604 0.069098 0.088084 0.050512 0.077092 0.049013 0.077592 0.060704 
0.063502 0.040719 0.089483 0.084087 0.059206 0.047914 0.075393 0.068199 0.067300 0.078891 0.053510 0.078491 0.053110 0.077392 0.062803 
0.060704 0.046315 0.101074 0.087285 0.058106 0.044916 0.070897 0.065601 0.067200 0.090382 0.051711 0.078891 0.052810 0.071696 0.052411 
0.066300 0.051212 0.092780 0.090382 0.054609 0.047414 0.068399 0.062003 0.058006 0.091282 0.054509 0.078891 0.052411 0.075793 0.056008 
0.052710 0.051511 0.091082 0.089983 0.063203 0.043118 0.065901 0.060605 0.061404 0.094679 0.055009 0.073295 0.056807 0.076093 0.064602 
0.064202 0.048114 0.095279 0.083687 0.067899 0.045316 0.067000 0.064102 0.065901 0.084686 0.053010 0.085486 0.047814 0.077392 0.050112 
0.063003 0.054109 0.091581 0.085586 0.057107 0.047514 0.065701 0.065901 0.055708 0.088284 0.049113 0.074994 0.052710 0.090582 0.058106 
0.061204 0.046015 0.090382 0.080290 0.069598 0.043517 0.070597 0.071197 0.064102 0.092181 0.046015 0.071496 0.048414 0.081989 0.063003 
0.066200 0.045016 0.097677 0.085586 0.064801 0.051312 0.070297 0.063802 0.060605 0.079191 0.051911 0.078091 0.052710 0.074694 0.058106 
0.062103 0.050412 0.085986 0.083587 0.063402 0.045616 0.061604 0.069598 0.064102 0.090082 0.050012 0.079890 0.050512 0.075793 0.067300 
0.056308 0.050812 0.094479 0.082588 0.056108 0.044117 0.077092 0.067000 0.060904 0.090582 0.050312 0.075893 0.054509 0.079890 0.059405 
0.059605 0.048813 0.094579 0.085586 0.053810 0.054409 0.066300 0.070697 0.063802 0.091381 0.053310 0.072795 0.051012 0.080290 0.053610 
0.057507 0.045916 0.093580 0.083188 0.064701 0.057207 0.064102 0.062203 0.064102 0.089083 0.053010 0.071996 0.056807 0.081489 0.055109 
0.055708 0.046715 0.096677 0.085686 0.070097 0.045816 0.066300 0.066400 0.058506 0.095179 0.046115 0.075194 0.058306 0.078091 0.055209 
0.062803 0.053610 0.089883 0.082988 0.063402 0.049413 0.067999 0.065501 0.063203 0.090682 0.054209 0.070697 0.049013 0.075893 0.060704 
0.062103 0.051611 0.097077 0.080290 0.055708 0.041019 0.068199 0.068898 0.060405 0.089983 0.050812 0.080190 0.049113 0.079490 0.065101 
0.058506 0.051711 0.085986 0.081589 0.062903 0.050512 0.069098 0.067000 0.070397 0.087984 0.050712 0.072296 0.052810 0.079690 0.058806 
0.065601 0.044417 0.094879 0.082988 0.066200 0.046115 0.063902 0.066700 0.057707 0.090582 0.055408 0.080490 0.051811 0.077792 0.055408 
0.064002 0.054409 0.092281 0.088484 0.059905 0.047015 0.070897 0.063203 0.066300 0.090282 0.048713 0.078791 0.044217 0.075793 0.055708 
0.057107 0.048214 0.097277 0.080190 0.056608 0.052511 0.068798 0.069298 0.065401 0.088584 0.048114 0.081089 0.055508 0.074594 0.056707 
0.061804 0.054009 0.098776 0.088584 0.067999 0.050412 0.068798 0.065301 0.050012 0.093480 0.046215 0.072895 0.050512 0.076792 0.054409 
0.064102 0.049013 0.092481 0.085386 0.067899 0.044716 0.069798 0.063602 0.063802 0.085086 0.049813 0.073995 0.050112 0.078491 0.061704 
0.061104 0.045716 0.090582 0.090982 0.061204 0.048614 0.069898 0.063003 0.063502 0.090182 0.050212 0.076792 0.054409 0.076892 0.056907 
0.063702 0.053210 0.098076 0.084387 0.069698 0.046315 0.070897 0.064502 0.057607 0.080889 0.048414 0.079490 0.050912 0.075593 0.056308 
0.060005 0.054709 0.095578 0.090782 0.061204 0.045816 0.069198 0.066000 0.058706 0.082988 0.045416 0.076892 0.054009 0.080689 0.058006 
0.061704 0.053310 0.092780 0.073295 0.057207 0.051312 0.066600 0.066600 0.064302 0.091781 0.042618 0.085286 0.051711 0.080390 0.061104 
0.065501 0.046315 0.093780 0.083987 0.066700 0.050412 0.062803 0.068399 0.062803 0.089883 0.053210 0.084587 0.045316 0.074094 0.052211 
0.068998 0.049913 0.097577 0.077092 0.059106 0.048014 0.063602 0.065901 0.063103 0.080590 0.049813 0.077292 0.053210 0.080290 0.065501 
0.069198 0.050612 0.097377 0.086285 0.062103 0.050212 0.065001 0.067799 0.061504 0.090682 0.055908 0.071297 0.046815 0.070997 0.054209 
0.062403 0.045316 0.093380 0.093380 0.059306 0.049013 0.069998 0.062503 0.062303 0.083687 0.047315 0.079091 0.053910 0.077092 0.061304 
0.054509 0.053210 0.091681 0.081989 0.062703 0.055209 0.067599 0.060804 0.068798 0.087085 0.047814 0.081289 0.048314 0.079790 0.059206 
0.060804 0.053810 0.091082 0.080390 0.062703 0.047115 0.067699 0.067000 0.065701 0.082588 0.054209 0.076992 0.054009 0.078191 0.057707 
0.063602 0.052810 0.097577 0.074994 0.059306 0.053710 0.062303 0.065801 0.069798 0.088983 0.043417 0.080490 0.050012 0.076992 0.060205 
0.064901 0.046015 0.093480 0.087884 0.059306 0.046915 0.070197 0.067899 0.057307 0.085286 0.047914 0.081189 0.054109 0.075094 0.062503 
0.061204 0.058106 0.100175 0.077692 0.055608 0.049313 0.069298 0.063003 0.058006 0.091781 0.055309 0.075493 0.050112 0.078591 0.056308 
0.062403 0.055009 0.090382 0.080789 0.068998 0.044217 0.069198 0.064901 0.062403 0.087684 0.043917 0.078491 0.056008 0.079490 0.056108 
0.066700 0.048813 0.093580 0.085686 0.058206 0.051411 0.065401 0.066100 0.066000 0.090582 0.049213 0.073395 0.052311 0.070797 0.061804 
0.058306 0.042918 0.093080 0.089283 0.066900 0.049213 0.066000 0.066600 0.064202 0.086485 0.046415 0.081289 0.051911 0.074394 0.063003 
0.057107 0.055309 0.094779 0.086385 0.064701 0.047015 0.071696 0.067100 0.064801 0.079790 0.048813 0.076493 0.055109 0.076792 0.054109 
0.058306 0.050512 0.093080 0.079091 0.066700 0.046715 0.067200 0.063303 0.065501 0.086185 0.047115 0.076493 0.055808 0.085386 0.058606 
0.067100 0.053110 0.090882 0.083088 0.066200 0.046715 0.066200 0.065501 0.063303 0.087584 0.047015 0.077592 0.050812 0.070097 0.064801 
0.057207 0.049613 0.093480 0.089283 0.062903 0.045916 0.067899 0.067399 0.067999 0.088783 0.049713 0.076093 0.052111 0.077092 0.054509 
0.063003 0.045616 0.097477 0.086185 0.058206 0.052810 0.066400 0.073195 0.059405 0.084786 0.050112 0.083088 0.050112 0.079990 0.049613 
0.061604 0.051711 0.094879 0.080789 0.061004 0.043817 0.058306 0.066200 0.060804 0.091481 0.047414 0.078791 0.052111 0.090682 0.060405 
0.056008 0.047814 0.090082 0.083687 0.063602 0.049913 0.069898 0.068499 0.067999 0.085886 0.047914 0.072196 0.052311 0.080390 0.063802 
0.058806 0.042918 0.090582 0.091781 0.055408 0.048114 0.074994 0.064801 0.068399 0.091881 0.048314 0.073695 0.046915 0.080190 0.063203 
0.065201 0.048514 0.088284 0.086685 0.065401 0.046215 0.067999 0.064302 0.063602 0.087085 0.047814 0.081489 0.046915 0.078591 0.061904 
0.059206 0.054509 0.090982 0.085986 0.067899 0.041819 0.069398 0.062003 0.059306 0.086285 0.050412 0.080190 0.051312 0.078191 0.062503 
0.058006 0.052311 0.094479 0.082588 0.068399 0.049413 0.066700 0.066500 0.060704 0.086785 0.043118 0.074294 0.057507 0.080490 0.058706 
0.066200 0.050712 0.099975 0.081289 0.051811 0.051511 0.067599 0.055708 0.063003 0.091082 0.053210 0.070297 0.059206 0.080889 0.057507 
0.062603 0.047315 0.095878 0.078991 0.063103 0.050112 0.072496 0.064202 0.064901 0.091481 0.047514 0.075493 0.048414 0.077992 0.059505 
0.064502 0.052111 0.093180 0.081089 0.065101 0.049313 0.067699 0.060904 0.063602 0.091282 0.047514 0.073995 0.047115 0.085386 0.057207 
0.063103 0.055009 0.095878 0.087285 0.064102 0.047414 0.066100 0.063103 0.062603 0.080689 0.048713 0.077492 0.045616 0.081189 0.061704 
0.066200 0.046815 0.099775 0.081189 0.061504 0.043617 0.069698 0.065101 0.058006 0.085286 0.044217 0.077892 0.059505 0.079191 0.062003 
0.063402 0.052311 0.096977 0.082088 0.060405 0.043018 0.068099 0.064701 0.066600 0.082488 0.049313 0.076992 0.051112 0.083188 0.059306 
0.063103 0.040919 0.094979 0.086885 0.062203 0.053010 0.061104 0.071496 0.062303 0.088384 0.046415 0.082888 0.051411 0.079091 0.055808 
0.057907 0.050912 0.096478 0.086885 0.060704 0.044217 0.069298 0.062803 0.061304 0.083587 0.051811 0.077892 0.055009 0.081589 0.059605 
0.060105 0.049113 0.093580 0.081989 0.061504 0.046915 0.068399 0.069098 0.065901 0.086885 0.051012 0.075393 0.051112 0.079091 0.059905 
0.060505 0.051112 0.094379 0.083987 0.065901 0.054909 0.062103 0.070097 0.063602 0.085486 0.041219 0.080590 0.047015 0.081689 0.057407 
0.062103 0.048214 0.087085 0.082788 0.061604 0.045316 0.067200 0.067300 0.059905 0.094679 0.052411 0.080390 0.051112 0.079490 0.060405 
0.064202 0.053010 0.093580 0.081089 0.054909 0.050412 0.067300 0.068998 0.060405 0.086385 0.052511 0.078691 0.051711 0.071796 0.065001 
0.075593 0.054709 0.097777 0.077492 0.058006 0.046615 0.060704 0.064402 0.064302 0.092181 0.051411 0.069198 0.051411 0.081589 0.054609 
0.063502 0.053610 0.091282 0.089283 0.055608 0.047315 0.068798 0.067100 0.056907 0.088584 0.048214 0.076593 0.060005 0.080789 0.052411 
0.063602 0.047514 0.098376 0.086585 0.061304 0.043218 0.069498 0.069098 0.057607 0.090582 0.048414 0.076593 0.052611 0.070897 0.064102 
0.060605 0.049113 0.088484 0.082188 0.063502 0.050812 0.066200 0.067200 0.059705 0.082388 0.060904 0.078791 0.050312 0.080789 0.059006 
0.059505 0.045116 0.090482 0.079291 0.057707 0.048314 0.061904 0.067799 0.064701 0.093880 0.048713 0.076093 0.056408 0.085686 0.064402 
0.059306 0.046915 0.100974 0.086085 0.066400 0.046315 0.069998 0.064901 0.061904 0.092581 0.052311 0.068698 0.048114 0.074594 0.060904 
0.060305 0.046115 0.097677 0.081189 0.065601 0.057607 0.070597 0.063802 0.055908 0.094779 0.047315 0.074294 0.053610 0.068099 0.063103 
0.056408 0.053710 0.091781 0.093680 0.058906 0.049813 0.071396 0.068599 0.054209 0.081689 0.046315 0.081689 0.055209 0.071197 0.065401 
0.067599 0.045016 0.088584 0.089983 0.067300 0.045816 0.067300 0.064302 0.061004 0.087085 0.047215 0.079690 0.050212 0.084187 0.054709 
0.067599 0.054009 0.095778 0.088484 0.068299 0.043318 0.066800 0.058906 0.062003 0.087185 0.051012 0.074094 0.053910 0.075593 0.053010 
0.059006 0.045016 0.096478 0.086585 0.067200 0.049513 0.069698 0.062403 0.070497 0.090882 0.047015 0.076293 0.049013 0.077092 0.053310 
0.065301 0.051711 0.096578 0.084886 0.058206 0.052511 0.067200 0.069398 0.059905 0.086185 0.040220 0.077792 0.052910 0.080689 0.056508 
0.063902 0.045916 0.093580 0.094979 0.061604 0.045516 0.060405 0.066600 0.062203 0.088683 0.054909 0.075793 0.053510 0.077192 0.055209 
0.066800 0.049013 0.096278 0.081989 0.065501 0.048514 0.063502 0.065001 0.065001 0.081189 0.051012 0.081789 0.050512 0.075194 0.058706 
0.062003 0.044916 0.105071 0.083387 0.064801 0.042318 0.069298 0.067399 0.061004 0.090882 0.047414 0.076593 0.052311 0.076493 0.056108 
0.062303 0.059006 0.093480 0.081889 0.065501 0.049313 0.073095 0.064602 0.063902 0.088084 0.046015 0.073995 0.050712 0.074594 0.053510 
0.068499 0.048214 0.089983 0.082288 0.061004 0.048314 0.065401 0.067899 0.060605 0.089983 0.045716 0.079091 0.055109 0.081789 0.056108 
0.063402 0.049313 0.099975 0.082288 0.063003 0.045216 0.062703 0.063402 0.064502 0.086285 0.053910 0.078291 0.046015 0.080989 0.060704 
0.065701 0.051012 0.094579 0.086485 0.062603 0.045216 0.064602 0.062103 0.062103 0.085286 0.047814 0.075393 0.054509 0.077992 0.064602 
0.067499 0.049413 0.094079 0.086785 0.063802 0.049513 0.067100 0.066200 0.057007 0.084886 0.055808 0.078591 0.040120 0.086785 0.052411 
0.065001 0.045116 0.093380 0.092780 0.061604 0.048214 0.065801 0.066900 0.056907 0.086585 0.051411 0.081889 0.043218 0.073895 0.067300 
0.070197 0.045716 0.097177 0.082888 0.062703 0.044716 0.070197 0.066600 0.068599 0.085386 0.050212 0.075593 0.052011 0.077892 0.050112 
0.061404 0.051511 0.098376 0.086185 0.056807 0.048713 0.075993 0.068399 0.055109 0.082688 0.047414 0.077392 0.051711 0.081089 0.057207 
0.058906 0.044916 0.095678 0.089283 0.065001 0.046815 0.070597 0.063502 0.063502 0.085886 0.054509 0.077592 0.049713 0.079291 0.054809 
0.065901 0.045716 0.089283 0.077292 0.070397 0.048114 0.072695 0.070297 0.064102 0.086285 0.052211 0.076093 0.052011 0.074294 0.055309 
0.061804 0.050112 0.090682 0.083088 0.063902 0.045916 0.074294 0.063702 0.064701 0.090282 0.048014 0.075094 0.053310 0.078291 0.056807 
0.063003 0.051811 0.090382 0.081089 0.061504 0.042618 0.070197 0.062503 0.058006 0.091381 0.052311 0.085386 0.050212 0.079690 0.059905 
0.068299 0.052710 0.096178 0.077192 0.058906 0.040620 0.065501 0.068499 0.062903 0.085486 0.047015 0.076992 0.051711 0.079291 0.068698 
0.062303 0.049613 0.092481 0.084487 0.062103 0.044417 0.072096 0.064502 0.062503 0.081189 0.054609 0.081289 0.051312 0.079590 0.057507 
0.063003 0.053710 0.093580 0.090482 0.069198 0.045816 0.064602 0.069298 0.059405 0.088284 0.048813 0.077592 0.046615 0.073795 0.055808 
0.057907 0.050412 0.100375 0.082988 0.064602 0.049413 0.074394 0.063303 0.059505 0.081889 0.051112 0.080789 0.048713 0.077092 0.057507 
0.063003 0.052011 0.083088 0.088683 0.064002 0.050012 0.066600 0.071496 0.056807 0.088184 0.057807 0.075693 0.050312 0.082088 0.050212 
0.064701 0.052111 0.097677 0.091481 0.069298 0.046715 0.064302 0.064002 0.062303 0.085486 0.046915 0.082288 0.051112 0.068099 0.053510 
0.054709 0.048214 0.098376 0.089283 0.063003 0.050612 0.064901 0.065201 0.058606 0.086885 0.051112 0.081489 0.050812 0.070897 0.065901 
0.064102 0.044716 0.098176 0.083088 0.061104 0.052910 0.067200 0.071097 0.062003 0.083387 0.047714 0.076593 0.052211 0.078791 0.056907 
