0.0143819 0.00081304 0.1806 0.212826 0.172119 0.139893 0.00081304 0.00081304 0.00590135 0.00081304 0.00250914 0.033039 0.00929355 0.00081304 0.00250914 0.00420524 0.0890103 0.00081304 0.00250914 0.126325 
0.00669614 0.174324 0.00669614 0.00669614 0.00669614 0.0346341 0.146386 0.118448 0.0486031 0.0206651 0.0346341 0.0346341 0.00669614 0.0625721 0.0206651 0.00669614 0.0206651 0.00669614 0.188293 0.0486031 
0.0138793 0.0983173 0.0420253 0.00449733 0.0420253 0.304721 0.0983173 0.00449733 0.00449733 0.00449733 0.00449733 0.0420253 0.0420253 0.00449733 0.00449733 0.0138793 0.0232613 0.00449733 0.229665 0.0138793 
0.0373696 0.0373696 0.0373696 0.0373696 0.0121089 0.264716 0.0121089 0.0121089 0.0121089 0.0121089 0.0121089 0.0121089 0.0121089 0.0121089 0.264716 0.113152 0.0373696 0.0121089 0.0121089 0.0373696 
0.00453993 0.241311 0.00453993 0.0424233 0.0140108 0.317078 0.00453993 0.0234816 0.184486 0.00453993 0.0140108 0.00453993 0.0140108 0.0234816 0.0140108 0.00453993 0.00453993 0.0140108 0.061365 0.00453993 
0.0102895 0.0102895 0.396662 0.0102895 0.117615 0.0102895 0.0317546 0.0532198 0.0102895 0.0532198 0.0102895 0.0746849 0.0317546 0.0102895 0.0102895 0.0317546 0.0532198 0.0102895 0.0532198 0.0102895 
0.00244689 0.0570296 0.00740895 0.195967 0.012371 0.000792868 0.432492 0.00244689 0.00244689 0.0570296 0.000792868 0.00410091 0.0421434 0.000792868 0.0471055 0.010717 0.0950721 0.0239492 0.00410091 0.000792868 
0.000944386 0.067928 0.000944386 0.377234 0.0245856 0.00291449 0.308281 0.000944386 0.000944386 0.0344362 0.00291449 0.00291449 0.00291449 0.0206454 0.0600475 0.000944386 0.0462568 0.0167052 0.0068547 0.0206454 
0.000658832 0.303028 0.000658832 0.127104 0.0144029 0.43772 0.00203324 0.00203324 0.0391422 0.000658832 0.000658832 0.00615646 0.00340764 0.00890527 0.0171517 0.000658832 0.00203324 0.0226493 0.000658832 0.0102797 
0.00594832 0.167264 0.0431751 0.00594832 0.0307662 0.0431751 0.00594832 0.0183572 0.00594832 0.00594832 0.00594832 0.00594832 0.00594832 0.0679929 0.365807 0.0183572 0.00594832 0.00594832 0.179673 0.00594832 
0.00617832 0.00617832 0.070622 0.019067 0.109288 0.263953 0.070622 0.00617832 0.00617832 0.0835107 0.00617832 0.00617832 0.00617832 0.00617832 0.019067 0.122177 0.00617832 0.135066 0.0319558 0.019067 
0.00815627 0.0808261 0.00346789 0.312901 0.0105005 0.289459 0.0011237 0.0011237 0.0011237 0.0902028 0.00581208 0.00346789 0.0128446 0.00581208 0.0480074 0.0011237 0.00346789 0.0831702 0.00581208 0.0315981 
0.0136237 0.0872972 0.0044145 0.0044145 0.0044145 0.603012 0.0596697 0.0504605 0.0136237 0.0044145 0.0320421 0.0228329 0.0044145 0.0044145 0.0044145 0.0320421 0.0136237 0.0044145 0.0044145 0.0320421 
0.0601679 0.0194963 0.0601679 0.0194963 0.0194963 0.0194963 0.0601679 0.0194963 0.0194963 0.0194963 0.0194963 0.182183 0.0194963 0.10084 0.0601679 0.0601679 0.141511 0.0194963 0.0601679 0.0194963 
0.00609779 0.00201386 0.011543 0.609158 0.000652554 0.0537436 0.000652554 0.00201386 0.015627 0.0129043 0.000652554 0.00473648 0.00337517 0.00882041 0.177623 0.0632728 0.00473648 0.015627 0.000652554 0.00609779 
0.0050679 0.0790737 0.174224 0.0262124 0.0050679 0.322236 0.0790737 0.0050679 0.0050679 0.0050679 0.0050679 0.0050679 0.0367847 0.0050679 0.0156402 0.0262124 0.0156402 0.142507 0.0050679 0.0367847 
0.00148598 0.00148598 0.00148598 0.243281 0.00148598 0.0851843 0.0665847 0.00148598 0.00768585 0.0386852 0.00458592 0.00458592 0.0169857 0.00458592 0.00458592 0.00458592 0.00148598 0.506776 0.00148598 0.00148598 
0.00282662 0.108967 0.33304 0.0794834 0.0205166 0.114863 0.0441033 0.00282662 0.00282662 0.0441033 0.00282662 0.0794834 0.00282662 0.01462 0.0735867 0.0205166 0.01462 0.01462 0.0205166 0.00282662 
0.00176502 0.0201753 0.0938165 0.0901344 0.00176502 0.557756 0.0201753 0.00176502 0.00544708 0.0459497 0.0164933 0.00176502 0.0128112 0.00176502 0.00912914 0.0275394 0.00176502 0.0680421 0.0201753 0.00176502 
0.00529168 0.00529168 0.00529168 0.00529168 0.00529168 0.0604871 0.00529168 0.00529168 0.038409 0.00529168 0.0715262 0.00529168 0.0163308 0.00529168 0.00529168 0.733872 0.00529168 0.00529168 0.00529168 0.00529168 
0.0105152 0.0543872 0.0105152 0.0543872 0.0105152 0.120195 0.0105152 0.0105152 0.0543872 0.0105152 0.0105152 0.0105152 0.0105152 0.0105152 0.0324512 0.0324512 0.0105152 0.493107 0.0324512 0.0105152 
0.0286342 0.00553613 0.0863795 0.178772 0.0170852 0.0517324 0.0863795 0.00553613 0.00553613 0.0517324 0.0170852 0.00553613 0.00553613 0.00553613 0.0517324 0.0748305 0.00553613 0.305812 0.00553613 0.00553613 
0.0426459 0.00587541 0.0181322 0.0181322 0.10393 0.140701 0.0916732 0.00587541 0.0794164 0.00587541 0.00587541 0.0303891 0.152957 0.0181322 0.0426459 0.0794164 0.0549027 0.0426459 0.0426459 0.0181322 
0.0647777 0.0174892 0.0293113 0.0411334 0.0529555 0.100244 0.0293113 0.0174892 0.24211 0.0293113 0.0529555 0.0293113 0.159355 0.0174892 0.0174892 0.00566703 0.00566703 0.00566703 0.0529555 0.0293113 
0.0115376 0.0150989 0.0542736 0.260831 0.000853577 0.481634 0.000853577 0.000853577 0.00619558 0.00797625 0.000853577 0.00797625 0.0649576 0.0115376 0.0168796 0.00975691 0.00619558 0.00975691 0.0293443 0.00263424 
0.0416089 0.326905 0.00804465 0.00804465 0.00804465 0.0248268 0.0583911 0.0248268 0.0248268 0.00804465 0.00804465 0.0248268 0.00804465 0.0248268 0.12552 0.192648 0.00804465 0.00804465 0.00804465 0.0583911 
0.000714833 0.00667976 0.149838 0.27361 0.00369729 0.0350131 0.0260658 0.0111534 0.00667976 0.00966222 0.000714833 0.00220606 0.000714833 0.000714833 0.046943 0.000714833 0.00518852 0.00518852 0.154312 0.260189 
0.0283827 0.0283827 0.085485 0.0120678 0.00391034 0.00391034 0.109957 0.0283827 0.00391034 0.118115 0.0120678 0.00391034 0.00391034 0.0120678 0.0120678 0.0365402 0.0283827 0.264949 0.16706 0.0365402 
0.00348403 0.177919 0.119774 0.0907015 0.00348403 0.0180203 0.00348403 0.0834334 0.00348403 0.00348403 0.00348403 0.00348403 0.0907015 0.0252884 0.0470928 0.228796 0.00348403 0.0180203 0.00348403 0.0688971 
0.0393581 0.0127532 0.0127532 0.0127532 0.0127532 0.0925677 0.0127532 0.0127532 0.0127532 0.0127532 0.0127532 0.0659629 0.0127532 0.0393581 0.0127532 0.0127532 0.0925677 0.225592 0.0127532 0.278802 
0.00625899 0.267399 0.00625899 0.0715441 0.00625899 0.215171 0.00625899 0.00625899 0.00625899 0.00625899 0.00625899 0.00625899 0.00625899 0.019316 0.110715 0.00625899 0.019316 0.189057 0.032373 0.00625899 
0.00105449 0.00985368 0.00105449 0.311226 0.0230525 0.00105449 0.614798 0.00985368 0.00105449 0.00105449 0.00105449 0.00105449 0.00105449 0.00105449 0.00325429 0.00325429 0.0120535 0.00105449 0.00105449 0.00105449 
0.0697389 0.0779635 0.00394251 0.0286162 0.0121671 0.0532898 0.00394251 0.00394251 0.0121671 0.0779635 0.0779635 0.00394251 0.0121671 0.0286162 0.0368407 0.217781 0.00394251 0.258904 0.0121671 0.00394251 
0.0436674 0.00263894 0.0008551 0.0757765 0.0115582 0.00442279 0.00799048 0.0650735 0.00620663 0.0258289 0.0008551 0.0222612 0.00263894 0.00263894 0.543144 0.12394 0.0186935 0.0311804 0.00620663 0.00442279 
0.00195987 0.00195987 0.108261 0.00195987 0.00195987 0.635681 0.00195987 0.00604839 0.0101369 0.00195987 0.00195987 0.00195987 0.018314 0.00195987 0.0101369 0.00604839 0.0796418 0.0714647 0.034668 0.00195987 
0.00625899 0.176 0.04543 0.0584871 0.019316 0.00625899 0.04543 0.00625899 0.00625899 0.0715441 0.00625899 0.00625899 0.019316 0.00625899 0.019316 0.0846011 0.267399 0.0846011 0.032373 0.032373 
0.0068886 0.107482 0.0068886 0.208075 0.0068886 0.121852 0.0356295 0.0068886 0.0356295 0.0212591 0.0068886 0.0212591 0.0068886 0.0643705 0.05 0.0356295 0.0356295 0.0356295 0.0068886 0.179334 
0.00120871 0.0390314 0.0239023 0.051639 0.0188593 0.0894617 0.409694 0.00120871 0.00120871 0.00625174 0.0163378 0.00120871 0.00120871 0.0112948 0.0138163 0.056682 0.00120871 0.155021 0.0995477 0.00120871 
0.00881511 0.166476 0.0184678 0.0699489 0.0329469 0.0313381 0.000771184 0.000771184 0.000771184 0.000771184 0.0297293 0.00559754 0.139127 0.000771184 0.224392 0.0490347 0.0602962 0.016859 0.142344 0.000771184 
0.0755269 0.0244731 0.0244731 0.0244731 0.0755269 0.38185 0.0244731 0.0244731 0.0244731 0.0244731 0.0244731 0.0244731 0.0244731 0.0244731 0.0244731 0.0755269 0.0244731 0.0244731 0.0244731 0.0244731 
0.00517737 0.0267786 0.134785 0.275193 0.0699812 0.210389 0.015978 0.00517737 0.0267786 0.015978 0.0267786 0.00517737 0.0699812 0.00517737 0.0267786 0.015978 0.00517737 0.015978 0.0267786 0.015978 
0.00327012 0.010092 0.0510233 0.276145 0.00327012 0.25568 0.276145 0.00327012 0.0305576 0.010092 0.00327012 0.00327012 0.0305576 0.00327012 0.010092 0.010092 0.010092 0.00327012 0.00327012 0.00327012 
0.0167683 0.191672 0.0167683 0.121711 0.0867298 0.051749 0.0167683 0.0167683 0.0167683 0.0167683 0.0167683 0.051749 0.0167683 0.0167683 0.051749 0.0167683 0.0167683 0.0867298 0.0167683 0.156691 
0.0131018 0.0677658 0.0131018 0.0404338 0.0131018 0.0404338 0.0404338 0.0131018 0.0131018 0.0131018 0.0131018 0.0131018 0.0131018 0.0131018 0.0131018 0.204426 0.0131018 0.286422 0.0131018 0.149762 
0.00723094 0.00234305 0.00723094 0.0903251 0.0170067 0.329832 0.0609978 0.00234305 0.0903251 0.0121188 0.00234305 0.0170067 0.00234305 0.00234305 0.0854372 0.00234305 0.0365583 0.0121188 0.21741 0.00234305 
0.00791187 0.024417 0.271994 0.00791187 0.00791187 0.024417 0.00791187 0.00791187 0.024417 0.00791187 0.00791187 0.024417 0.0574273 0.00791187 0.00791187 0.00791187 0.00791187 0.420541 0.0574273 0.00791187 
0.00791529 0.0433422 0.00302883 0.00425044 0.00180721 0.00913691 0.00547206 0.0176882 0.000585592 0.0237963 0.0128018 0.000585592 0.00425044 0.000585592 0.000585592 0.745772 0.000585592 0.0787691 0.0372341 0.00180721 
0.000498507 0.0524959 0.0150578 0.264645 0.0275371 0.498633 0.0275371 0.000498507 0.010898 0.0181776 0.0327369 0.0129779 0.0171377 0.00153845 0.00361835 0.0046583 0.0025784 0.0046583 0.00361835 0.000498507 
0.0109977 0.0109977 0.102768 0.0109977 0.0109977 0.0109977 0.446906 0.0109977 0.0109977 0.0109977 0.0109977 0.0339402 0.0109977 0.0339402 0.0109977 0.0109977 0.0109977 0.0568828 0.171595 0.0109977 
0.00135188 0.018273 0.0690362 0.12826 0.00135188 0.475142 0.0887775 0.0210931 0.00135188 0.102878 0.00135188 0.00417206 0.00135188 0.00417206 0.00417206 0.049295 0.00981242 0.00135188 0.00417206 0.0126326 
0.00079948 0.0208133 0.00079948 0.0741833 0.00079948 0.00079948 0.0158098 0.00246729 0.00246729 0.0108064 0.014142 0.00246729 0.00079948 0.00413511 0.00747074 0.806354 0.00413511 0.0224811 0.00747074 0.00079948 
0.000634418 0.0112222 0.0363682 0.0853368 0.000634418 0.0337213 0.00328137 0.00328137 0.000634418 0.0112222 0.000634418 0.46385 0.000634418 0.00195789 0.261359 0.000634418 0.000634418 0.000634418 0.0826898 0.000634418 
0.000757774 0.0165659 0.0782175 0.185713 0.00233858 0.62992 0.00866182 0.0055002 0.00708101 0.00391939 0.00866182 0.00391939 0.000757774 0.000757774 0.000757774 0.040278 0.000757774 0.00233858 0.00233858 0.000757774 
0.051749 0.0167683 0.0167683 0.0167683 0.0167683 0.191672 0.0167683 0.0167683 0.0167683 0.0167683 0.051749 0.0167683 0.0167683 0.051749 0.191672 0.0167683 0.226653 0.0167683 0.0167683 0.0167683 
0.0162016 0.05 0.0162016 0.218992 0.0162016 0.0837984 0.05 0.05 0.0162016 0.0162016 0.0162016 0.0162016 0.0162016 0.05 0.0162016 0.0837984 0.0837984 0.117597 0.0162016 0.05 
0.00372788 0.0270584 0.00372788 0.656981 0.00372788 0.0115047 0.0270584 0.0348352 0.0270584 0.0192815 0.0115047 0.00372788 0.0270584 0.00372788 0.00372788 0.0115047 0.042612 0.00372788 0.0659425 0.0115047 
0.00475349 0.0296774 0.0852769 0.225234 0.000919037 0.146628 0.00283626 0.000919037 0.00667071 0.00283626 0.00475349 0.000919037 0.000919037 0.000919037 0.0833597 0.00667071 0.00475349 0.000919037 0.0105052 0.38053 
0.00204341 0.00630622 0.010569 0.360119 0.00204341 0.0276203 0.51358 0.00204341 0.00204341 0.00630622 0.00630622 0.00204341 0.00204341 0.0318831 0.00630622 0.00630622 0.00204341 0.00630622 0.00204341 0.00204341 
0.00573596 0.0568416 0.000790254 0.15081 0.000790254 0.434364 0.000790254 0.00738452 0.00573596 0.000790254 0.0172759 0.0106817 0.0156274 0.000790254 0.216753 0.0255188 0.00738452 0.00243882 0.0354102 0.00408739 
0.0127532 0.0127532 0.0127532 0.0393581 0.0659629 0.571455 0.0393581 0.0393581 0.0127532 0.0393581 0.0127532 0.0127532 0.0127532 0.0127532 0.0127532 0.0393581 0.0127532 0.0127532 0.0127532 0.0127532 
0.0427719 0.0138594 0.0138594 0.0138594 0.0427719 0.216247 0.216247 0.0138594 0.100597 0.0138594 0.0138594 0.0138594 0.0427719 0.100597 0.0138594 0.0427719 0.0138594 0.0138594 0.0138594 0.0427719 
0.093254 0.0180297 0.0180297 0.0180297 0.093254 0.0180297 0.0556418 0.0556418 0.0180297 0.0180297 0.0180297 0.0556418 0.093254 0.0180297 0.0180297 0.0180297 0.0180297 0.318927 0.0180297 0.0180297 
0.0006499 0.0223423 0.0006499 0.152496 0.0250538 0.593122 0.00878453 0.00336144 0.0359 0.00200567 0.0006499 0.00200567 0.0006499 0.00200567 0.0006499 0.0142076 0.00742876 0.0142076 0.0765731 0.0372557 
0.0131018 0.368418 0.0404338 0.0404338 0.0131018 0.0131018 0.0677658 0.0131018 0.0131018 0.0131018 0.0131018 0.0131018 0.0404338 0.0131018 0.12243 0.0404338 0.0950978 0.0404338 0.0131018 0.0131018 
0.0131397 0.0397857 0.00425766 0.164134 0.0309037 0.519414 0.0220217 0.00425766 0.00425766 0.0220217 0.00425766 0.00425766 0.0131397 0.00425766 0.00425766 0.0486677 0.00425766 0.00425766 0.0841957 0.00425766 
0.0091155 0.0091155 0.0281315 0.0661636 0.0091155 0.18026 0.0661636 0.0281315 0.0091155 0.104196 0.0091155 0.0091155 0.104196 0.0091155 0.0281315 0.0091155 0.0091155 0.27534 0.0281315 0.0091155 
0.0115266 0.0596184 0.0115266 0.0115266 0.0115266 0.0115266 0.0115266 0.0115266 0.0115266 0.0115266 0.0115266 0.0115266 0.0115266 0.0836642 0.300077 0.0596184 0.0115266 0.300077 0.0355725 0.0115266 
0.00232037 0.0168421 0.00232037 0.0120015 0.00716094 0.195943 0.00716094 0.00232037 0.00716094 0.00232037 0.0168421 0.00716094 0.0120015 0.0120015 0.0652478 0.457334 0.00232037 0.0749289 0.0942912 0.00232037 
0.0514796 0.0514796 0.0218882 0.00709244 0.00709244 0.184641 0.273415 0.00709244 0.0514796 0.15505 0.00709244 0.00709244 0.00709244 0.00709244 0.0366839 0.0514796 0.00709244 0.0218882 0.00709244 0.0366839 
0.00256908 0.125836 0.0240068 0.0240068 0.0240068 0.00792851 0.0561633 0.0561633 0.0132879 0.00256908 0.00256908 0.0132879 0.0347256 0.0615228 0.18479 0.00256908 0.00256908 0.00256908 0.077601 0.281259 
0.0483653 0.113752 0.0483653 0.0483653 0.0156719 0.211833 0.0483653 0.113752 0.0156719 0.0156719 0.0810588 0.0156719 0.0156719 0.0156719 0.0156719 0.0156719 0.113752 0.0156719 0.0156719 0.0156719 
0.0118106 0.0118106 0.0118106 0.0118106 0.0610873 0.135002 0.258194 0.0118106 0.0118106 0.0364489 0.0118106 0.0364489 0.0118106 0.233556 0.0118106 0.0118106 0.0118106 0.0118106 0.0857256 0.0118106 
0.000684223 0.000684223 0.0534971 0.267603 0.000684223 0.541659 0.0620613 0.000684223 0.00782109 0.0192401 0.000684223 0.00353897 0.0021116 0.0178127 0.000684223 0.000684223 0.00639372 0.00496635 0.00639372 0.0021116 
0.126122 0.0898736 0.0173761 0.0173761 0.0173761 0.126122 0.0173761 0.0173761 0.0173761 0.0536249 0.0173761 0.0536249 0.0173761 0.0173761 0.0536249 0.0173761 0.0173761 0.19862 0.0536249 0.0536249 
0.00948663 0.00602395 0.000829932 0.296889 0.00602395 0.011218 0.367874 0.00775529 0.000829932 0.000829932 0.000829932 0.00256127 0.0493075 0.000829932 0.0596955 0.000829932 0.134143 0.0233374 0.000829932 0.0198747 
0.00927781 0.0245169 0.00927781 0.0634612 0.0211304 0.00250489 0.000811663 0.0143575 0.0651544 0.0245169 0.0211304 0.010971 0.0126643 0.000811663 0.551111 0.100712 0.0126643 0.039756 0.000811663 0.0143575 
0.137458 0.01471 0.045397 0.01471 0.01471 0.01471 0.01471 0.382953 0.01471 0.01471 0.01471 0.045397 0.01471 0.0760839 0.045397 0.01471 0.01471 0.045397 0.045397 0.01471 
0.0463763 0.00496296 0.00496296 0.00496296 0.00496296 0.0153163 0.00496296 0.00496296 0.00496296 0.0153163 0.00496296 0.00496296 0.00496296 0.325917 0.00496296 0.49157 0.00496296 0.0256696 0.0153163 0.00496296 
0.00947588 0.0292437 0.00947588 0.0292437 0.0490116 0.266458 0.266458 0.0292437 0.00947588 0.0292437 0.00947588 0.0292437 0.0292437 0.0292437 0.00947588 0.00947588 0.0490116 0.0687795 0.0292437 0.00947588 
0.0373696 0.0121089 0.0373696 0.0121089 0.0121089 0.0121089 0.0121089 0.0626304 0.0121089 0.0121089 0.0373696 0.0373696 0.0121089 0.214195 0.0121089 0.0373696 0.188934 0.138413 0.0121089 0.0878911 
0.00986594 0.00986594 0.00986594 0.0304475 0.00986594 0.0510291 0.00986594 0.0510291 0.00986594 0.153937 0.0921922 0.00986594 0.00986594 0.0510291 0.421497 0.00986594 0.00986594 0.0304475 0.00986594 0.00986594 
0.0222205 0.200803 0.280173 0.00237792 0.00237792 0.106551 0.0519843 0.00237792 0.0271811 0.0767874 0.00237792 0.00237792 0.00237792 0.0321417 0.00237792 0.141276 0.00237792 0.00733855 0.0271811 0.00733855 
0.0173761 0.0536249 0.0173761 0.0536249 0.0173761 0.126122 0.0173761 0.0536249 0.0173761 0.0173761 0.162371 0.0173761 0.0173761 0.0173761 0.0173761 0.0898736 0.0173761 0.0898736 0.0898736 0.0898736 
0.0124227 0.0124227 0.0642534 0.0383381 0.0124227 0.504815 0.0124227 0.0124227 0.0124227 0.0642534 0.0383381 0.0124227 0.0383381 0.0124227 0.0383381 0.0124227 0.0383381 0.0124227 0.0124227 0.0383381 
0.0304475 0.0304475 0.112774 0.174518 0.00986594 0.0510291 0.00986594 0.00986594 0.00986594 0.00986594 0.0304475 0.00986594 0.00986594 0.112774 0.0304475 0.0304475 0.00986594 0.133355 0.174518 0.00986594 
0.0301748 0.0191608 0.0246678 0.00263982 0.0136538 0.00263982 0.00263982 0.0246678 0.00263982 0.00814682 0.0246678 0.0191608 0.00263982 0.00263982 0.0246678 0.211906 0.140315 0.382623 0.0466958 0.0136538 
0.0286769 0.0092922 0.0092922 0.106216 0.0092922 0.106216 0.0092922 0.0092922 0.0674462 0.0868309 0.0092922 0.0092922 0.0286769 0.0868309 0.0092922 0.0092922 0.144985 0.0092922 0.144985 0.106216 
0.01347 0.29447 0.01347 0.04157 0.01347 0.23827 0.01347 0.06967 0.01347 0.01347 0.04157 0.01347 0.01347 0.01347 0.04157 0.04157 0.01347 0.01347 0.04157 0.04157 
0.000684223 0.000684223 0.000684223 0.223355 0.000684223 0.00496635 0.00496635 0.0178127 0.00496635 0.000684223 0.00496635 0.0021116 0.000684223 0.000684223 0.221927 0.49741 0.000684223 0.00924847 0.000684223 0.0021116 
0.0468669 0.00300374 0.00300374 0.00300374 0.00300374 0.0218022 0.00926991 0.0155361 0.0280684 0.00300374 0.00926991 0.00926991 0.00300374 0.00300374 0.0781978 0.0406007 0.00926991 0.704815 0.00300374 0.00300374 
0.110151 0.0784926 0.0784926 0.0468342 0.0151757 0.0468342 0.0468342 0.0151757 0.0151757 0.0468342 0.141809 0.0151757 0.0151757 0.0151757 0.0468342 0.0468342 0.0151757 0.173468 0.0151757 0.0151757 
0.00384757 0.0199006 0.0760862 0.0359536 0.00384757 0.20451 0.124245 0.0118741 0.0921392 0.00384757 0.00384757 0.0439801 0.00384757 0.0359536 0.0760862 0.00384757 0.0118741 0.0760862 0.0841127 0.0841127 
0.05 0.0162016 0.0162016 0.0162016 0.0162016 0.0162016 0.05 0.0162016 0.0162016 0.05 0.0162016 0.0162016 0.0837984 0.0162016 0.0162016 0.0162016 0.0162016 0.421783 0.0162016 0.117597 
0.00254804 0.028384 0.028384 0.235071 0.000825643 0.241961 0.353916 0.00599283 0.00599283 0.0404407 0.000825643 0.000825643 0.00254804 0.000825643 0.01116 0.0163272 0.000825643 0.000825643 0.000825643 0.0214944 
0.0124227 0.0901688 0.0124227 0.0124227 0.0124227 0.0124227 0.0383381 0.0124227 0.0124227 0.0124227 0.0124227 0.0124227 0.0124227 0.0124227 0.0901688 0.167915 0.245661 0.167915 0.0383381 0.0124227 
0.00947588 0.0292437 0.00947588 0.464137 0.0490116 0.0292437 0.00947588 0.147851 0.0292437 0.00947588 0.00947588 0.00947588 0.00947588 0.0292437 0.0687795 0.0292437 0.00947588 0.00947588 0.00947588 0.0292437 
0.00312108 0.165895 0.00312108 0.00312108 0.00312108 0.00312108 0.016143 0.00963204 0.00312108 0.100785 0.00963204 0.00312108 0.0421868 0.00312108 0.00963204 0.165895 0.00963204 0.315647 0.0942745 0.0356759 
0.00523046 0.0424589 0.000457583 0.0586866 0.0281402 0.155099 0.256284 0.000457583 0.0395951 0.0147762 0.000457583 0.00236673 0.000457583 0.00618503 0.00236673 0.232419 0.000457583 0.00427588 0.148417 0.00141216 
0.000841588 0.000841588 0.00259725 0.151828 0.0043529 0.000841588 0.0148868 0.00259725 0.0359547 0.00259725 0.000841588 0.0780905 0.00259725 0.0043529 0.0043529 0.648679 0.0043529 0.00786422 0.0306878 0.000841588 
0.00173941 0.36823 0.0307683 0.00173941 0.00173941 0.0162539 0.099712 0.00536802 0.0126253 0.00173941 0.00536802 0.0126253 0.0670545 0.0706831 0.00536802 0.18317 0.00173941 0.0198825 0.0888262 0.00536802 
0.00535074 0.19511 0.05 0.00535074 0.0723246 0.0611623 0.0723246 0.00535074 0.00535074 0.161623 0.00535074 0.0276754 0.0276754 0.0165131 0.0946493 0.0165131 0.0276754 0.116974 0.0276754 0.00535074 
0.01471 0.01471 0.01471 0.01471 0.0760839 0.567075 0.01471 0.01471 0.01471 0.01471 0.01471 0.01471 0.0760839 0.01471 0.01471 0.01471 0.01471 0.045397 0.01471 0.01471 
0.0121089 0.0121089 0.0626304 0.0373696 0.0121089 0.0121089 0.0626304 0.0121089 0.0121089 0.0878911 0.0121089 0.0373696 0.0626304 0.0626304 0.0878911 0.0878911 0.0121089 0.264716 0.0373696 0.0121089 
0.274875 0.0388058 0.000730075 0.0692663 0.00682218 0.0266215 0.00529916 0.00377613 0.0022531 0.0022531 0.0205294 0.0022531 0.00986824 0.000730075 0.268783 0.0311906 0.0281446 0.0692663 0.0936347 0.0448979 
0.00947588 0.00947588 0.00947588 0.0490116 0.0687795 0.187387 0.167619 0.00947588 0.00947588 0.0292437 0.0292437 0.0687795 0.00947588 0.0292437 0.147851 0.00947588 0.0885473 0.0292437 0.0292437 0.00947588 
0.00259692 0.00801441 0.0946943 0.0296844 0.00259692 0.376404 0.0242669 0.00259692 0.0513544 0.110947 0.0730244 0.00801441 0.0134319 0.00801441 0.00259692 0.00259692 0.0296844 0.0459369 0.110947 0.00259692 
0.00271457 0.399119 0.0197033 0.0197033 0.0140404 0.234895 0.138625 0.00837749 0.0253663 0.00271457 0.0423551 0.00271457 0.00271457 0.0310292 0.00271457 0.00271457 0.00837749 0.0253663 0.00837749 0.00837749 
0.0115266 0.0115266 0.0596184 0.0115266 0.0115266 0.0115266 0.0115266 0.0115266 0.0115266 0.0596184 0.0355725 0.0115266 0.0115266 0.0596184 0.492444 0.0596184 0.0115266 0.0596184 0.0355725 0.0115266 
0.00257465 0.126142 0.000834265 0.0460841 0.000834265 0.589083 0.000834265 0.0147573 0.02694 0.0251996 0.000834265 0.000834265 0.00431503 0.00257465 0.141805 0.00257465 0.000834265 0.00257465 0.00953617 0.000834265 
0.0857256 0.0118106 0.0118106 0.159641 0.0118106 0.184279 0.0118106 0.0118106 0.0118106 0.0118106 0.0118106 0.0857256 0.0857256 0.0118106 0.0118106 0.0118106 0.159641 0.0118106 0.0364489 0.0610873 
0.00529168 0.00529168 0.0604871 0.00529168 0.00529168 0.711794 0.0715262 0.00529168 0.00529168 0.0273699 0.0273699 0.00529168 0.00529168 0.00529168 0.00529168 0.0163308 0.00529168 0.0163308 0.00529168 0.00529168 
0.00256571 0.0910172 0.000831371 0.122235 0.00776874 0.0233778 0.0181748 0.000831371 0.000831371 0.0910172 0.0788768 0.0476586 0.0320495 0.00430006 0.0268465 0.441355 0.000831371 0.000831371 0.00430006 0.00430006 
0.225592 0.0127532 0.0659629 0.119173 0.0127532 0.0393581 0.0127532 0.119173 0.0393581 0.0127532 0.0393581 0.0393581 0.0393581 0.0393581 0.0127532 0.0925677 0.0127532 0.0127532 0.0393581 0.0127532 
0.00361542 0.222339 0.026242 0.0865797 0.00361542 0.00361542 0.00361542 0.00361542 0.0639531 0.0111576 0.00361542 0.00361542 0.00361542 0.00361542 0.46369 0.00361542 0.00361542 0.00361542 0.0790375 0.00361542 
0.00118481 0.00859977 0.344745 0.201389 0.0407313 0.0605045 0.00612812 0.00365646 0.0110714 0.0110714 0.0110714 0.00118481 0.00118481 0.00118481 0.00118481 0.00365646 0.00118481 0.24835 0.00118481 0.0407313 
0.00512205 0.00512205 0.00512205 0.229512 0.0264925 0.00512205 0.0692334 0.00512205 0.0158073 0.101289 0.0158073 0.0158073 0.0158073 0.00512205 0.0264925 0.14403 0.1654 0.12266 0.0158073 0.00512205 
0.04157 0.01347 0.06967 0.01347 0.01347 0.15397 0.01347 0.01347 0.04157 0.01347 0.01347 0.01347 0.01347 0.04157 0.01347 0.01347 0.12587 0.01347 0.12587 0.23827 
0.413444 0.238575 0.0306226 0.0542536 0.00699172 0.0164441 0.00226553 0.00226553 0.00226553 0.0117179 0.00226553 0.0684321 0.00226553 0.0117179 0.00226553 0.0117179 0.0258965 0.00226553 0.092063 0.00226553 
0.00284338 0.00877503 0.00284338 0.0206383 0.00877503 0.590077 0.00284338 0.00284338 0.0206383 0.00284338 0.00284338 0.0502966 0.0443649 0.0384333 0.0621599 0.0147067 0.00284338 0.00284338 0.115545 0.00284338 
0.05 0.0162016 0.05 0.185194 0.0837984 0.151395 0.0162016 0.0162016 0.0162016 0.185194 0.0162016 0.0162016 0.05 0.0162016 0.0162016 0.05 0.0162016 0.0162016 0.0162016 0.0162016 
0.0272704 0.0742971 0.0664593 0.113486 0.0037571 0.434835 0.0351082 0.0037571 0.0037571 0.0194327 0.0037571 0.0037571 0.0115949 0.0037571 0.160513 0.0037571 0.0115949 0.0037571 0.0037571 0.0115949 
0.00642682 0.623155 0.0332411 0.00642682 0.0332411 0.00642682 0.00642682 0.0332411 0.0600554 0.0332411 0.00642682 0.0198339 0.00642682 0.00642682 0.00642682 0.0734625 0.00642682 0.0198339 0.00642682 0.00642682 
0.00101433 0.0221744 0.0687267 0.138555 0.00313034 0.125859 0.00101433 0.0200584 0.0158264 0.00313034 0.00524635 0.0158264 0.320532 0.00313034 0.227428 0.00101433 0.00101433 0.00313034 0.00101433 0.0221744 
0.00791187 0.123448 0.0409222 0.024417 0.123448 0.00791187 0.00791187 0.00791187 0.00791187 0.0904376 0.271994 0.00791187 0.00791187 0.00791187 0.139953 0.024417 0.00791187 0.0574273 0.00791187 0.024417 
0.000772427 0.0346113 0.0346113 0.0168862 0.0426682 0.00560656 0.0297772 0.000772427 0.0023838 0.000772427 0.0136634 0.00882931 0.0184976 0.0249431 0.0297772 0.542195 0.000772427 0.116792 0.0748958 0.000772427 
0.00120871 0.0541605 0.00120871 0.77027 0.00877325 0.056682 0.0365099 0.0390314 0.00120871 0.00120871 0.00120871 0.00877325 0.00120871 0.00120871 0.00373022 0.00120871 0.00877325 0.00120871 0.00120871 0.00120871 
0.00104302 0.449271 0.0771983 0.188167 0.00104302 0.00104302 0.0684949 0.00104302 0.00974648 0.00104302 0.0162741 0.00104302 0.00104302 0.0315051 0.114188 0.0315051 0.00104302 0.00321888 0.00104302 0.00104302 
0.0219057 0.0776201 0.0207203 0.0705077 0.000568238 0.0266473 0.000568238 0.00649531 0.0230911 0.00175365 0.045614 0.00175365 0.000568238 0.00293907 0.0503556 0.0100515 0.00175365 0.0728785 0.21987 0.344338 
0.000521275 0.190824 0.00487105 0.308268 0.00160872 0.00269616 0.00704594 0.00378361 0.00378361 0.00269616 0.00487105 0.000521275 0.000521275 0.0244451 0.397439 0.00160872 0.00160872 0.0364069 0.0059585 0.000521275 
0.000685201 0.0650089 0.00497344 0.205091 0.000685201 0.00211462 0.00354403 0.000685201 0.0164088 0.00926169 0.000685201 0.000685201 0.0678677 0.139338 0.426651 0.0492853 0.000685201 0.00354403 0.000685201 0.00211462 
0.00529168 0.226074 0.038409 0.038409 0.00529168 0.39166 0.0273699 0.00529168 0.00529168 0.00529168 0.0163308 0.00529168 0.0163308 0.00529168 0.038409 0.0825653 0.00529168 0.00529168 0.0715262 0.00529168 
0.000783793 0.0694576 0.0122294 0.100524 0.00405397 0.040026 0.00895924 0.00241888 0.00241888 0.0972541 0.000783793 0.00241888 0.0105943 0.00405397 0.000783793 0.21171 0.000783793 0.393205 0.0138645 0.0236751 
0.00419812 0.0600747 0.00927781 0.0888596 0.0126643 0.165055 0.498621 0.00250489 0.000811663 0.0380627 0.00419812 0.0143575 0.00250489 0.0583815 0.00589135 0.00250489 0.00927781 0.010971 0.00927781 0.00250489 
0.00587541 0.0181322 0.00587541 0.0794164 0.0303891 0.0303891 0.0426459 0.0426459 0.00587541 0.0181322 0.00587541 0.00587541 0.00587541 0.00587541 0.00587541 0.471635 0.201985 0.00587541 0.00587541 0.00587541 
0.0125809 0.0125809 0.0380939 0.131642 0.0210853 0.437797 0.0380939 0.0806156 0.0125809 0.0465983 0.00407662 0.00407662 0.0210853 0.00407662 0.00407662 0.0465983 0.0125809 0.0636069 0.00407662 0.00407662 
0.000654336 0.0811908 0.00474941 0.202678 0.000654336 0.324165 0.107126 0.0129396 0.0620805 0.0224947 0.000654336 0.00201936 0.000654336 0.000654336 0.0702706 0.00338439 0.0183997 0.00201936 0.0811908 0.00201936 
0.00899408 0.24589 0.0258294 0.189372 0.00298148 0.370953 0.00177896 0.000576437 0.0174117 0.0390571 0.0162092 0.00298148 0.00177896 0.00177896 0.000576437 0.000576437 0.00899408 0.00177896 0.0306394 0.031842 
0.000905154 0.00279342 0.0688826 0.187843 0.0367822 0.0839887 0.00845821 0.000905154 0.0254526 0.00656994 0.00845821 0.000905154 0.0688826 0.227497 0.212391 0.0122347 0.000905154 0.0292291 0.000905154 0.0160113 
0.00286371 0.113203 0.0415793 0.188699 0.000927932 0.103524 0.00286371 0.000927932 0.00286371 0.000927932 0.035772 0.0957812 0.00286371 0.297103 0.000927932 0.0454509 0.000927932 0.0551298 0.000927932 0.00673528 
0.000908585 0.0786209 0.0179674 0.239732 0.000908585 0.000908585 0.000908585 0.00849027 0.00280401 0.0312353 0.381888 0.00280401 0.000908585 0.0274445 0.160124 0.0255491 0.000908585 0.00849027 0.00659485 0.00280401 
0.0047656 0.0047656 0.0544737 0.0047656 0.0047656 0.0644154 0.0544737 0.0047656 0.0644154 0.0147072 0.0047656 0.0047656 0.0047656 0.0047656 0.0445321 0.0544737 0.0047656 0.481964 0.114123 0.0047656 
0.00982393 0.0164646 0.0164646 0.0231053 0.0297459 0.0363866 0.0297459 0.00318326 0.00318326 0.155919 0.0164646 0.00982393 0.00318326 0.00982393 0.0231053 0.0164646 0.0961527 0.474671 0.00318326 0.0231053 
0.0165747 0.00320454 0.0366299 0.00320454 0.00320454 0.00320454 0.0165747 0.0165747 0.00320454 0.0366299 0.00988961 0.00320454 0.0165747 0.00988961 0.00320454 0.558065 0.197071 0.0299448 0.0299448 0.00320454 
0.285163 0.0264625 0.0540289 0.0646314 0.020101 0.00101648 0.0179805 0.00101648 0.01586 0.0264625 0.0137395 0.00313698 0.0264625 0.00101648 0.0519084 0.266079 0.00101648 0.00101648 0.119764 0.00313698 
0.000652554 0.0129043 0.109557 0.365483 0.0074591 0.000652554 0.000652554 0.187152 0.0074591 0.000652554 0.0197109 0.00201386 0.000652554 0.00337517 0.225269 0.00201386 0.000652554 0.000652554 0.051021 0.00201386 
0.00778235 0.0705595 0.0109212 0.0140601 0.0140601 0.0736984 0.00150464 0.0266155 0.0109212 0.00150464 0.0391709 0.0297544 0.00150464 0.00150464 0.00150464 0.657526 0.00150464 0.0266155 0.0046435 0.0046435 
0.0109977 0.0109977 0.0798253 0.0339402 0.171595 0.332193 0.0109977 0.0109977 0.0339402 0.0109977 0.0109977 0.0339402 0.0109977 0.0109977 0.0568828 0.0568828 0.0568828 0.0109977 0.0109977 0.0339402 
0.0138594 0.0138594 0.0138594 0.0138594 0.0138594 0.0716843 0.0427719 0.0138594 0.0138594 0.0138594 0.0138594 0.0138594 0.0427719 0.0138594 0.0427719 0.0138594 0.302984 0.274072 0.0138594 0.0427719 
0.0454202 0.0271008 0.00878152 0.00878152 0.246933 0.00878152 0.118697 0.00878152 0.0454202 0.0271008 0.0637395 0.00878152 0.155336 0.00878152 0.00878152 0.0637395 0.0271008 0.00878152 0.0454202 0.0637395 
0.000783793 0.0825383 0.02204 0.0563769 0.00241888 0.456974 0.000783793 0.000783793 0.0449312 0.000783793 0.00241888 0.0514716 0.00405397 0.00241888 0.133226 0.00241888 0.0236751 0.0122294 0.040026 0.059647 
0.000674594 0.000674594 0.000674594 0.614252 0.000674594 0.0386713 0.00348917 0.000674594 0.000674594 0.00630374 0.00348917 0.00208188 0.000674594 0.000674594 0.00489645 0.00208188 0.287761 0.000674594 0.000674594 0.0302276 
0.0148009 0.00706479 0.0019074 0.0392984 0.0186689 0.466072 0.0212476 0.00835413 0.0251156 0.0251156 0.0122222 0.000618058 0.0689534 0.0019074 0.177258 0.0173796 0.0109328 0.0238263 0.0586386 0.000618058 
0.00234229 0.00867554 0.0245087 0.472586 0.00234229 0.000758974 0.000758974 0.00709222 0.00234229 0.000758974 0.000758974 0.000758974 0.0039256 0.000758974 0.466253 0.00234229 0.000758974 0.000758974 0.000758974 0.000758974 
0.000937002 0.0028917 0.0165746 0.17686 0.0048464 0.0028917 0.0028917 0.000937002 0.0048464 0.020484 0.0048464 0.00875581 0.000937002 0.000937002 0.102581 0.436835 0.0048464 0.000937002 0.192498 0.0126652 
0.00581262 0.096025 0.0108244 0.129437 0.000800816 0.490287 0.106049 0.000800816 0.000800816 0.00915382 0.00748322 0.00247142 0.000800816 0.0475776 0.020848 0.00414202 0.00414202 0.00247142 0.0258598 0.0342128 
0.00529168 0.00529168 0.0273699 0.00529168 0.00529168 0.0273699 0.0163308 0.0163308 0.00529168 0.0273699 0.00529168 0.00529168 0.00529168 0.479973 0.0163308 0.159839 0.038409 0.137761 0.00529168 0.00529168 
0.00541115 0.0166995 0.0618527 0.0957177 0.00541115 0.400502 0.0166995 0.0279878 0.00541115 0.0957177 0.00541115 0.00541115 0.00541115 0.0731411 0.00541115 0.0731411 0.0166995 0.00541115 0.0618527 0.0166995 
0.000633579 0.0244246 0.000633579 0.479098 0.00459875 0.0283898 0.00459875 0.00592048 0.00592048 0.056146 0.00988565 0.0151726 0.00327703 0.000633579 0.0112074 0.313882 0.000633579 0.0019553 0.000633579 0.032355 
0.0156719 0.0483653 0.0156719 0.0156719 0.0156719 0.0810588 0.0810588 0.0156719 0.0156719 0.0810588 0.0810588 0.0156719 0.0156719 0.0156719 0.309913 0.0156719 0.0156719 0.0156719 0.113752 0.0156719 
0.00437422 0.00437422 0.0773755 0.305504 0.00437422 0.424131 0.0226245 0.00437422 0.00437422 0.0226245 0.00437422 0.0134994 0.00437422 0.0134994 0.0226245 0.00437422 0.00437422 0.00437422 0.00437422 0.05 
0.0052339 0.0161525 0.0161525 0.0052339 0.0052339 0.398302 0.103501 0.0161525 0.0052339 0.0489081 0.027071 0.0052339 0.0379896 0.0052339 0.0489081 0.0052339 0.0161525 0.223605 0.0052339 0.0052339 
0.00547293 0.00547293 0.119645 0.0168901 0.00547293 0.564916 0.00547293 0.00547293 0.00547293 0.00547293 0.00547293 0.0739761 0.00547293 0.00547293 0.00547293 0.0511417 0.0625589 0.00547293 0.0168901 0.0283073 
0.0049121 0.0049121 0.0868901 0.0356539 0.0561483 0.127879 0.0151594 0.0151594 0.0356539 0.0868901 0.0254066 0.0254066 0.0049121 0.0663956 0.0049121 0.0868901 0.0049121 0.240599 0.0663956 0.0049121 
0.010751 0.212603 0.010751 0.010751 0.033179 0.100463 0.145319 0.010751 0.010751 0.010751 0.033179 0.010751 0.010751 0.010751 0.010751 0.010751 0.190175 0.055607 0.010751 0.100463 
0.0267285 0.283311 0.152036 0.0326956 0.00286035 0.110267 0.0565637 0.0684978 0.00882739 0.0565637 0.00882739 0.00286035 0.092366 0.0267285 0.00286035 0.0147944 0.0147944 0.0326956 0.00286035 0.00286035 
0.010569 0.304703 0.00204341 0.00630622 0.00630622 0.321754 0.0276203 0.010569 0.0446715 0.0148318 0.00204341 0.0574599 0.108614 0.0148318 0.00204341 0.00630622 0.00630622 0.0361459 0.0148318 0.00204341 
0.000689142 0.0538816 0.000689142 0.25515 0.00643968 0.561367 0.000689142 0.00212678 0.0136279 0.00356441 0.00356441 0.00500204 0.000689142 0.000689142 0.000689142 0.00500204 0.000689142 0.0294418 0.0409429 0.0150655 
0.00102081 0.0414819 0.0223161 0.763393 0.013798 0.0350933 0.00315034 0.00527987 0.0159275 0.00102081 0.00315034 0.0074094 0.00102081 0.013798 0.00315034 0.00102081 0.0329638 0.00315034 0.0223161 0.00953893 
0.0297711 0.011617 0.00124319 0.0401449 0.034958 0.0142104 0.0505187 0.00643008 0.00902353 0.00124319 0.00902353 0.0297711 0.00643008 0.00124319 0.00124319 0.68332 0.0297711 0.034958 0.00383664 0.00124319 
0.00138308 0.0360064 0.0129242 0.0562033 0.00715363 0.494765 0.214894 0.00138308 0.00138308 0.00138308 0.02158 0.0100389 0.00138308 0.00426836 0.00138308 0.0764003 0.00715363 0.0129242 0.0360064 0.00138308 
0.0106641 0.0929568 0.0435812 0.0468729 0.00243481 0.045227 0.21475 0.0287685 0.00408066 0.0649773 0.00408066 0.00243481 0.000788953 0.00572652 0.00243481 0.389211 0.000788953 0.033706 0.00408066 0.00243481 
0.0889692 0.0240206 0.170155 0.137681 0.00778341 0.0402577 0.0240206 0.00778341 0.0240206 0.0240206 0.00778341 0.00778341 0.0240206 0.00778341 0.0402577 0.202629 0.072732 0.072732 0.00778341 0.00778341 
0.00193612 0.22408 0.02617 0.199846 0.00193612 0.175612 0.163495 0.00193612 0.022131 0.131184 0.0059751 0.0059751 0.00193612 0.00193612 0.00193612 0.00193612 0.022131 0.00193612 0.0059751 0.00193612 
0.0215324 0.00296656 0.0524754 0.0215324 0.0153438 0.578507 0.00296656 0.00296656 0.0153438 0.027721 0.00296656 0.0648527 0.0710413 0.00296656 0.0896071 0.00296656 0.00296656 0.0153438 0.00296656 0.00296656 
0.00561241 0.00561241 0.225653 0.153571 0.0169938 0.0245815 0.0473443 0.00181859 0.00561241 0.195303 0.00561241 0.127014 0.0169938 0.00181859 0.00181859 0.0435505 0.0169938 0.073901 0.00181859 0.0283753 
0.219297 0.0134319 0.0459369 0.0621894 0.00801441 0.0242669 0.0351019 0.0134319 0.0296844 0.00801441 0.0188494 0.0730244 0.0351019 0.311394 0.0134319 0.0134319 0.00259692 0.00259692 0.0567719 0.0134319 
0.407241 0.00980932 0.0545651 0.0635162 0.000858162 0.00980932 0.0187605 0.0223409 0.00980932 0.0187605 0.00801909 0.00264839 0.000858162 0.0115995 0.17272 0.0885795 0.0277116 0.0491944 0.000858162 0.0223409 
0.0266133 0.00862354 0.00862354 0.0985724 0.0985724 0.134552 0.0446031 0.00862354 0.0266133 0.0266133 0.0446031 0.0266133 0.0266133 0.0446031 0.0446031 0.116562 0.00862354 0.00862354 0.0805826 0.116562 
0.0356974 0.00709225 0.00423173 0.264539 0.00709225 0.00995276 0.513404 0.00137121 0.00137121 0.00995276 0.00709225 0.00137121 0.00137121 0.00709225 0.044279 0.00137121 0.00995276 0.00137121 0.00423173 0.0671631 
0.000636947 0.00595195 0.00860945 0.102951 0.0723894 0.0072807 0.0205682 0.000636947 0.000636947 0.0072807 0.306249 0.0179107 0.000636947 0.0019657 0.330167 0.00329445 0.00329445 0.00860945 0.100293 0.000636947 
0.000890864 0.053282 0.0273875 0.0918226 0.000288668 0.000288668 0.0340117 0.00570844 0.000288668 0.212864 0.0273875 0.0767676 0.00269745 0.000890864 0.00510624 0.415202 0.0147414 0.000890864 0.0249787 0.00450404 
0.00104987 0.00762036 0.0273318 0.130269 0.00104987 0.029522 0.00324003 0.00324003 0.0120007 0.00104987 0.016381 0.00104987 0.0120007 0.0054302 0.568302 0.00104987 0.163122 0.0141908 0.00104987 0.00104987 
0.00268417 0.109075 0.0194827 0.0194827 0.00268417 0.321856 0.0138832 0.0194827 0.00268417 0.0642787 0.00828368 0.0194827 0.00268417 0.00268417 0.243463 0.00828368 0.00828368 0.125873 0.00268417 0.00268417 
0.0124227 0.0642534 0.0383381 0.0124227 0.0124227 0.0124227 0.0124227 0.0901688 0.0124227 0.0124227 0.0124227 0.0383381 0.0124227 0.0124227 0.0642534 0.0124227 0.452984 0.0642534 0.0383381 0.0124227 
0.00143698 0.0973639 0.0523982 0.0703845 0.0104301 0.0194233 0.0134278 0.0044347 0.00143698 0.0044347 0.00743241 0.00143698 0.00743241 0.0314142 0.00143698 0.660935 0.0044347 0.00143698 0.00743241 0.00143698 
0.00256571 0.0615334 0.29567 0.160391 0.0199091 0.00776874 0.00430006 0.000831371 0.00256571 0.00256571 0.000831371 0.000831371 0.0129718 0.00430006 0.00430006 0.000831371 0.241905 0.118767 0.0199091 0.0372526 
0.00594832 0.0804019 0.00594832 0.00594832 0.00594832 0.502305 0.0307662 0.00594832 0.0431751 0.00594832 0.0183572 0.00594832 0.00594832 0.00594832 0.00594832 0.142446 0.0183572 0.0431751 0.055584 0.00594832 
0.00095 0.452805 0.0286955 0.0901318 0.00293182 0.00491364 0.00095 0.00095 0.0286955 0.104005 0.00095 0.0128409 0.04455 0.13175 0.00095 0.00293182 0.00293182 0.0346409 0.04455 0.00887727 
0.00788624 0.018548 0.00255539 0.0878491 0.00255539 0.00788624 0.0132171 0.00255539 0.00255539 0.0292097 0.00788624 0.0665257 0.00788624 0.00255539 0.00255539 0.498325 0.00255539 0.226451 0.00255539 0.00788624 
0.232949 0.0824715 0.102271 0.0547519 0.0336322 0.000632743 0.0098726 0.0191125 0.00459268 0.0600318 0.0243924 0.00723264 0.00195272 0.000632743 0.227669 0.0362722 0.0560719 0.0257124 0.0177925 0.00195272 
0.00586158 0.0783025 0.00249223 0.118735 0.000807561 0.548326 0.00249223 0.00417691 0.00586158 0.000807561 0.0126003 0.000807561 0.00417691 0.00249223 0.0311317 0.0260776 0.00417691 0.024393 0.106942 0.019339 
0.00587544 0.0241043 0.00265858 0.000514009 0.00587544 0.00373087 0.000514009 0.00373087 0.0326826 0.0916583 0.0123092 0.515211 0.0198152 0.18173 0.0198152 0.000514009 0.000514009 0.00265858 0.0616343 0.0144537 
0.000686182 0.00211764 0.00641202 0.882466 0.00211764 0.0121379 0.000686182 0.00211764 0.00641202 0.000686182 0.000686182 0.000686182 0.000686182 0.0736907 0.000686182 0.00211764 0.000686182 0.000686182 0.0035491 0.000686182 
0.0166862 0.00322611 0.00322611 0.151287 0.0705267 0.00322611 0.0974469 0.00322611 0.00322611 0.00322611 0.00995616 0.0234163 0.00322611 0.0705267 0.104177 0.178208 0.0974469 0.0234163 0.131097 0.00322611 
0.0173761 0.0536249 0.0173761 0.0173761 0.0173761 0.0173761 0.0173761 0.0173761 0.0173761 0.0173761 0.0173761 0.0173761 0.0173761 0.561107 0.0173761 0.0173761 0.0173761 0.0173761 0.0536249 0.0536249 
