0.0892857 0.0314626 0.00765306 0.00085034 0.0178571 0.0042517 0.00935374 0.0382653 0.00085034 0.0110544 0.00255102 0.00765306 0.635204 0.00255102 0.138605 0.00255102 
0.0785714 0.00714286 0.0214286 0.207143 0.00714286 0.00714286 0.0214286 0.00714286 0.278571 0.00714286 0.0214286 0.05 0.00714286 0.00714286 0.221429 0.05 
0.0238095 0.0619048 0.0142857 0.0047619 0.0619048 0.0142857 0.0714286 0.0047619 0.242857 0.0047619 0.0142857 0.0238095 0.0047619 0.0333333 0.233333 0.185714 
0.0131579 0.0131579 0.118421 0.0131579 0.0131579 0.0657895 0.0657895 0.0657895 0.0394737 0.0131579 0.0131579 0.0131579 0.0131579 0.25 0.276316 0.0131579 
0.0913462 0.0432692 0.0144231 0.0144231 0.0144231 0.00480769 0.0913462 0.0240385 0.168269 0.110577 0.0336538 0.00480769 0.0144231 0.00480769 0.360577 0.00480769 
0.188889 0.1 0.0555556 0.0111111 0.144444 0.0333333 0.0555556 0.0111111 0.0777778 0.0111111 0.0111111 0.0333333 0.0333333 0.0111111 0.1 0.122222 
0.00580431 0.0820896 0.330846 0.00912106 0.00580431 0.118574 0.0936982 0.000829187 0.00414594 0.0107794 0.0373134 0.0257048 0.233002 0.00912106 0.0124378 0.0207297 
0.000988142 0.0405138 0.291502 0.020751 0.000988142 0.00494071 0.115613 0.00889328 0.0108696 0.0167984 0.00889328 0.0701581 0.360672 0.0266798 0.000988142 0.020751 
0.000688705 0.00206612 0.0158402 0.000688705 0.00206612 0.000688705 0.615014 0.0241047 0.0461433 0.000688705 0.000688705 0.000688705 0.161846 0.0337466 0.0902204 0.00482094 
0.0189873 0.00632911 0.0189873 0.0189873 0.056962 0.0316456 0.00632911 0.00632911 0.259494 0.00632911 0.00632911 0.0189873 0.00632911 0.5 0.00632911 0.0316456 
0.00657895 0.00657895 0.00657895 0.0328947 0.0723684 0.00657895 0.0328947 0.0460526 0.00657895 0.0592105 0.00657895 0.00657895 0.0460526 0.0328947 0.506579 0.125 
0.0247059 0.0458824 0.00588235 0.00117647 0.00588235 0.00117647 0.0717647 0.00588235 0.00588235 0.335294 0.00588235 0.0152941 0.252941 0.00352941 0.18 0.0388235 
0.0140187 0.0233645 0.0140187 0.0046729 0.0140187 0.0046729 0.0233645 0.0046729 0.0327103 0.0046729 0.14486 0.0700935 0.0981308 0.0046729 0.509346 0.0327103 
0.0217391 0.108696 0.0217391 0.0217391 0.0217391 0.0217391 0.0652174 0.0652174 0.0217391 0.0217391 0.108696 0.0217391 0.0652174 0.369565 0.0217391 0.0217391 
0.00341064 0.00204638 0.00341064 0.0197817 0.00204638 0.000682128 0.0047749 0.00613915 0.021146 0.000682128 0.00341064 0.0143247 0.348568 0.427694 0.108458 0.0334243 
0.0591398 0.209677 0.00537634 0.016129 0.0698925 0.00537634 0.0376344 0.0483871 0.00537634 0.00537634 0.00537634 0.00537634 0.0591398 0.016129 0.0483871 0.403226 
0.0046729 0.141745 0.00155763 0.00778816 0.00155763 0.00155763 0.00155763 0.00155763 0.0109034 0.0046729 0.0046729 0.0046729 0.0389408 0.00155763 0.0856698 0.686916 
0.0922619 0.205357 0.014881 0.00297619 0.0386905 0.00892857 0.139881 0.00892857 0.0208333 0.0803571 0.00297619 0.00297619 0.104167 0.00297619 0.247024 0.0267857 
0.00185185 0.00925926 0.00185185 0.00555556 0.0240741 0.00185185 0.00185185 0.00925926 0.087037 0.0203704 0.00185185 0.00185185 0.238889 0.012963 0.375926 0.205556 
0.00561798 0.00561798 0.0393258 0.0168539 0.00561798 0.713483 0.00561798 0.00561798 0.0168539 0.00561798 0.00561798 0.00561798 0.129213 0.00561798 0.0168539 0.0168539 
0.0113636 0.0113636 0.0340909 0.0113636 0.0113636 0.0113636 0.0113636 0.0113636 0.0113636 0.0113636 0.0113636 0.0113636 0.125 0.0113636 0.125 0.579545 
0.00588235 0.0411765 0.00588235 0.0176471 0.00588235 0.0176471 0.00588235 0.0294118 0.00588235 0.0176471 0.0176471 0.0176471 0.170588 0.0176471 0.252941 0.370588 
0.00625 0.03125 0.06875 0.01875 0.00625 0.00625 0.04375 0.09375 0.21875 0.14375 0.00625 0.00625 0.00625 0.01875 0.15625 0.16875 
0.0542169 0.0421687 0.0662651 0.0060241 0.0060241 0.0060241 0.0783133 0.0783133 0.162651 0.186747 0.0060241 0.0060241 0.0060241 0.0060241 0.222892 0.0662651 
0.000892857 0.0723214 0.250893 0.00446429 0.000892857 0.00446429 0.0258929 0.01875 0.0455357 0.00446429 0.000892857 0.0116071 0.291964 0.00446429 0.261607 0.000892857 
0.0258621 0.0258621 0.00862069 0.0258621 0.00862069 0.00862069 0.508621 0.0258621 0.0258621 0.00862069 0.00862069 0.0775862 0.12931 0.00862069 0.0775862 0.0258621 
0.029148 0.00373692 0.00672646 0.00822123 0.068012 0.00373692 0.0112108 0.000747384 0.159193 0.000747384 0.000747384 0.00224215 0.640508 0.00672646 0.0575486 0.000747384 
0.0371901 0.0619835 0.0371901 0.00413223 0.27686 0.0206612 0.11157 0.0206612 0.0950413 0.00413223 0.00413223 0.0206612 0.0289256 0.0289256 0.053719 0.194215 
0.0257353 0.297794 0.00367647 0.0110294 0.0404412 0.400735 0.0625 0.0919118 0.00367647 0.00367647 0.0257353 0.0110294 0.00367647 0.00367647 0.00367647 0.0110294 
0.180556 0.0138889 0.0416667 0.0138889 0.263889 0.0138889 0.0138889 0.0138889 0.0138889 0.0138889 0.0138889 0.0138889 0.152778 0.0138889 0.0972222 0.125 
0.00666667 0.00666667 0.02 0.02 0.0333333 0.02 0.0333333 0.00666667 0.0866667 0.00666667 0.00666667 0.02 0.14 0.286667 0.02 0.286667 
0.00110375 0.0121413 0.00331126 0.00110375 0.00110375 0.52649 0.00110375 0.00331126 0.0320088 0.00110375 0.00110375 0.00110375 0.285872 0.0121413 0.111479 0.00551876 
0.00416667 0.00416667 0.00416667 0.00416667 0.0375 0.00416667 0.220833 0.0125 0.0291667 0.0208333 0.00416667 0.00416667 0.00416667 0.0625 0.0125 0.570833 
0.000894454 0.00268336 0.0152057 0.0402504 0.0116279 0.00268336 0.0116279 0.009839 0.0957066 0.00626118 0.00268336 0.000894454 0.179785 0.00447227 0.000894454 0.61449 
0.00205761 0.109053 0.00617284 0.00617284 0.00205761 0.00205761 0.00205761 0.00205761 0.0349794 0.00205761 0.00617284 0.00617284 0.0802469 0.026749 0.261317 0.450617 
0.3 0.1 0.00666667 0.00666667 0.0333333 0.02 0.153333 0.00666667 0.00666667 0.02 0.02 0.02 0.00666667 0.00666667 0.00666667 0.286667 
0.110294 0.00735294 0.00735294 0.0220588 0.0220588 0.00735294 0.00735294 0.00735294 0.0220588 0.00735294 0.286765 0.00735294 0.345588 0.0220588 0.0808824 0.0367647 
0.0316456 0.0443038 0.00126582 0.00126582 0.0164557 0.00126582 0.0265823 0.00126582 0.11519 0.00379747 0.0316456 0.00126582 0.00886076 0.0189873 0.325316 0.370886 
0.00241935 0.00241935 0.00725806 0.0508065 0.0169355 0.000806452 0.179839 0.000806452 0.233065 0.134677 0.215323 0.00241935 0.00403226 0.120161 0.0266129 0.00241935 
0.0277778 0.0277778 0.0277778 0.0277778 0.0277778 0.0277778 0.0833333 0.0277778 0.0277778 0.0277778 0.0277778 0.0277778 0.0277778 0.0277778 0.472222 0.0833333 
0.0824176 0.0164835 0.00549451 0.00549451 0.0274725 0.00549451 0.0384615 0.0934066 0.0494505 0.0164835 0.0384615 0.00549451 0.17033 0.0824176 0.357143 0.00549451 
0.0586207 0.0103448 0.00344828 0.00344828 0.00344828 0.0793103 0.0103448 0.0103448 0.00344828 0.00344828 0.00344828 0.0103448 0.182759 0.037931 0.555172 0.0241379 
0.12963 0.0185185 0.0555556 0.0185185 0.0185185 0.0185185 0.0925926 0.0185185 0.0185185 0.0185185 0.0185185 0.0185185 0.166667 0.12963 0.240741 0.0185185 
0.1 0.0714286 0.0142857 0.0142857 0.157143 0.0428571 0.0142857 0.0428571 0.0428571 0.0142857 0.0142857 0.0142857 0.0714286 0.0714286 0.0142857 0.3 
0.0270936 0.0665025 0.0123153 0.00246305 0.0862069 0.00246305 0.0123153 0.00246305 0.278325 0.0270936 0.00246305 0.0221675 0.00246305 0.00738916 0.435961 0.0123153 
0.161017 0.127119 0.00847458 0.0423729 0.110169 0.00847458 0.00847458 0.0423729 0.00847458 0.00847458 0.00847458 0.00847458 0.00847458 0.00847458 0.00847458 0.432203 
0.00917993 0.000611995 0.00183599 0.00183599 0.000611995 0.00673195 0.0312118 0.00305998 0.0691554 0.00305998 0.00183599 0.00917993 0.0373317 0.000611995 0.00428397 0.819461 
0.00260417 0.00260417 0.0453125 0.0078125 0.00677083 0.000520833 0.0640625 0.00364583 0.000520833 0.0015625 0.0078125 0.0078125 0.307812 0.0119792 0.527604 0.0015625 
0.0119048 0.0833333 0.0119048 0.0119048 0.154762 0.0119048 0.0119048 0.0119048 0.0833333 0.0119048 0.0119048 0.0357143 0.0119048 0.0119048 0.464286 0.0595238 
0.0127479 0.0949008 0.00141643 0.00708215 0.00141643 0.00141643 0.00141643 0.00424929 0.0552408 0.0269122 0.00708215 0.00708215 0.267705 0.00424929 0.5 0.00708215 
0.00083612 0.00250836 0.00752508 0.00250836 0.00083612 0.0326087 0.00083612 0.00250836 0.0175585 0.00083612 0.00083612 0.00083612 0.0928094 0.00083612 0.00250836 0.833612 
0.00066313 0.0444297 0.00066313 0.00198939 0.00198939 0.00198939 0.00464191 0.00066313 0.203581 0.00198939 0.00464191 0.548408 0.137268 0.0444297 0.00198939 0.00066313 
0.00237718 0.000792393 0.00237718 0.00713154 0.0198098 0.38748 0.00713154 0.00713154 0.00237718 0.000792393 0.000792393 0.000792393 0.257528 0.000792393 0.293978 0.00871632 
0.0185185 0.0185185 0.0185185 0.0185185 0.0185185 0.0185185 0.0185185 0.0185185 0.0185185 0.0185185 0.0185185 0.0925926 0.0925926 0.0185185 0.203704 0.388889 
0.0178571 0.125 0.0535714 0.0535714 0.0178571 0.0535714 0.160714 0.0178571 0.0178571 0.0178571 0.0178571 0.0178571 0.0178571 0.0535714 0.0535714 0.303571 
0.00393701 0.011811 0.0511811 0.011811 0.011811 0.011811 0.00393701 0.00393701 0.011811 0.00393701 0.515748 0.00393701 0.287402 0.011811 0.019685 0.0354331 
0.000961538 0.0663462 0.00673077 0.000961538 0.000961538 0.00480769 0.0298077 0.00480769 0.00673077 0.00865385 0.629808 0.000961538 0.191346 0.000961538 0.00288462 0.0432692 
0.00214592 0.0407725 0.0150215 0.0107296 0.00214592 0.0193133 0.00214592 0.0150215 0.00214592 0.00214592 0.00214592 0.00214592 0.33691 0.0107296 0.512876 0.0236052 
0.00413223 0.00247934 0.0107438 0.00743802 0.0107438 0.0157025 0.0140496 0.000826446 0.119835 0.0157025 0.000826446 0.000826446 0.142975 0.152893 0.471901 0.0289256 
0.0138889 0.0416667 0.0138889 0.0138889 0.0138889 0.0138889 0.0138889 0.0138889 0.0138889 0.0138889 0.0694444 0.0138889 0.0416667 0.0138889 0.458333 0.236111 
0.0151515 0.0454545 0.0454545 0.0151515 0.0757576 0.106061 0.0151515 0.0454545 0.0151515 0.0454545 0.166667 0.0151515 0.0757576 0.0454545 0.227273 0.0454545 
0.02 0.02 0.02 0.06 0.02 0.02 0.02 0.02 0.02 0.06 0.06 0.02 0.02 0.02 0.34 0.26 
0.00203804 0.000679348 0.00611413 0.00339674 0.000679348 0.0251359 0.000679348 0.00203804 0.106658 0.378397 0.0794837 0.000679348 0.147418 0.0169837 0.224864 0.00475543 
0.0142857 0.1 0.0142857 0.0142857 0.0428571 0.1 0.385714 0.0142857 0.0142857 0.0714286 0.0142857 0.0714286 0.0142857 0.0714286 0.0428571 0.0142857 
0.0135135 0.0135135 0.0045045 0.0045045 0.0315315 0.0495495 0.0585586 0.0045045 0.0495495 0.0045045 0.0405405 0.0045045 0.148649 0.121622 0.355856 0.0945946 
0.00980392 0.245098 0.0490196 0.00980392 0.00980392 0.00980392 0.00980392 0.00980392 0.00980392 0.0490196 0.284314 0.00980392 0.0490196 0.00980392 0.00980392 0.22549 
0.0125 0.0375 0.0125 0.0125 0.0625 0.0125 0.0875 0.0125 0.0375 0.0125 0.0125 0.0125 0.0375 0.0375 0.0125 0.5875 
0.00731707 0.0414634 0.0609756 0.0121951 0.00243902 0.00243902 0.0219512 0.0268293 0.095122 0.00243902 0.00243902 0.00243902 0.0512195 0.00243902 0.00243902 0.665854 
0.0681818 0.00757576 0.0227273 0.00757576 0.0530303 0.0378788 0.00757576 0.00757576 0.00757576 0.0227273 0.0530303 0.0227273 0.325758 0.0378788 0.310606 0.00757576 
0.110811 0.0135135 0.0351351 0.0243243 0.0351351 0.0135135 0.0891892 0.0027027 0.127027 0.0027027 0.224324 0.0189189 0.235135 0.0297297 0.0297297 0.00810811 
0.0172414 0.0172414 0.0862069 0.0172414 0.0172414 0.0172414 0.0172414 0.0517241 0.0172414 0.0172414 0.0172414 0.0517241 0.155172 0.0862069 0.155172 0.258621 
0.0384615 0.115385 0.0128205 0.0128205 0.0384615 0.0641026 0.0128205 0.0128205 0.0128205 0.0128205 0.0128205 0.166667 0.0384615 0.0897436 0.294872 0.0641026 
0.009299 0.00500715 0.00214592 0.0121602 0.000715308 0.0164521 0.0150215 0.00357654 0.0336195 0.000715308 0.000715308 0.000715308 0.305436 0.000715308 0.59299 0.000715308 
0.0192308 0.0576923 0.0192308 0.0576923 0.0961538 0.0576923 0.173077 0.0192308 0.0192308 0.0576923 0.0576923 0.0192308 0.0576923 0.0192308 0.25 0.0192308 
0.00260417 0.00954861 0.000868056 0.000868056 0.00260417 0.0112847 0.0182292 0.00607639 0.0147569 0.00260417 0.480035 0.00607639 0.280382 0.00434028 0.00607639 0.153646 
0.00764007 0.00254669 0.00764007 0.000848896 0.00424448 0.000848896 0.00424448 0.228353 0.119694 0.00764007 0.000848896 0.000848896 0.0500849 0.391341 0.000848896 0.172326 
0.016129 0.0483871 0.016129 0.016129 0.016129 0.016129 0.016129 0.016129 0.016129 0.016129 0.016129 0.467742 0.112903 0.0483871 0.016129 0.145161 
0.00526316 0.00526316 0.00526316 0.436842 0.00526316 0.121053 0.00526316 0.0157895 0.0473684 0.00526316 0.0157895 0.0263158 0.0263158 0.0368421 0.00526316 0.236842 
0.0306122 0.0102041 0.0510204 0.0102041 0.0102041 0.295918 0.0306122 0.0102041 0.0102041 0.0306122 0.0102041 0.0306122 0.0102041 0.0102041 0.418367 0.0306122 
0.118421 0.118421 0.0131579 0.0131579 0.0131579 0.144737 0.0131579 0.0131579 0.0131579 0.144737 0.0394737 0.144737 0.0131579 0.0131579 0.0657895 0.118421 
0.0106383 0.159574 0.0957447 0.0106383 0.0106383 0.0319149 0.0531915 0.0319149 0.0106383 0.0106383 0.0957447 0.0106383 0.138298 0.287234 0.0319149 0.0106383 
0.0125 0.3075 0.0525 0.0025 0.0075 0.0775 0.2125 0.0175 0.0925 0.0325 0.0025 0.0025 0.0175 0.0375 0.0925 0.0325 
0.0192308 0.0192308 0.0192308 0.0192308 0.0192308 0.0192308 0.0192308 0.0192308 0.134615 0.0192308 0.0192308 0.0192308 0.0576923 0.0961538 0.0192308 0.480769 
0.0405405 0.0675676 0.0135135 0.0135135 0.0135135 0.148649 0.0135135 0.0405405 0.0135135 0.0135135 0.0945946 0.0135135 0.0135135 0.0405405 0.445946 0.0135135 
0.0531915 0.0106383 0.0106383 0.0744681 0.159574 0.0319149 0.287234 0.0319149 0.0106383 0.0106383 0.0319149 0.0319149 0.138298 0.0106383 0.0957447 0.0106383 
0.0138889 0.00277778 0.00277778 0.00833333 0.00277778 0.00277778 0.0861111 0.00833333 0.075 0.00833333 0.0194444 0.0194444 0.0361111 0.00277778 0.00277778 0.708333 
0.01 0.05 0.03 0.03 0.27 0.01 0.07 0.01 0.01 0.01 0.03 0.03 0.27 0.01 0.11 0.05 
0.0147059 0.0147059 0.0441176 0.0147059 0.0441176 0.0735294 0.102941 0.0147059 0.0441176 0.0735294 0.132353 0.0147059 0.0147059 0.191176 0.161765 0.0441176 
0.0135908 0.00214592 0.000715308 0.000715308 0.000715308 0.113734 0.00214592 0.000715308 0.000715308 0.000715308 0.000715308 0.419886 0.245351 0.19671 0.000715308 0.000715308 
0.00316456 0.00316456 0.00316456 0.00316456 0.00949367 0.00316456 0.00316456 0.00316456 0.0917722 0.0158228 0.0158228 0.00949367 0.00316456 0.00316456 0.00316456 0.825949 
0.05 0.0166667 0.0166667 0.05 0.0833333 0.0166667 0.183333 0.0166667 0.0166667 0.0166667 0.0166667 0.0166667 0.15 0.0166667 0.216667 0.116667 
0.0121951 0.0934959 0.0121951 0.00406504 0.00406504 0.109756 0.0609756 0.0528455 0.0934959 0.0121951 0.0203252 0.00406504 0.0121951 0.142276 0.304878 0.0609756 
0.125 0.0178571 0.0535714 0.0178571 0.196429 0.0178571 0.0178571 0.0892857 0.0178571 0.0892857 0.0178571 0.0178571 0.0178571 0.0178571 0.196429 0.0892857 
0.000863558 0.0785838 0.000863558 0.0354059 0.000863558 0.000863558 0.0112263 0.00431779 0.000863558 0.00431779 0.0284974 0.0164076 0.261658 0.00259067 0.548359 0.00431779 
0.0135135 0.0135135 0.0135135 0.0135135 0.0135135 0.0135135 0.0135135 0.0135135 0.0135135 0.0405405 0.0135135 0.0135135 0.121622 0.0135135 0.0135135 0.662162 
0.0102041 0.0510204 0.0714286 0.0918367 0.0306122 0.132653 0.0102041 0.0510204 0.0102041 0.0102041 0.0306122 0.0102041 0.418367 0.0102041 0.0510204 0.0102041 
0.00328947 0.134868 0.00986842 0.00986842 0.0296053 0.00328947 0.00328947 0.00328947 0.0427632 0.00328947 0.00328947 0.00328947 0.0164474 0.0230263 0.0756579 0.634868 
0.000478011 0.0368069 0.000478011 0.000478011 0.00143403 0.00143403 0.0043021 0.000478011 0.280593 0.000478011 0.00239006 0.000478011 0.0702677 0.00143403 0.179254 0.419216 
0.00440141 0.192782 0.000880282 0.000880282 0.000880282 0.516725 0.000880282 0.000880282 0.0536972 0.000880282 0.000880282 0.00440141 0.21743 0.000880282 0.00264085 0.000880282 
0.0711679 0.0456204 0.0164234 0.020073 0.0164234 0.020073 0.34854 0.00182482 0.104015 0.00182482 0.00182482 0.00182482 0.0127737 0.00182482 0.0492701 0.286496 
0.00568182 0.1875 0.0625 0.0284091 0.00568182 0.00568182 0.176136 0.00568182 0.00568182 0.00568182 0.130682 0.0284091 0.0511364 0.00568182 0.267045 0.0284091 
0.016129 0.016129 0.016129 0.016129 0.016129 0.016129 0.016129 0.016129 0.016129 0.016129 0.016129 0.016129 0.016129 0.016129 0.693548 0.0806452 
0.0657895 0.0131579 0.0394737 0.0131579 0.0131579 0.0131579 0.0131579 0.0131579 0.0131579 0.0131579 0.0921053 0.0131579 0.0394737 0.0131579 0.0394737 0.592105 
0.00381679 0.000763359 0.000763359 0.00229008 0.000763359 0.00381679 0.0816794 0.000763359 0.156489 0.00839695 0.451145 0.000763359 0.0465649 0.200763 0.0312977 0.00992366 
0.0306122 0.0306122 0.0306122 0.0306122 0.0510204 0.0102041 0.0102041 0.0102041 0.0102041 0.0510204 0.153061 0.0306122 0.112245 0.214286 0.214286 0.0102041 
0.0245902 0.122951 0.0191257 0.00273224 0.112022 0.117486 0.00273224 0.00273224 0.177596 0.0409836 0.00273224 0.00273224 0.00819672 0.00819672 0.325137 0.0300546 
0.00285714 0.00857143 0.00285714 0.0142857 0.02 0.0314286 0.477143 0.00285714 0.14 0.00857143 0.0828571 0.00285714 0.00857143 0.06 0.1 0.0371429 
0.0125 0.0875 0.0625 0.0375 0.0625 0.0125 0.0125 0.0125 0.0125 0.0125 0.0125 0.0125 0.1375 0.4125 0.0875 0.0125 
0.0008726 0.0514834 0.004363 0.0095986 0.0008726 0.253927 0.0794066 0.0026178 0.0095986 0.0008726 0.117801 0.013089 0.0253054 0.280105 0.149215 0.0008726 
0.0128205 0.141026 0.0128205 0.0128205 0.0128205 0.0128205 0.0128205 0.0128205 0.0128205 0.0384615 0.0384615 0.0128205 0.0897436 0.0128205 0.448718 0.115385 
0.00561798 0.00561798 0.00561798 0.0730337 0.00561798 0.0730337 0.0730337 0.00561798 0.00561798 0.00561798 0.0393258 0.0168539 0.00561798 0.00561798 0.38764 0.286517 
0.000869565 0.0321739 0.00956522 0.000869565 0.000869565 0.296522 0.186957 0.000869565 0.00782609 0.0182609 0.000869565 0.148696 0.214783 0.046087 0.0113043 0.0234783 
0.208333 0.0416667 0.0138889 0.0138889 0.0138889 0.208333 0.0972222 0.0416667 0.0416667 0.0138889 0.0138889 0.0416667 0.0972222 0.0416667 0.0138889 0.0972222 
0.00381679 0.00381679 0.019084 0.0114504 0.00381679 0.019084 0.187023 0.0114504 0.171756 0.00381679 0.019084 0.019084 0.0648855 0.438931 0.0114504 0.0114504 
0.380893 0.0210918 0.00124069 0.016129 0.0533499 0.00620347 0.00372208 0.00868486 0.0409429 0.0210918 0.00124069 0.00124069 0.353598 0.00620347 0.0657568 0.0186104 
0.00543478 0.0163043 0.0706522 0.00543478 0.00543478 0.00543478 0.00543478 0.0163043 0.0597826 0.0271739 0.0706522 0.00543478 0.168478 0.00543478 0.00543478 0.527174 
0.0441176 0.0147059 0.0147059 0.0147059 0.455882 0.132353 0.0441176 0.0147059 0.0441176 0.0441176 0.0147059 0.0735294 0.0441176 0.0147059 0.0147059 0.0147059 
0.0119048 0.0261905 0.00238095 0.0309524 0.00238095 0.00238095 0.707143 0.00714286 0.169048 0.00238095 0.00238095 0.00714286 0.00238095 0.00238095 0.00238095 0.0214286 
0.0269461 0.0688623 0.00898204 0.0209581 0.00299401 0.140719 0.00299401 0.0209581 0.10479 0.00299401 0.0149701 0.00299401 0.0449102 0.0808383 0.422156 0.0329341 
0.0178571 0.267857 0.0535714 0.0178571 0.0535714 0.0178571 0.0178571 0.0535714 0.0178571 0.0178571 0.0178571 0.0535714 0.160714 0.0178571 0.0535714 0.160714 
0.22619 0.0198413 0.00396825 0.00396825 0.00396825 0.0357143 0.0198413 0.0198413 0.00396825 0.00396825 0.0357143 0.0357143 0.305556 0.115079 0.162698 0.00396825 
0.0205479 0.0753425 0.0342466 0.00684932 0.0205479 0.0342466 0.691781 0.00684932 0.00684932 0.0205479 0.00684932 0.00684932 0.0205479 0.0342466 0.00684932 0.00684932 
0.00955414 0.0286624 0.00106157 0.00318471 0.00530786 0.0116773 0.00106157 0.00106157 0.0902335 0.00318471 0.00106157 0.00530786 0.170913 0.113588 0.553079 0.00106157 
0.0254237 0.00847458 0.00847458 0.00847458 0.00847458 0.00847458 0.110169 0.0254237 0.0423729 0.059322 0.313559 0.059322 0.00847458 0.0423729 0.00847458 0.262712 
0.000807754 0.00242326 0.000807754 0.412763 0.000807754 0.0945073 0.03958 0.0088853 0.147819 0.0121163 0.0169628 0.0169628 0.105816 0.00242326 0.0347334 0.102585 
0.00126582 0.00126582 0.00126582 0.00126582 0.00126582 0.391139 0.00126582 0.00126582 0.00379747 0.00126582 0.00126582 0.00632911 0.434177 0.00126582 0.150633 0.00126582 
0.0578603 0.0010917 0.00764192 0.0120087 0.00327511 0.00327511 0.494541 0.0010917 0.0338428 0.0141921 0.00327511 0.00982533 0.132096 0.123362 0.101528 0.0010917 
0.00534442 0.0314727 0.00178147 0.00771971 0.0385986 0.00178147 0.0718527 0.000593824 0.334323 0.000593824 0.374703 0.000593824 0.0754157 0.0433492 0.010095 0.00178147 
0.000544662 0.00272331 0.00708061 0.00381264 0.000544662 0.00163399 0.125817 0.307734 0.0212418 0.00163399 0.00272331 0.00163399 0.340414 0.113834 0.0168845 0.0517429 
0.000716332 0.000716332 0.002149 0.0565903 0.000716332 0.00358166 0.0551576 0.298711 0.0995702 0.00358166 0.0522923 0.010745 0.158309 0.212751 0.000716332 0.0436963 
0.00561798 0.0393258 0.0730337 0.00561798 0.0955056 0.00561798 0.646067 0.00561798 0.0168539 0.0168539 0.00561798 0.00561798 0.0505618 0.00561798 0.00561798 0.0168539 
0.000819672 0.105738 0.000819672 0.000819672 0.00901639 0.00245902 0.0581967 0.000819672 0.000819672 0.00245902 0.000819672 0.000819672 0.109016 0.000819672 0.000819672 0.705738 
0.000848896 0.0144312 0.00254669 0.00594228 0.000848896 0.00594228 0.0415959 0.000848896 0.065365 0.000848896 0.0263158 0.00424448 0.0976231 0.00424448 0.691851 0.0365025 
0.00625 0.00625 0.01875 0.00625 0.00625 0.00625 0.00625 0.00625 0.00625 0.00625 0.00625 0.08125 0.01875 0.03125 0.05625 0.73125 
0.0560345 0.0560345 0.0301724 0.0215517 0.0301724 0.00431034 0.00431034 0.193966 0.00431034 0.012931 0.142241 0.0301724 0.0818966 0.00431034 0.280172 0.0474138 
0.00341997 0.00205198 0.000683995 0.0294118 0.000683995 0.0581395 0.0800274 0.000683995 0.242818 0.00205198 0.0116279 0.000683995 0.121067 0.0663475 0.379617 0.000683995 
0.00180723 0.0246988 0.00060241 0.00060241 0.00662651 0.00060241 0.578916 0.00060241 0.0644578 0.00421687 0.00662651 0.00060241 0.300602 0.00421687 0.00060241 0.00421687 
0.52178 0.00094697 0.00094697 0.0331439 0.00284091 0.00662879 0.00094697 0.00852273 0.0104167 0.00284091 0.0236742 0.00094697 0.260417 0.0482955 0.0767045 0.00094697 
0.00291262 0.00291262 0.00291262 0.14466 0.00679612 0.0106796 0.0786408 0.0339806 0.084466 0.315534 0.00485437 0.0223301 0.185437 0.0533981 0.0359223 0.0145631 
0.253802 0.00475285 0.00475285 0.0123574 0.00475285 0.00475285 0.109316 0.00095057 0.0636882 0.00855513 0.0123574 0.00095057 0.194867 0.221483 0.0218631 0.0807985 
0.0454545 0.0858586 0.0252525 0.0151515 0.116162 0.00505051 0.116162 0.00505051 0.0454545 0.00505051 0.00505051 0.00505051 0.00505051 0.00505051 0.0151515 0.5 
0.130872 0.0167785 0.0033557 0.0302013 0.0100671 0.0033557 0.0033557 0.0033557 0.0033557 0.0503356 0.0033557 0.0033557 0.0704698 0.0033557 0.0033557 0.661074 
0.125 0.0168919 0.0101351 0.0439189 0.00337838 0.0641892 0.00337838 0.00337838 0.00337838 0.00337838 0.00337838 0.00337838 0.00337838 0.0101351 0.0101351 0.692568 
0.00106383 0.00319149 0.0202128 0.458511 0.00106383 0.0712766 0.0138298 0.00319149 0.284043 0.0202128 0.0329787 0.0265957 0.0180851 0.00106383 0.043617 0.00106383 
0.00613915 0.00204638 0.000682128 0.00204638 0.000682128 0.00341064 0.00204638 0.00204638 0.164393 0.535471 0.00204638 0.00204638 0.183492 0.079809 0.00613915 0.00750341 
0.00788644 0.0804416 0.00157729 0.00788644 0.0141956 0.00157729 0.011041 0.00473186 0.0299685 0.00157729 0.00473186 0.0141956 0.00157729 0.00157729 0.055205 0.76183 
0.0119048 0.0357143 0.0595238 0.0119048 0.0119048 0.107143 0.130952 0.0119048 0.0119048 0.0357143 0.0119048 0.0119048 0.130952 0.0119048 0.392857 0.0119048 
0.0151515 0.0454545 0.0151515 0.0151515 0.166667 0.0151515 0.0151515 0.0151515 0.0454545 0.0151515 0.0151515 0.0151515 0.0454545 0.166667 0.0151515 0.378788 
0.122642 0.0471698 0.122642 0.00943396 0.00943396 0.0283019 0.0660377 0.0471698 0.00943396 0.0660377 0.141509 0.0471698 0.0471698 0.00943396 0.198113 0.0283019 
0.0122951 0.000819672 0.000819672 0.00245902 0.000819672 0.0057377 0.0631148 0.000819672 0.220492 0.00245902 0.00901639 0.0270492 0.138525 0.102459 0.404098 0.00901639 
0.000705219 0.000705219 0.000705219 0.00352609 0.00352609 0.00211566 0.000705219 0.000705219 0.000705219 0.00493653 0.450635 0.000705219 0.522567 0.00211566 0.000705219 0.00493653 
0.000645995 0.00581395 0.158269 0.000645995 0.00322997 0.000645995 0.0213178 0.000645995 0.168605 0.0355297 0.00322997 0.00322997 0.0574935 0.101421 0.371447 0.0678295 
0.00238095 0.000793651 0.000793651 0.00238095 0.000793651 0.000793651 0.00873016 0.0103175 0.0119048 0.000793651 0.000793651 0.000793651 0.348413 0.605556 0.00238095 0.00238095 
0.00490196 0.000980392 0.00490196 0.00294118 0.00294118 0.022549 0.00294118 0.000980392 0.246078 0.000980392 0.000980392 0.528431 0.15 0.0245098 0.00490196 0.000980392 
0.000837521 0.00753769 0.00251256 0.000837521 0.00586265 0.00251256 0.129816 0.000837521 0.0527638 0.000837521 0.0309883 0.00753769 0.103015 0.0745394 0.533501 0.0460637 
0.00561798 0.0505618 0.00561798 0.544944 0.0168539 0.00561798 0.00561798 0.00561798 0.0505618 0.0393258 0.0168539 0.0617978 0.0730337 0.00561798 0.0617978 0.0505618 
0.0172414 0.224138 0.00574713 0.00574713 0.0402299 0.235632 0.00574713 0.12069 0.00574713 0.00574713 0.00574713 0.00574713 0.0632184 0.00574713 0.224138 0.0287356 
0.00198675 0.0152318 0.00198675 0.00198675 0.000662252 0.00463576 0.0324503 0.00596026 0.0152318 0.000662252 0.000662252 0.364901 0.5 0.0417219 0.00860927 0.00331126 
0.0172414 0.0172414 0.0172414 0.0172414 0.0172414 0.0172414 0.0862069 0.0172414 0.0172414 0.0172414 0.327586 0.0172414 0.0172414 0.362069 0.0172414 0.0172414 
0.0416667 0.0324074 0.00462963 0.00462963 0.00462963 0.0231481 0.0324074 0.00462963 0.0138889 0.0416667 0.00462963 0.00462963 0.412037 0.0324074 0.328704 0.0138889 
0.00555556 0.15 0.0944444 0.0166667 0.00555556 0.05 0.0611111 0.00555556 0.0722222 0.0277778 0.105556 0.0166667 0.00555556 0.00555556 0.0611111 0.316667 
0.0174419 0.168605 0.0290698 0.00581395 0.0290698 0.00581395 0.00581395 0.00581395 0.00581395 0.00581395 0.00581395 0.168605 0.0174419 0.00581395 0.459302 0.0639535 
0.0364583 0.223958 0.046875 0.0677083 0.140625 0.00520833 0.015625 0.00520833 0.015625 0.015625 0.00520833 0.015625 0.0677083 0.00520833 0.0364583 0.296875 
0.0116279 0.0348837 0.0116279 0.0116279 0.0116279 0.0116279 0.0581395 0.0348837 0.0348837 0.0813953 0.0581395 0.0116279 0.104651 0.0581395 0.197674 0.267442 
0.14759 0.00301205 0.00301205 0.00301205 0.00301205 0.00301205 0.35241 0.0391566 0.00903614 0.00301205 0.0271084 0.0331325 0.0933735 0.00903614 0.268072 0.00301205 
0.0107296 0.00643777 0.0193133 0.0107296 0.00214592 0.00214592 0.216738 0.00643777 0.148069 0.0236052 0.027897 0.027897 0.00214592 0.0364807 0.457082 0.00214592 
0.0136888 0.00360231 0.00216138 0.000720461 0.0353026 0.000720461 0.0525937 0.000720461 0.0497118 0.000720461 0.000720461 0.000720461 0.329251 0.0309798 0.460375 0.0180115 
0.00106838 0.0160256 0.00747863 0.00106838 0.00320513 0.00106838 0.0373932 0.00106838 0.00747863 0.00106838 0.462607 0.00320513 0.45406 0.00106838 0.00106838 0.00106838 
0.00651042 0.0117188 0.0299479 0.00130208 0.00130208 0.00130208 0.0247396 0.00130208 0.0117188 0.00390625 0.0221354 0.00130208 0.0664062 0.00390625 0.00130208 0.811198 
0.015942 0.0652174 0.00144928 0.00434783 0.00144928 0.575362 0.0449275 0.015942 0.0333333 0.00144928 0.00144928 0.00144928 0.00144928 0.00724638 0.213043 0.015942 
0.00412541 0.132838 0.0239274 0.456271 0.000825083 0.0272277 0.060231 0.00247525 0.0206271 0.0305281 0.00247525 0.000825083 0.0272277 0.0651815 0.0305281 0.114686 
0.00833333 0.241667 0.0416667 0.00833333 0.00833333 0.258333 0.00833333 0.00833333 0.025 0.00833333 0.075 0.125 0.025 0.025 0.0583333 0.075 
0.00203252 0.160569 0.00609756 0.0101626 0.00203252 0.0304878 0.23374 0.00203252 0.00203252 0.0101626 0.0345528 0.00203252 0.140244 0.0101626 0.331301 0.0223577 
0.009375 0.065625 0.015625 0.009375 0.003125 0.015625 0.003125 0.003125 0.090625 0.003125 0.003125 0.034375 0.059375 0.103125 0.353125 0.228125 
0.0019084 0.570611 0.0133588 0.0019084 0.0324427 0.108779 0.0248092 0.0019084 0.0019084 0.0133588 0.0133588 0.0438931 0.131679 0.0019084 0.00572519 0.0324427 
0.00273224 0.057377 0.565574 0.00273224 0.00273224 0.0300546 0.00273224 0.00819672 0.155738 0.00273224 0.0136612 0.139344 0.00819672 0.00273224 0.00273224 0.00273224 
0.000897666 0.00807899 0.000897666 0.035009 0.000897666 0.000897666 0.013465 0.00807899 0.0924596 0.000897666 0.410233 0.000897666 0.0709156 0.106822 0.0278276 0.221724 
0.0648148 0.0462963 0.00925926 0.157407 0.00925926 0.0462963 0.0462963 0.00925926 0.0277778 0.00925926 0.0833333 0.101852 0.00925926 0.00925926 0.25 0.12037 
0.00718391 0.0100575 0.012931 0.00431034 0.00143678 0.576149 0.00143678 0.00143678 0.00143678 0.00143678 0.00143678 0.012931 0.116379 0.0818966 0.153736 0.0158046 
0.00865513 0.000665779 0.000665779 0.000665779 0.00732357 0.00199734 0.0699068 0.00998668 0.167111 0.00199734 0.017976 0.000665779 0.0326232 0.639814 0.0299601 0.00998668 
0.00150693 0.000904159 0.0105485 0.100964 0.000301386 0.0545509 0.0985533 0.000301386 0.0997589 0.000301386 0.000301386 0.424051 0.1956 0.00150693 0.00994575 0.000904159 
0.0010989 0.00549451 0.0010989 0.00549451 0.0010989 0.541758 0.0516484 0.00769231 0.00549451 0.00549451 0.0032967 0.0032967 0.143956 0.179121 0.0010989 0.0428571 
0.00282486 0.0367232 0.00282486 0.00847458 0.00282486 0.00282486 0.144068 0.00847458 0.059322 0.0367232 0.00282486 0.019774 0.121469 0.166667 0.30791 0.0762712 
0.0405405 0.0135135 0.0135135 0.0135135 0.0135135 0.0675676 0.0675676 0.0135135 0.0135135 0.0675676 0.0135135 0.0405405 0.0135135 0.0135135 0.0135135 0.581081 
0.00451807 0.0948795 0.00150602 0.0165663 0.00150602 0.00150602 0.179217 0.0165663 0.00150602 0.00150602 0.00150602 0.00451807 0.149096 0.0195783 0.00451807 0.501506 
0.0773913 0.173043 0.000869565 0.000869565 0.0408696 0.000869565 0.0913043 0.0356522 0.0026087 0.000869565 0.275652 0.00608696 0.275652 0.000869565 0.0026087 0.0147826 
0.00632911 0.107595 0.00632911 0.00632911 0.00632911 0.00632911 0.0443038 0.00632911 0.0189873 0.00632911 0.00632911 0.056962 0.00632911 0.00632911 0.234177 0.474684 
0.00497018 0.213718 0.0387674 0.000994036 0.000994036 0.00695825 0.414513 0.000994036 0.102386 0.142147 0.000994036 0.000994036 0.0685885 0.000994036 0.000994036 0.000994036 
0.00268817 0.00806452 0.00806452 0.00806452 0.00268817 0.00268817 0.00268817 0.00268817 0.0188172 0.00268817 0.0134409 0.0456989 0.185484 0.0134409 0.0241935 0.658602 
0.000661376 0.125 0.000661376 0.0350529 0.000661376 0.00727513 0.0628307 0.0615079 0.181878 0.000661376 0.0165344 0.000661376 0.00727513 0.455688 0.0403439 0.00330688 
0.00929054 0.00422297 0.000844595 0.328547 0.000844595 0.0143581 0.108953 0.000844595 0.200169 0.00253378 0.000844595 0.000844595 0.0717905 0.0802365 0.157939 0.0177365 
0.00590763 0.237916 0.0413534 0.00912997 0.0145005 0.000537057 0.0177229 0.00161117 0.579484 0.000537057 0.0145005 0.0112782 0.0370569 0.00483351 0.0177229 0.00590763 
0.0035868 0.0380201 0.00071736 0.0136298 0.00215208 0.00215208 0.00215208 0.00071736 0.00789096 0.00071736 0.00215208 0.00071736 0.393831 0.511478 0.017934 0.00215208 
0.0102041 0.0102041 0.037415 0.112245 0.0306122 0.139456 0.00340136 0.0170068 0.187075 0.0238095 0.0102041 0.0782313 0.0714286 0.132653 0.132653 0.00340136 
0.0576923 0.0192308 0.173077 0.0192308 0.134615 0.0192308 0.0192308 0.0576923 0.0961538 0.0961538 0.0192308 0.134615 0.0961538 0.0192308 0.0192308 0.0192308 
0.276471 0.0109244 0.00420168 0.00252101 0.000840336 0.000840336 0.00252101 0.00756303 0.0647059 0.000840336 0.000840336 0.0109244 0.177311 0.321849 0.0294118 0.0882353 
0.000613497 0.203067 0.0251534 0.0116564 0.00184049 0.00920245 0.0300613 0.000613497 0.0104294 0.000613497 0.000613497 0.486503 0.205521 0.000613497 0.0116564 0.00184049 
0.0294118 0.0294118 0.0294118 0.0294118 0.205882 0.0294118 0.0294118 0.0294118 0.147059 0.205882 0.0294118 0.0882353 0.0294118 0.0294118 0.0294118 0.0294118 
0.0178571 0.125 0.0178571 0.160714 0.375 0.0178571 0.0535714 0.0535714 0.0178571 0.0535714 0.0178571 0.0178571 0.0178571 0.0178571 0.0178571 0.0178571 
0.148649 0.0135135 0.0135135 0.0135135 0.445946 0.0405405 0.0135135 0.0135135 0.0135135 0.0945946 0.0135135 0.0675676 0.0675676 0.0135135 0.0135135 0.0135135 
0.00585938 0.0136719 0.0917969 0.00976562 0.00195312 0.638672 0.0449219 0.0527344 0.00195312 0.00195312 0.00195312 0.00195312 0.0332031 0.0566406 0.0136719 0.0292969 
0.00246305 0.749589 0.000821018 0.0139573 0.000821018 0.0500821 0.0123153 0.00246305 0.0615764 0.0172414 0.000821018 0.00410509 0.0238095 0.0582923 0.000821018 0.000821018 
0.0892857 0.0178571 0.0178571 0.0178571 0.0178571 0.0178571 0.0535714 0.0178571 0.0178571 0.0178571 0.0178571 0.0892857 0.0178571 0.553571 0.0178571 0.0178571 
0.0294118 0.0403557 0.00752394 0.0170999 0.000683995 0.00341997 0.00889193 0.00205198 0.0170999 0.0403557 0.0129959 0.000683995 0.22093 0.546512 0.000683995 0.0512996 
0.25 0.171053 0.0394737 0.144737 0.0131579 0.0131579 0.0131579 0.0131579 0.0394737 0.0131579 0.0131579 0.0394737 0.118421 0.0131579 0.0921053 0.0131579 
0.0675676 0.0135135 0.0405405 0.0135135 0.202703 0.0945946 0.0135135 0.0405405 0.0405405 0.0405405 0.0135135 0.0675676 0.0405405 0.283784 0.0135135 0.0135135 
0.06 0.38 0.1 0.1 0.02 0.02 0.02 0.06 0.02 0.06 0.02 0.02 0.02 0.06 0.02 0.02 
0.0131579 0.0921053 0.0394737 0.0657895 0.0394737 0.144737 0.0394737 0.0921053 0.0131579 0.0921053 0.0131579 0.0394737 0.0394737 0.197368 0.0657895 0.0131579 
0.0144231 0.0625 0.0208333 0.1875 0.00160256 0.00160256 0.00480769 0.00160256 0.00480769 0.597756 0.00160256 0.0176282 0.0657051 0.00480769 0.00801282 0.00480769 
0.00246305 0.130542 0.00246305 0.0714286 0.0172414 0.00246305 0.0172414 0.0418719 0.0566502 0.603448 0.0270936 0.00246305 0.0172414 0.00246305 0.00246305 0.00246305 
0.158537 0.231707 0.0853659 0.0853659 0.0121951 0.0365854 0.0609756 0.0365854 0.0365854 0.0853659 0.0365854 0.0121951 0.0609756 0.0365854 0.0121951 0.0121951 
0.693675 0.000301205 0.000301205 0.00391566 0.000301205 0.000301205 0.00391566 0.00271084 0.000903614 0.000301205 0.000903614 0.000903614 0.288855 0.000301205 0.000301205 0.00210843 
0.122642 0.254717 0.0471698 0.00943396 0.00943396 0.0471698 0.00943396 0.0283019 0.103774 0.235849 0.00943396 0.00943396 0.0849057 0.00943396 0.00943396 0.00943396 
0.0688623 0.000998004 0.00299401 0.0528942 0.00698603 0.00299401 0.00898204 0.494012 0.00299401 0.0868263 0.000998004 0.0528942 0.196607 0.0149701 0.000998004 0.00499002 
0.0694444 0.0416667 0.0138889 0.0694444 0.0138889 0.0416667 0.0138889 0.402778 0.0138889 0.125 0.0138889 0.0138889 0.0138889 0.0138889 0.0138889 0.125 
0.00333333 0.0211111 0.00111111 0.0833333 0.00333333 0.00333333 0.00333333 0.00111111 0.0255556 0.641111 0.00555556 0.00111111 0.0833333 0.00111111 0.00555556 0.116667 
0.025 0.075 0.025 0.175 0.075 0.075 0.025 0.075 0.025 0.225 0.025 0.075 0.025 0.025 0.025 0.025 
0.000628931 0.0660377 0.00188679 0.808176 0.000628931 0.000628931 0.0106918 0.00440252 0.0886792 0.000628931 0.000628931 0.000628931 0.0144654 0.000628931 0.000628931 0.000628931 
0.00746269 0.00746269 0.0522388 0.00746269 0.320896 0.0223881 0.0373134 0.00746269 0.00746269 0.0373134 0.00746269 0.0820896 0.291045 0.0970149 0.00746269 0.00746269 
0.166667 0.0925926 0.0555556 0.0185185 0.0185185 0.240741 0.0185185 0.0555556 0.0925926 0.0555556 0.0185185 0.0185185 0.0555556 0.0555556 0.0185185 0.0185185 
0.0875 0.0375 0.0125 0.0625 0.0625 0.0625 0.0125 0.0625 0.0375 0.1625 0.1875 0.0625 0.1125 0.0125 0.0125 0.0125 
0.125 0.0138889 0.0138889 0.0138889 0.0138889 0.0138889 0.0138889 0.0138889 0.0416667 0.0416667 0.0138889 0.0694444 0.0416667 0.0694444 0.0138889 0.486111 
0.18 0.02 0.02 0.26 0.02 0.02 0.02 0.18 0.02 0.02 0.06 0.02 0.02 0.02 0.1 0.02 
0.000905797 0.0606884 0.47192 0.0117754 0.000905797 0.000905797 0.0153986 0.00452899 0.0153986 0.000905797 0.0317029 0.000905797 0.160326 0.00996377 0.000905797 0.212862 
0.0138889 0.0138889 0.0138889 0.0138889 0.0138889 0.0138889 0.0972222 0.0138889 0.0138889 0.291667 0.152778 0.125 0.152778 0.0416667 0.0138889 0.0138889 
0.0833333 0.0277778 0.0277778 0.25 0.0277778 0.0277778 0.0833333 0.0277778 0.0277778 0.25 0.0277778 0.0277778 0.0277778 0.0277778 0.0277778 0.0277778 
0.0227273 0.0681818 0.0681818 0.204545 0.0227273 0.0681818 0.0227273 0.0681818 0.0227273 0.159091 0.0227273 0.0227273 0.0227273 0.0227273 0.113636 0.0681818 
0.414286 0.0142857 0.0142857 0.0714286 0.0428571 0.1 0.0142857 0.0142857 0.0142857 0.0428571 0.0142857 0.1 0.0714286 0.0142857 0.0428571 0.0142857 
0.0172414 0.12069 0.155172 0.0172414 0.0172414 0.0862069 0.0172414 0.0172414 0.0862069 0.0172414 0.0172414 0.0172414 0.189655 0.0172414 0.0172414 0.189655 
0.1 0.0142857 0.0428571 0.242857 0.128571 0.0428571 0.0142857 0.0428571 0.0714286 0.0142857 0.0714286 0.0714286 0.0714286 0.0428571 0.0142857 0.0142857 
0.00071736 0.00215208 0.00071736 0.027977 0.00071736 0.00932568 0.00789096 0.00071736 0.00071736 0.00645624 0.710904 0.00071736 0.172884 0.0408895 0.00502152 0.0121951 
0.0123967 0.0123967 0.00413223 0.309917 0.0123967 0.0702479 0.0454545 0.235537 0.0454545 0.00413223 0.053719 0.0785124 0.00413223 0.0289256 0.00413223 0.0785124 
0.0853659 0.0365854 0.0609756 0.0365854 0.207317 0.0121951 0.0365854 0.0121951 0.0121951 0.0121951 0.0121951 0.109756 0.0121951 0.0121951 0.0365854 0.304878 
0.256757 0.310811 0.0135135 0.0135135 0.175676 0.0135135 0.0135135 0.0135135 0.0135135 0.0675676 0.0135135 0.0405405 0.0135135 0.0135135 0.0135135 0.0135135 
0.000822368 0.000822368 0.000822368 0.0731908 0.0205592 0.000822368 0.000822368 0.0682566 0.0995066 0.0106908 0.00246711 0.321546 0.356086 0.000822368 0.0419408 0.000822368 
0.0335628 0.045611 0.0197935 0.451807 0.000860585 0.0645439 0.000860585 0.0111876 0.0611015 0.0197935 0.00258176 0.00258176 0.0335628 0.174699 0.0490534 0.0283993 
0.0034965 0.115385 0.0244755 0.0384615 0.381119 0.0174825 0.0034965 0.0104895 0.0034965 0.0104895 0.0034965 0.0104895 0.325175 0.0034965 0.0174825 0.0314685 
0.0463636 0.548182 0.0154545 0.0972727 0.00454545 0.00272727 0.00272727 0.0172727 0.01 0.00272727 0.000909091 0.0227273 0.217273 0.00454545 0.000909091 0.00636364 
0.116667 0.05 0.0166667 0.316667 0.0166667 0.0166667 0.0166667 0.0166667 0.316667 0.0166667 0.0166667 0.0166667 0.0166667 0.0166667 0.0166667 0.0166667 
0.0172414 0.0172414 0.0172414 0.293103 0.12069 0.12069 0.0172414 0.0172414 0.155172 0.0517241 0.0172414 0.0517241 0.0172414 0.0172414 0.0517241 0.0172414 
0.0263158 0.0789474 0.184211 0.0263158 0.131579 0.0263158 0.0263158 0.0263158 0.0263158 0.0263158 0.0263158 0.0789474 0.236842 0.0263158 0.0263158 0.0263158 
0.173077 0.0576923 0.134615 0.0192308 0.0576923 0.0576923 0.0192308 0.211538 0.0192308 0.0576923 0.0576923 0.0192308 0.0192308 0.0192308 0.0576923 0.0192308 
0.00985663 0.0116487 0.000896057 0.0259857 0.00985663 0.00448029 0.000896057 0.000896057 0.0922939 0.00806452 0.000896057 0.515233 0.280466 0.000896057 0.0367384 0.000896057 
0.0013587 0.0149457 0.00407609 0.72962 0.00951087 0.0013587 0.0149457 0.00679348 0.0584239 0.0013587 0.0013587 0.0013587 0.148098 0.0013587 0.00407609 0.0013587 
0.00225225 0.00225225 0.00675676 0.475225 0.146396 0.00225225 0.0157658 0.00225225 0.290541 0.00675676 0.00225225 0.0292793 0.00225225 0.00225225 0.00225225 0.0112613 
0.0138889 0.115741 0.0601852 0.236111 0.199074 0.0138889 0.087963 0.0787037 0.00462963 0.00462963 0.0416667 0.00462963 0.0138889 0.106481 0.00462963 0.0138889 
0.000980392 0.0970588 0.0186275 0.0441176 0.00882353 0.0656863 0.0637255 0.00686275 0.0107843 0.502941 0.0441176 0.000980392 0.0990196 0.0264706 0.00294118 0.00686275 
0.0689981 0.0255198 0.00283554 0.422495 0.00661626 0.00094518 0.00850662 0.00094518 0.0519849 0.010397 0.0160681 0.0482042 0.229679 0.0897921 0.0160681 0.00094518 
0.101351 0.0337838 0.00675676 0.222973 0.00675676 0.0337838 0.00675676 0.0608108 0.00675676 0.398649 0.00675676 0.0202703 0.00675676 0.00675676 0.0743243 0.00675676 
