0.004065 0.004065 0.004065 0.004065 0.004065 0.004065 0.004065 0.947154 0.012195 0.012195 
0.002809 0.002809 0.002809 0.002809 0.002809 0.002809 0.002809 0.974719 0.002809 0.002809 
0.002242 0.002242 0.002242 0.011211 0.002242 0.002242 0.002242 0.970852 0.002242 0.002242 
0.001597 0.020767 0.001597 0.001597 0.004792 0.011182 0.001597 0.931310 0.023962 0.001597 
0.000430 0.001291 0.000430 0.000430 0.000430 0.572719 0.000430 0.422978 0.000430 0.000430 
0.000220 0.000220 0.000220 0.000220 0.000220 0.760325 0.000220 0.237478 0.000659 0.000220 
0.000184 0.000184 0.000184 0.000919 0.000184 0.781721 0.000184 0.214969 0.000552 0.000919 
0.000153 0.000459 0.000459 0.000459 0.000459 0.815749 0.000765 0.180581 0.000459 0.000459 
0.000151 0.000454 0.000151 0.000151 0.000151 0.811404 0.000151 0.186177 0.001059 0.000151 
0.000445 0.000741 0.000445 0.000148 0.000148 0.814557 0.000445 0.181886 0.000741 0.000445 
0.000108 0.158993 0.000108 0.000108 0.000108 0.705901 0.000108 0.134133 0.000324 0.000108 
0.000106 0.165216 0.000106 0.000318 0.000106 0.702780 0.000318 0.130836 0.000106 0.000106 
0.000103 0.174602 0.000103 0.000103 0.000103 0.692300 0.000103 0.131339 0.001138 0.000103 
0.000092 0.271238 0.000092 0.000092 0.000092 0.615251 0.000275 0.111589 0.001007 0.000275 
0.130507 0.304339 0.000067 0.000067 0.000067 0.485492 0.000067 0.078730 0.000599 0.000067 
0.228954 0.303699 0.000054 0.000163 0.000054 0.403504 0.000271 0.062758 0.000054 0.000488 
0.228493 0.310224 0.000054 0.000268 0.000054 0.397541 0.000054 0.063097 0.000161 0.000054 
0.224421 0.305719 0.000160 0.000053 0.000053 0.402166 0.000160 0.066307 0.000907 0.000053 
0.233448 0.310411 0.000052 0.000052 0.000052 0.388837 0.000052 0.064797 0.002245 0.000052 
0.190421 0.255489 0.000040 0.000121 0.000040 0.306161 0.167578 0.047173 0.032937 0.000040 
0.177543 0.247058 0.000039 0.000039 0.000039 0.296447 0.186213 0.047337 0.045170 0.000116 
0.177213 0.248598 0.000038 0.000114 0.000114 0.295885 0.185094 0.044976 0.047628 0.000341 
0.151282 0.222710 0.000033 0.000098 0.000033 0.227979 0.172814 0.037113 0.079137 0.108802 
0.151477 0.219523 0.000033 0.000033 0.000033 0.233119 0.167740 0.039780 0.082325 0.105939 
0.142183 0.205979 0.000031 0.000216 0.000154 0.223007 0.164456 0.034705 0.103745 0.125524 
0.137368 0.196911 0.000030 0.000030 0.021413 0.203349 0.158456 0.031691 0.129452 0.121301 
0.123319 0.185892 0.000026 0.000132 0.068264 0.185839 0.138407 0.029619 0.153864 0.114637 
0.121572 0.177377 0.000343 0.000079 0.069360 0.180389 0.139698 0.029884 0.162686 0.118612 
0.117526 0.174622 0.000025 0.000025 0.082871 0.178795 0.134777 0.028574 0.172638 0.110147 
0.117241 0.170810 0.000025 0.000127 0.081443 0.176430 0.134658 0.026658 0.177899 0.114709 
0.114398 0.176495 0.000074 0.000471 0.084540 0.169700 0.136222 0.026014 0.182150 0.109935 
0.105794 0.167282 0.000023 0.034672 0.077831 0.169480 0.123375 0.026162 0.191364 0.104017 
0.106522 0.165688 0.000113 0.056072 0.075674 0.152681 0.120659 0.022153 0.197349 0.103089 
0.106492 0.167351 0.000023 0.057814 0.074145 0.154538 0.120387 0.022535 0.197171 0.099544 
0.105971 0.161942 0.000023 0.058337 0.076183 0.155633 0.121879 0.024313 0.195291 0.100428 
0.102041 0.160047 0.000022 0.069673 0.076758 0.155840 0.119310 0.022383 0.195072 0.098853 
0.102559 0.154659 0.000022 0.075000 0.075131 0.150634 0.123950 0.023031 0.196741 0.098272 
0.101603 0.158882 0.000022 0.073554 0.073161 0.156567 0.114711 0.023440 0.199515 0.098545 
0.097624 0.155008 0.021905 0.078412 0.070477 0.144107 0.110111 0.022908 0.206294 0.093155 
0.087867 0.150475 0.063846 0.072921 0.063160 0.137854 0.106970 0.021371 0.210032 0.085503 
0.084826 0.148696 0.067857 0.074282 0.062566 0.135355 0.103723 0.018537 0.214947 0.089210 
0.085770 0.149677 0.078266 0.071539 0.059675 0.130974 0.100628 0.019719 0.217427 0.086324 
0.087712 0.151546 0.079016 0.075179 0.060856 0.132363 0.094508 0.019128 0.216914 0.082779 
0.082325 0.136236 0.119305 0.068813 0.058018 0.125339 0.090237 0.017819 0.224780 0.077128 
0.082198 0.140857 0.116965 0.068546 0.056600 0.121917 0.092438 0.018923 0.221599 0.079956 
0.076819 0.136916 0.133016 0.066451 0.054685 0.122745 0.090795 0.017047 0.226395 0.075129 
0.072074 0.129558 0.157923 0.062086 0.052244 0.109555 0.088796 0.020512 0.234134 0.073119 
0.070744 0.127904 0.172796 0.063931 0.052466 0.105999 0.087997 0.017904 0.231563 0.068695 
