alpha=0.500000
beta=0.100000
ntopics=3
ndocs=42
nwords=2820
liter=100
